generation,iteration,robot,birthday,ancestor_id,ancestor_birthday,cell_id,age,sigma,maps,genomes,fitness,cells_in_map,dist_max,dist_pot_max,dist_total,com_rx,com_tx,obj_group1,obj_group2,obj_group3,obj_group4,obj_group5
0,9999,0,0,0,0,49,9999,0.100000,0,0,0.000000,0,8.000000,0.000000,15.494199,0,0,0,0,0,0,0
0,9999,1,0,1,0,49,9999,0.100000,0,0,0.000000,0,9.000000,0.000000,11.272754,0,0,0,0,0,0,0
0,9999,2,0,2,0,49,9999,0.100000,0,0,0.000000,0,9.000000,0.000000,10.240084,0,0,0,0,0,0,0
0,9999,3,0,3,0,49,9999,0.100000,0,0,0.000000,0,7.000000,0.000000,18.959212,0,0,0,0,0,0,0
0,9999,4,0,4,0,49,9999,0.100000,0,0,0.000000,0,9.000000,0.000000,19.991568,0,0,0,0,0,0,0
0,9999,5,0,5,0,49,9999,0.100000,0,0,0.000000,0,8.000000,0.000000,12.783772,0,0,0,0,0,0,0
0,9999,6,0,6,0,49,9999,0.100000,0,0,0.000000,0,9.000000,0.000000,19.739614,0,0,0,0,0,0,0
0,9999,7,0,7,0,49,9999,0.100000,0,0,0.000000,0,5.000000,0.000000,12.200842,0,0,0,0,0,0,0
0,9999,8,0,8,0,49,9999,0.100000,0,0,0.000000,0,7.000000,0.000000,17.426881,0,0,0,0,0,0,0
0,9999,9,0,9,0,49,9999,0.100000,0,0,0.000000,0,1.000000,0.000000,14.378413,0,0,0,0,0,0,0
0,9999,10,0,10,0,49,9999,0.100000,0,0,0.000000,0,10.000000,0.000000,16.499522,0,0,0,0,0,0,0
0,9999,11,0,11,0,49,9999,0.100000,0,0,0.000000,0,2.000000,0.000000,3.776065,0,0,0,0,0,0,0
0,9999,12,0,12,0,49,9999,0.100000,0,0,0.000000,0,9.000000,0.000000,24.324382,0,0,0,0,0,0,0
0,9999,13,0,13,0,49,9999,0.100000,0,0,0.000000,0,11.000000,0.000000,29.673602,0,0,0,0,0,0,0
0,9999,14,0,14,0,49,9999,0.100000,0,0,0.000000,0,11.000000,0.000000,15.921323,0,0,0,0,0,0,0
0,9999,15,0,15,0,49,9999,0.100000,0,0,0.000000,0,1.000000,0.000000,10.716885,0,0,0,0,0,0,0
0,9999,16,0,16,0,49,9999,0.100000,0,0,0.000000,0,8.000000,0.000000,13.046731,0,0,0,0,0,0,0
0,9999,17,0,17,0,49,9999,0.100000,0,0,0.000000,0,10.000000,0.000000,31.957514,0,0,0,0,0,0,0
0,9999,18,0,18,0,49,9999,0.100000,0,0,0.000000,0,11.000000,0.000000,14.436905,0,0,0,0,0,0,0
0,9999,19,0,19,0,49,9999,0.100000,0,0,0.000000,0,9.000000,0.000000,23.209626,0,0,0,0,0,0,0
0,9999,20,0,20,0,99,9999,0.100000,0,0,47.368421,0,8.000000,0.000000,16.196300,0,0,1,0,0,0,0
0,9999,21,0,21,0,49,9999,0.100000,0,0,0.000000,0,10.000000,0.000000,13.943079,0,0,0,0,0,0,0
0,9999,22,0,22,0,49,9999,0.100000,0,0,0.000000,0,3.000000,0.000000,5.781386,0,0,0,0,0,0,0
0,9999,23,0,23,0,49,9999,0.100000,0,0,0.000000,0,9.000000,0.000000,11.572264,0,0,0,0,0,0,0
0,9999,24,0,24,0,49,9999,0.100000,0,0,0.000000,0,9.000000,0.000000,14.871705,0,0,0,0,0,0,0
0,9999,25,0,25,0,49,9999,0.100000,0,0,0.000000,0,9.000000,0.000000,25.436377,0,0,0,0,0,0,0
0,9999,26,0,26,0,49,9999,0.100000,0,0,0.000000,0,3.000000,0.000000,3.888276,0,0,0,0,0,0,0
0,9999,27,0,27,0,49,9999,0.100000,0,0,0.000000,0,11.000000,0.000000,12.534376,0,0,0,0,0,0,0
0,9999,28,0,28,0,49,9999,0.100000,0,0,0.000000,0,4.000000,0.000000,11.506001,0,0,0,0,0,0,0
0,9999,29,0,29,0,49,9999,0.100000,0,0,0.000000,0,10.000000,0.000000,12.153628,0,0,0,0,0,0,0
0,9999,30,0,30,0,49,9999,0.100000,0,0,0.000000,0,3.000000,0.000000,15.231759,0,0,0,0,0,0,0
0,9999,31,0,31,0,49,9999,0.100000,0,0,0.000000,0,9.000000,0.000000,14.840330,0,0,0,0,0,0,0
0,9999,32,0,32,0,49,9999,0.100000,0,0,0.000000,0,4.000000,0.000000,15.897858,0,0,0,0,0,0,0
0,9999,33,0,33,0,49,9999,0.100000,0,0,0.000000,0,6.000000,0.000000,6.759084,0,0,0,0,0,0,0
0,9999,34,0,34,0,49,9999,0.100000,0,0,0.000000,0,9.000000,0.000000,11.061711,0,0,0,0,0,0,0
0,9999,35,0,35,0,49,9999,0.100000,0,0,0.000000,0,9.000000,0.000000,10.840978,0,0,0,0,0,0,0
0,9999,36,0,36,0,49,9999,0.100000,0,0,0.000000,0,2.000000,0.000000,10.684090,0,0,0,0,0,0,0
0,9999,37,0,37,0,49,9999,0.100000,0,0,0.000000,0,9.000000,0.000000,12.440234,0,0,0,0,0,0,0
0,9999,38,0,38,0,49,9999,0.100000,0,0,0.000000,0,6.000000,0.000000,14.863505,0,0,0,0,0,0,0
0,9999,39,0,39,0,49,9999,0.100000,0,0,0.000000,0,8.000000,0.000000,9.575813,0,0,0,0,0,0,0
0,9999,40,0,40,0,49,9999,0.100000,0,0,0.000000,0,10.000000,0.000000,10.911483,0,0,0,0,0,0,0
0,9999,41,0,41,0,49,9999,0.100000,0,0,0.000000,0,7.000000,0.000000,12.350228,0,0,0,0,0,0,0
0,9999,42,0,42,0,49,9999,0.100000,0,0,0.000000,0,3.000000,0.000000,11.039778,0,0,0,0,0,0,0
0,9999,43,0,43,0,49,9999,0.100000,0,0,0.000000,0,9.000000,0.000000,15.823203,0,0,0,0,0,0,0
0,9999,44,0,44,0,49,9999,0.100000,0,0,0.000000,0,5.000000,0.000000,13.040917,0,0,0,0,0,0,0
0,9999,45,0,45,0,49,9999,0.100000,0,0,0.000000,0,4.000000,0.000000,12.704686,0,0,0,0,0,0,0
0,9999,46,0,46,0,49,9999,0.100000,0,0,0.000000,0,9.000000,0.000000,20.327003,0,0,0,0,0,0,0
0,9999,47,0,47,0,49,9999,0.100000,0,0,0.000000,0,10.000000,0.000000,22.119116,0,0,0,0,0,0,0
0,9999,48,0,48,0,49,9999,0.100000,0,0,0.000000,0,9.000000,0.000000,11.449057,0,0,0,0,0,0,0
0,9999,49,0,49,0,49,9999,0.100000,0,0,0.000000,0,3.000000,0.000000,12.285187,0,0,0,0,0,0,0
0,9999,50,0,50,0,49,9999,0.100000,0,0,0.000000,0,6.000000,0.000000,13.103886,0,0,0,0,0,0,0
0,9999,51,0,51,0,49,9999,0.100000,0,0,0.000000,0,9.000000,0.000000,20.993588,0,0,0,0,0,0,0
0,9999,52,0,52,0,49,9999,0.100000,0,0,0.000000,0,7.000000,0.000000,9.655465,0,0,0,0,0,0,0
0,9999,53,0,53,0,49,9999,0.100000,0,0,0.000000,0,9.000000,0.000000,10.420542,0,0,0,0,0,0,0
0,9999,54,0,54,0,49,9999,0.100000,0,0,0.000000,0,10.000000,0.000000,17.541687,0,0,0,0,0,0,0
0,9999,55,0,55,0,49,9999,0.100000,0,0,0.000000,0,3.000000,0.000000,18.242442,0,0,0,0,0,0,0
0,9999,56,0,56,0,49,9999,0.100000,0,0,0.000000,0,4.000000,0.000000,18.083985,0,0,0,0,0,0,0
0,9999,57,0,57,0,49,9999,0.100000,0,0,0.000000,0,2.000000,0.000000,9.074503,0,0,0,0,0,0,0
0,9999,58,0,58,0,49,9999,0.100000,0,0,0.000000,0,7.000000,0.000000,11.323367,0,0,0,0,0,0,0
0,9999,59,0,59,0,49,9999,0.100000,0,0,0.000000,0,3.000000,0.000000,10.233415,0,0,0,0,0,0,0
0,9999,60,0,60,0,49,9999,0.100000,0,0,0.000000,0,2.000000,0.000000,14.785787,0,0,0,0,0,0,0
0,9999,61,0,61,0,49,9999,0.100000,0,0,0.000000,0,5.000000,0.000000,18.621733,0,0,0,0,0,0,0
0,9999,62,0,62,0,49,9999,0.100000,0,0,0.000000,0,11.000000,0.000000,16.517443,0,0,0,0,0,0,0
0,9999,63,0,63,0,49,9999,0.100000,0,0,0.000000,0,6.000000,0.000000,25.085923,0,0,0,0,0,0,0
0,9999,64,0,64,0,49,9999,0.100000,0,0,0.000000,0,6.000000,0.000000,16.083815,0,0,0,0,0,0,0
0,9999,65,0,65,0,49,9999,0.100000,0,0,0.000000,0,7.000000,0.000000,7.788897,0,0,0,0,0,0,0
0,9999,66,0,66,0,49,9999,0.100000,0,0,0.000000,0,4.000000,0.000000,7.182607,0,0,0,0,0,0,0
0,9999,67,0,67,0,49,9999,0.100000,0,0,0.000000,0,8.000000,0.000000,12.616670,0,0,0,0,0,0,0
0,9999,68,0,68,0,49,9999,0.100000,0,0,0.000000,0,6.000000,0.000000,10.691061,0,0,0,0,0,0,0
0,9999,69,0,69,0,49,9999,0.100000,0,0,0.000000,0,3.000000,0.000000,14.684978,0,0,0,0,0,0,0
0,9999,70,0,70,0,49,9999,0.100000,0,0,0.000000,0,8.000000,0.000000,11.073050,0,0,0,0,0,0,0
0,9999,71,0,71,0,49,9999,0.100000,0,0,0.000000,0,13.000000,0.000000,23.973580,0,0,0,0,0,0,0
0,9999,72,0,72,0,49,9999,0.100000,0,0,0.000000,0,11.000000,0.000000,13.727429,0,0,0,0,0,0,0
0,9999,73,0,73,0,49,9999,0.100000,0,0,0.000000,0,8.000000,0.000000,8.806043,0,0,0,0,0,0,0
0,9999,74,0,74,0,49,9999,0.100000,0,0,0.000000,0,2.000000,0.000000,11.681587,0,0,0,0,0,0,0
0,9999,75,0,75,0,49,9999,0.100000,0,0,0.000000,0,5.000000,0.000000,9.685017,0,0,0,0,0,0,0
0,9999,76,0,76,0,49,9999,0.100000,0,0,0.000000,0,9.000000,0.000000,26.204333,0,0,0,0,0,0,0
0,9999,77,0,77,0,49,9999,0.100000,0,0,0.000000,0,9.000000,0.000000,17.172101,0,0,0,0,0,0,0
0,9999,78,0,78,0,49,9999,0.100000,0,0,0.000000,0,5.000000,0.000000,11.167656,0,0,0,0,0,0,0
0,9999,79,0,79,0,49,9999,0.100000,0,0,0.000000,0,4.000000,0.000000,11.122318,0,0,0,0,0,0,0
0,9999,80,0,80,0,49,9999,0.100000,0,0,0.000000,0,5.000000,0.000000,7.071175,0,0,0,0,0,0,0
0,9999,81,0,81,0,49,9999,0.100000,0,0,0.000000,0,10.000000,0.000000,14.562146,0,0,0,0,0,0,0
0,9999,82,0,82,0,49,9999,0.100000,0,0,0.000000,0,12.000000,0.000000,23.800592,0,0,0,0,0,0,0
0,9999,83,0,83,0,49,9999,0.100000,0,0,0.000000,0,9.000000,0.000000,14.331090,0,0,0,0,0,0,0
0,9999,84,0,84,0,49,9999,0.100000,0,0,0.000000,0,5.000000,0.000000,11.384045,0,0,0,0,0,0,0
0,9999,85,0,85,0,49,9999,0.100000,0,0,0.000000,0,10.000000,0.000000,14.973219,0,0,0,0,0,0,0
0,9999,86,0,86,0,49,9999,0.100000,0,0,0.000000,0,5.000000,0.000000,9.768463,0,0,0,0,0,0,0
0,9999,87,0,87,0,49,9999,0.100000,0,0,0.000000,0,9.000000,0.000000,11.722008,0,0,0,0,0,0,0
0,9999,88,0,88,0,49,9999,0.100000,0,0,0.000000,0,10.000000,0.000000,11.078910,0,0,0,0,0,0,0
0,9999,89,0,89,0,49,9999,0.100000,0,0,0.000000,0,6.000000,0.000000,6.859175,0,0,0,0,0,0,0
0,9999,90,0,90,0,49,9999,0.100000,0,0,0.000000,0,10.000000,0.000000,11.274835,0,0,0,0,0,0,0
0,9999,91,0,91,0,49,9999,0.100000,0,0,0.000000,0,10.000000,0.000000,15.535574,0,0,0,0,0,0,0
0,9999,92,0,92,0,49,9999,0.100000,0,0,0.000000,0,4.000000,0.000000,10.592987,0,0,0,0,0,0,0
0,9999,93,0,93,0,49,9999,0.100000,0,0,0.000000,0,5.000000,0.000000,7.924739,0,0,0,0,0,0,0
0,9999,94,0,94,0,49,9999,0.100000,0,0,0.000000,0,5.000000,0.000000,8.929934,0,0,0,0,0,0,0
0,9999,95,0,95,0,49,9999,0.100000,0,0,0.000000,0,2.000000,0.000000,13.267705,0,0,0,0,0,0,0
0,9999,96,0,96,0,49,9999,0.100000,0,0,0.000000,0,8.000000,0.000000,13.879671,0,0,0,0,0,0,0
0,9999,97,0,97,0,49,9999,0.100000,0,0,0.000000,0,11.000000,0.000000,25.489760,0,0,0,0,0,0,0
0,9999,98,0,98,0,49,9999,0.100000,0,0,0.000000,0,1.000000,0.000000,9.658831,0,0,0,0,0,0,0
0,9999,99,0,99,0,49,9999,0.100000,0,0,0.000000,0,4.000000,0.000000,10.714261,0,0,0,0,0,0,0
1,19999,0,10000,0,0,40,9999,0.100000,0,0,0.000000,3,0.000000,0.000000,0.744321,0,0,0,0,0,0,0
1,19999,1,10000,0,0,40,9999,0.100000,0,0,0.000000,3,0.000000,0.000000,0.184088,0,0,0,0,0,0,0
1,19999,2,10000,72,0,40,9999,0.100000,0,0,0.000000,2,0.000000,0.000000,0.479030,0,0,0,0,0,0,0
1,19999,3,10000,72,0,40,9999,0.100000,0,0,0.000000,3,0.000000,0.000000,0.142514,0,0,0,0,0,0,0
1,19999,4,10000,72,0,40,9999,0.100000,0,0,0.000000,3,0.000000,0.000000,0.922632,0,0,0,0,0,0,0
1,19999,5,10000,0,0,40,9999,0.100000,0,0,0.000000,3,0.000000,0.000000,2.884832,0,0,0,0,0,0,0
1,19999,6,10000,72,0,40,9999,0.100000,0,0,0.000000,3,0.000000,0.000000,0.135995,0,0,0,0,0,0,0
1,19999,7,10000,7,0,49,9999,0.100000,0,0,0.000000,1,8.000000,0.000000,16.227691,0,0,0,0,0,0,0
1,19999,8,10000,0,0,40,9999,0.100000,0,0,0.000000,3,0.000000,0.000000,1.142409,0,0,0,0,0,0,0
1,19999,9,10000,2,0,49,9999,0.100000,0,0,0.000000,3,2.000000,0.000000,8.936345,0,0,0,0,0,0,0
1,19999,10,10000,0,0,49,9999,0.100000,0,0,0.000000,3,1.000000,0.000000,2.875624,0,0,0,0,0,0,0
1,19999,11,10000,20,0,40,9999,0.100000,0,0,0.000000,3,0.000000,0.000000,2.562090,0,0,0,0,0,0,0
1,19999,12,10000,0,0,49,9999,0.100000,0,0,0.000000,3,1.000000,0.000000,5.664483,0,0,0,0,0,0,0
1,19999,13,0,13,0,49,19999,0.100000,0,0,0.000000,2,1.000000,0.000000,19.187866,0,0,0,0,0,0,0
1,19999,14,10000,72,0,49,9999,0.100000,0,0,0.000000,3,3.000000,0.000000,16.103814,0,0,0,0,0,0,0
1,19999,15,10000,72,0,40,9999,0.100000,0,0,0.000000,3,0.000000,0.000000,0.122469,0,0,0,0,0,0,0
1,19999,16,0,16,0,49,19999,0.100000,0,0,0.000000,2,1.000000,0.000000,6.613410,0,0,0,0,0,0,0
1,19999,17,10000,7,0,40,9999,0.100000,0,0,0.000000,1,0.000000,0.000000,22.353707,0,0,0,0,0,0,0
1,19999,18,10000,0,0,49,9999,0.100000,0,0,0.000000,3,2.000000,0.000000,6.254561,0,0,0,0,0,0,0
1,19999,19,10000,2,0,49,9999,0.100000,0,0,0.000000,3,1.000000,0.000000,16.703267,0,0,0,0,0,0,0
1,19999,20,10000,0,0,40,9999,0.100000,0,0,0.000000,3,0.000000,0.000000,0.096602,0,0,0,0,0,0,0
1,19999,21,10000,0,0,40,9999,0.100000,0,0,0.000000,3,0.000000,0.000000,0.680031,0,0,0,0,0,0,0
1,19999,22,10000,2,0,40,9999,0.100000,0,0,0.000000,3,0.000000,0.000000,1.750903,0,0,0,0,0,0,0
1,19999,23,10000,72,0,40,9999,0.100000,0,0,0.000000,2,0.000000,0.000000,0.914326,0,0,0,0,0,0,0
1,19999,24,0,24,0,9,19999,0.100000,0,0,0.000000,2,1.000000,0.000000,2.324314,0,0,0,1,0,0,0
1,19999,25,10000,72,0,40,9999,0.100000,0,0,0.000000,3,0.000000,0.000000,14.540865,0,0,0,0,0,0,0
1,19999,26,10000,0,0,40,9999,0.100000,0,0,0.000000,3,0.000000,0.000000,1.049552,0,0,0,0,0,0,0
1,19999,27,10000,72,0,49,9999,0.100000,0,0,0.000000,3,1.000000,0.000000,6.054904,0,0,0,0,0,0,0
1,19999,28,10000,72,0,40,9999,0.100000,0,0,0.000000,3,0.000000,0.000000,5.968517,0,0,0,0,0,0,0
1,19999,29,10000,72,0,40,9999,0.100000,0,0,0.000000,3,0.000000,0.000000,0.228042,0,0,0,0,0,0,0
1,19999,30,10000,20,0,40,9999,0.100000,0,0,0.000000,3,0.000000,0.000000,18.447559,0,0,0,0,0,0,0
1,19999,31,0,31,0,40,19999,0.100000,0,0,0.000000,2,0.000000,0.000000,4.066690,0,0,0,0,0,0,0
1,19999,32,10000,20,0,49,9999,0.100000,0,0,0.000000,3,2.000000,0.000000,13.567985,0,0,0,0,0,0,0
1,19999,33,10000,2,0,40,9999,0.100000,0,0,0.000000,3,0.000000,0.000000,0.423247,0,0,0,0,0,0,0
1,19999,34,10000,2,0,40,9999,0.100000,0,0,0.000000,2,0.000000,0.000000,0.305755,0,0,0,0,0,0,0
1,19999,35,10000,72,0,40,9999,0.100000,0,0,0.000000,3,0.000000,0.000000,0.210311,0,0,0,0,0,0,0
1,19999,36,10000,72,0,49,9999,0.100000,0,0,0.000000,3,1.000000,0.000000,10.870490,0,0,0,0,0,0,0
1,19999,37,10000,72,0,40,9999,0.100000,0,0,0.000000,3,0.000000,0.000000,1.791521,0,0,0,0,0,0,0
1,19999,38,0,38,0,40,19999,0.100000,0,0,0.000000,3,0.000000,0.000000,0.128639,0,0,0,0,0,0,0
1,19999,39,10000,72,0,40,9999,0.100000,0,0,0.000000,3,0.000000,0.000000,0.091914,0,0,0,0,0,0,0
1,19999,40,10000,2,0,40,9999,0.100000,0,0,0.000000,2,0.000000,0.000000,0.845882,0,0,0,0,0,0,0
1,19999,41,10000,72,0,40,9999,0.100000,0,0,0.000000,3,0.000000,0.000000,0.103126,0,0,0,0,0,0,0
1,19999,42,0,42,0,40,19999,0.100000,0,0,0.000000,3,0.000000,0.000000,0.948467,0,0,0,0,0,0,0
1,19999,43,10000,24,0,40,9999,0.100000,0,0,0.000000,2,0.000000,0.000000,1.340648,0,0,0,0,0,0,0
1,19999,44,0,44,0,49,19999,0.100000,0,0,0.000000,3,1.000000,0.000000,9.575065,0,0,0,0,0,0,0
1,19999,45,10000,20,0,49,9999,0.100000,0,0,0.000000,3,2.000000,0.000000,10.990063,0,0,0,0,0,0,0
1,19999,46,10000,2,0,49,9999,0.100000,0,0,0.000000,2,2.000000,0.000000,6.751608,0,0,0,0,0,0,0
1,19999,47,10000,72,0,49,9999,0.100000,0,0,0.000000,3,4.000000,0.000000,15.732480,0,0,0,0,0,0,0
1,19999,48,10000,20,0,49,9999,0.100000,0,0,0.000000,3,5.000000,0.000000,12.520463,0,0,0,0,0,0,0
1,19999,49,10000,72,0,40,9999,0.100000,0,0,0.000000,2,0.000000,0.000000,0.157788,0,0,0,0,0,0,0
1,19999,50,10000,20,0,40,9999,0.100000,0,0,0.000000,3,0.000000,0.000000,0.280431,0,0,0,0,0,0,0
1,19999,51,10000,24,0,49,9999,0.100000,0,0,0.000000,2,2.000000,0.000000,8.124794,0,0,0,0,0,0,0
1,19999,52,10000,72,0,40,9999,0.100000,0,0,0.000000,3,0.000000,0.000000,0.748881,0,0,0,0,0,0,0
1,19999,53,10000,72,0,40,9999,0.100000,0,0,0.000000,3,0.000000,0.000000,0.783864,0,0,0,0,0,0,0
1,19999,54,10000,20,0,49,9999,0.100000,0,0,0.000000,3,2.000000,0.000000,17.317033,0,0,0,0,0,0,0
1,19999,55,10000,0,0,49,9999,0.100000,0,0,0.000000,3,2.000000,0.000000,9.138613,0,0,0,0,0,0,0
1,19999,56,0,56,0,49,19999,0.100000,0,0,0.000000,2,1.000000,0.000000,12.506948,0,0,0,0,0,0,0
1,19999,57,10000,72,0,49,9999,0.100000,0,0,0.000000,3,1.000000,0.000000,10.562872,0,0,0,0,0,0,0
1,19999,58,10000,20,0,40,9999,0.100000,0,0,0.000000,3,0.000000,0.000000,0.946849,0,0,0,0,0,0,0
1,19999,59,0,59,0,49,19999,0.100000,0,0,0.000000,3,1.000000,0.000000,10.694254,0,0,0,0,0,0,0
1,19999,60,10000,72,0,49,9999,0.100000,0,0,0.000000,3,1.000000,0.000000,5.059059,0,0,0,0,0,0,0
1,19999,61,10000,0,0,49,9999,0.100000,0,0,0.000000,3,4.000000,0.000000,25.594399,0,0,0,0,0,0,0
1,19999,62,10000,72,0,49,9999,0.100000,0,0,0.000000,2,2.000000,0.000000,7.311473,0,0,0,0,0,0,0
1,19999,63,10000,0,0,40,9999,0.100000,0,0,0.000000,3,0.000000,0.000000,14.888282,0,0,0,0,0,0,0
1,19999,64,10000,72,0,40,9999,0.100000,0,0,0.000000,3,0.000000,0.000000,2.540484,0,0,0,0,0,0,0
1,19999,65,10000,20,0,40,9999,0.100000,0,0,0.000000,3,0.000000,0.000000,0.133786,0,0,0,0,0,0,0
1,19999,66,10000,0,0,40,9999,0.100000,0,0,0.000000,3,0.000000,0.000000,0.816166,0,0,0,0,0,0,0
1,19999,67,10000,20,0,40,9999,0.100000,0,0,0.000000,3,0.000000,0.000000,4.584697,0,0,0,0,0,0,0
1,19999,68,10000,72,0,49,9999,0.100000,0,0,0.000000,3,1.000000,0.000000,5.371638,0,0,0,0,0,0,0
1,19999,69,10000,72,0,40,9999,0.100000,0,0,0.000000,3,0.000000,0.000000,0.146835,0,0,0,0,0,0,0
1,19999,70,0,70,0,40,19999,0.100000,0,0,0.000000,2,0.000000,0.000000,0.220241,0,0,0,0,0,0,0
1,19999,71,10000,0,0,40,9999,0.100000,0,0,0.000000,3,0.000000,0.000000,2.459822,0,0,0,0,0,0,0
1,19999,72,10000,7,0,40,9999,0.100000,0,0,0.000000,2,0.000000,0.000000,0.105701,0,0,0,0,0,0,0
1,19999,73,10000,72,0,40,9999,0.100000,0,0,0.000000,3,0.000000,0.000000,1.052357,0,0,0,0,0,0,0
1,19999,74,10000,20,0,49,9999,0.100000,0,0,0.000000,3,1.000000,0.000000,10.001684,0,0,0,0,0,0,0
1,19999,75,10000,72,0,49,9999,0.100000,0,0,0.000000,3,2.000000,0.000000,6.967231,0,0,0,0,0,0,0
1,19999,76,10000,0,0,49,9999,0.100000,0,0,0.000000,3,3.000000,0.000000,8.088171,0,0,0,0,0,0,0
1,19999,77,0,77,0,40,19999,0.100000,0,0,0.000000,3,0.000000,0.000000,7.143976,0,0,0,0,0,0,0
1,19999,78,10000,7,0,49,9999,0.100000,0,0,0.000000,2,2.000000,0.000000,10.301097,0,0,0,0,0,0,0
1,19999,79,10000,72,0,49,9999,0.100000,0,0,0.000000,3,3.000000,0.000000,10.176187,0,0,0,0,0,0,0
1,19999,80,10000,72,0,40,9999,0.100000,0,0,0.000000,2,0.000000,0.000000,0.514274,0,0,0,0,0,0,0
1,19999,81,10000,0,0,49,9999,0.100000,0,0,0.000000,3,3.000000,0.000000,13.493258,0,0,0,0,0,0,0
1,19999,82,10000,20,0,49,9999,0.100000,0,0,0.000000,3,2.000000,0.000000,14.669441,0,0,0,0,0,0,0
1,19999,83,10000,20,0,40,9999,0.100000,0,0,0.000000,3,0.000000,0.000000,0.252879,0,0,0,0,0,0,0
1,19999,84,10000,0,0,40,9999,0.100000,0,0,0.000000,3,0.000000,0.000000,1.357905,0,0,0,0,0,0,0
1,19999,85,10000,0,0,40,9999,0.100000,0,0,0.000000,3,0.000000,0.000000,2.547780,0,0,0,0,0,0,0
1,19999,86,10000,0,0,40,9999,0.100000,0,0,0.000000,3,0.000000,0.000000,0.573564,0,0,0,0,0,0,0
1,19999,87,10000,2,0,40,9999,0.100000,0,0,0.000000,2,0.000000,0.000000,0.072410,0,0,0,0,0,0,0
1,19999,88,10000,72,0,40,9999,0.100000,0,0,0.000000,3,0.000000,0.000000,0.173105,0,0,0,0,0,0,0
1,19999,89,10000,0,0,40,9999,0.100000,0,0,0.000000,3,0.000000,0.000000,0.269205,0,0,0,0,0,0,0
1,19999,90,10000,72,0,49,9999,0.100000,0,0,0.000000,3,1.000000,0.000000,1.583200,0,0,0,0,0,0,0
1,19999,91,10000,20,0,49,9999,0.100000,0,0,0.000000,3,1.000000,0.000000,2.996562,0,0,0,0,0,0,0
1,19999,92,10000,0,0,49,9999,0.100000,0,0,0.000000,3,1.000000,0.000000,3.619843,0,0,0,0,0,0,0
1,19999,93,10000,72,0,40,9999,0.100000,0,0,0.000000,3,0.000000,0.000000,1.736877,0,0,0,0,0,0,0
1,19999,94,10000,20,0,49,9999,0.100000,0,0,0.000000,3,2.000000,0.000000,14.217864,0,0,0,0,0,0,0
1,19999,95,10000,0,0,49,9999,0.100000,0,0,0.000000,3,2.000000,0.000000,9.810674,0,0,0,0,0,0,0
1,19999,96,10000,2,0,40,9999,0.100000,0,0,0.000000,3,0.000000,0.000000,0.091006,0,0,0,0,0,0,0
1,19999,97,10000,72,0,40,9999,0.100000,0,0,0.000000,2,0.000000,0.000000,0.244721,0,0,0,0,0,0,0
1,19999,98,10000,72,0,40,9999,0.100000,0,0,0.000000,3,0.000000,0.000000,8.065808,0,0,0,0,0,0,0
1,19999,99,10000,20,0,49,9999,0.100000,0,0,0.000000,3,2.000000,0.000000,11.952183,0,0,0,0,0,0,0
2,29999,0,20000,1,10000,40,9999,0.100000,0,0,0.000000,6,0.000000,0.000000,0.669493,0,0,0,0,0,0,0
2,29999,1,20000,72,0,49,9999,0.100000,0,0,0.000000,4,2.000000,0.000000,16.470630,0,0,0,0,0,0,0
2,29999,2,20000,72,10000,40,9999,0.100000,0,0,0.000000,6,0.000000,0.000000,0.239326,0,0,0,0,0,0,0
2,29999,3,20000,20,0,40,9999,0.100000,0,0,0.000000,4,0.000000,0.000000,0.101387,0,0,0,0,0,0,0
2,29999,4,20000,7,10000,40,9999,0.100000,0,0,0.000000,5,0.000000,0.000000,0.936692,0,0,0,0,0,0,0
2,29999,5,20000,0,0,40,9999,0.100000,0,0,0.000000,5,0.000000,0.000000,2.883482,0,0,0,0,0,0,0
2,29999,6,20000,72,0,40,9999,0.100000,0,0,0.000000,5,0.000000,0.000000,0.132678,0,0,0,0,0,0,0
2,29999,7,20000,1,10000,49,9999,0.100000,0,0,0.000000,5,5.000000,0.000000,9.568842,0,0,0,0,0,0,0
2,29999,8,20000,4,10000,40,9999,0.100000,0,0,0.000000,6,0.000000,0.000000,2.165198,0,0,0,0,0,0,0
2,29999,9,20000,4,10000,49,9999,0.100000,0,0,0.000000,5,1.000000,0.000000,13.575998,0,0,0,0,0,0,0
2,29999,10,20000,7,10000,40,9999,0.100000,0,0,0.000000,6,0.000000,0.000000,4.085966,0,0,0,0,0,0,0
2,29999,11,20000,4,10000,49,9999,0.100000,0,0,0.000000,6,1.000000,0.000000,19.940756,0,0,0,0,0,0,0
2,29999,12,20000,20,0,40,9999,0.100000,0,0,0.000000,5,0.000000,0.000000,1.670104,0,0,0,0,0,0,0
2,29999,13,20000,20,0,40,9999,0.100000,0,0,0.000000,6,0.000000,0.000000,8.994470,0,0,0,0,0,0,0
2,29999,14,20000,7,10000,49,9999,0.100000,0,0,0.000000,5,3.000000,0.000000,8.196733,0,0,0,0,0,0,0
2,29999,15,20000,7,10000,40,9999,0.100000,0,0,0.000000,5,0.000000,0.000000,0.136657,0,0,0,0,0,0,0
2,29999,16,20000,4,10000,49,9999,0.100000,0,0,0.000000,6,2.000000,0.000000,8.354174,0,0,0,0,0,0,0
2,29999,17,20000,7,10000,40,9999,0.100000,0,0,0.000000,5,0.000000,0.000000,22.773080,0,0,0,0,0,0,0
2,29999,18,20000,0,10000,40,9999,0.100000,0,0,0.000000,6,0.000000,0.000000,3.215776,0,0,0,0,0,0,0
2,29999,19,20000,0,0,40,9999,0.100000,0,0,0.000000,6,0.000000,0.000000,1.592039,0,0,0,0,0,0,0
2,29999,20,20000,0,0,40,9999,0.100000,0,0,0.000000,5,0.000000,0.000000,0.096087,0,0,0,0,0,0,0
2,29999,21,20000,7,10000,40,9999,0.100000,0,0,0.000000,5,0.000000,0.000000,0.977335,0,0,0,0,0,0,0
2,29999,22,20000,0,10000,40,9999,0.100000,0,0,0.000000,6,0.000000,0.000000,0.188084,0,0,0,0,0,0,0
2,29999,23,20000,7,10000,40,9999,0.100000,0,0,0.000000,5,0.000000,0.000000,3.631411,0,0,0,0,0,0,0
2,29999,24,20000,0,0,40,9999,0.100000,0,0,0.000000,6,0.000000,0.000000,0.958789,0,0,0,0,0,0,0
2,29999,25,20000,4,10000,40,9999,0.100000,0,0,0.000000,5,0.000000,0.000000,15.728355,0,0,0,0,0,0,0
2,29999,26,20000,1,10000,40,9999,0.100000,0,0,0.000000,5,0.000000,0.000000,0.309359,0,0,0,0,0,0,0
2,29999,27,20000,1,10000,49,9999,0.100000,0,0,0.000000,5,1.000000,0.000000,3.689808,0,0,0,0,0,0,0
2,29999,28,20000,20,0,49,9999,0.100000,0,0,0.000000,5,2.000000,0.000000,9.606732,0,0,0,0,0,0,0
2,29999,29,20000,20,0,40,9999,0.100000,0,0,0.000000,6,0.000000,0.000000,0.258207,0,0,0,0,0,0,0
2,29999,30,20000,7,10000,40,9999,0.100000,0,0,0.000000,6,0.000000,0.000000,22.381026,0,0,0,0,0,0,0
2,29999,31,20000,0,0,49,9999,0.100000,0,0,0.000000,6,3.000000,0.000000,10.017330,0,0,0,0,0,0,0
2,29999,32,20000,1,10000,49,9999,0.100000,0,0,0.000000,4,3.000000,0.000000,18.662961,0,0,0,0,0,0,0
2,29999,33,20000,0,10000,40,9999,0.100000,0,0,0.000000,6,0.000000,0.000000,0.414968,0,0,0,0,0,0,0
2,29999,34,20000,72,10000,40,9999,0.100000,0,0,0.000000,6,0.000000,0.000000,0.200456,0,0,0,0,0,0,0
2,29999,35,20000,1,10000,40,9999,0.100000,0,0,0.000000,6,0.000000,0.000000,0.211297,0,0,0,0,0,0,0
2,29999,36,20000,7,10000,40,9999,0.100000,0,0,0.000000,5,0.000000,0.000000,0.420767,0,0,0,0,0,0,0
2,29999,37,20000,0,0,40,9999,0.100000,0,0,0.000000,6,0.000000,0.000000,0.870380,0,0,0,0,0,0,0
2,29999,38,20000,0,0,40,9999,0.100000,0,0,0.000000,6,0.000000,0.000000,0.091529,0,0,0,0,0,0,0
2,29999,39,20000,4,10000,40,9999,0.135000,0,0,0.000000,5,0.000000,0.000000,0.082119,0,0,0,0,0,0,0
2,29999,40,20000,0,0,40,9999,0.100000,0,0,0.000000,6,0.000000,0.000000,0.984869,0,0,0,0,0,0,0
2,29999,41,20000,4,10000,40,9999,0.100000,0,0,0.000000,5,0.000000,0.000000,0.092554,0,0,0,0,0,0,0
2,29999,42,20000,7,10000,40,9999,0.100000,0,0,0.000000,6,0.000000,0.000000,0.425821,0,0,0,0,0,0,0
2,29999,43,20000,20,0,40,9999,0.100000,0,0,0.000000,5,0.000000,0.000000,0.757812,0,0,0,0,0,0,0
2,29999,44,20000,1,10000,49,9999,0.100000,0,0,0.000000,5,9.000000,0.000000,21.253501,0,0,0,0,0,0,0
2,29999,45,20000,4,10000,49,9999,0.100000,0,0,0.000000,5,1.000000,0.000000,10.639293,0,0,0,0,0,0,0
2,29999,46,20000,7,10000,40,9999,0.100000,0,0,0.000000,5,0.000000,0.000000,1.684616,0,0,0,0,0,0,0
2,29999,47,20000,20,0,49,9999,0.100000,0,0,0.000000,5,2.000000,0.000000,19.058056,0,0,0,0,0,0,0
2,29999,48,20000,7,10000,49,9999,0.100000,0,0,0.000000,5,1.000000,0.000000,6.892435,0,0,0,0,0,0,0
2,29999,49,20000,0,10000,40,9999,0.100000,0,0,0.000000,6,0.000000,0.000000,1.323028,0,0,0,0,0,0,0
2,29999,50,20000,4,10000,40,9999,0.100000,0,0,0.000000,6,0.000000,0.000000,0.310395,0,0,0,0,0,0,0
2,29999,51,20000,0,10000,49,9999,0.100000,0,0,0.000000,6,2.000000,0.000000,5.406058,0,0,0,0,0,0,0
2,29999,52,20000,0,0,40,9999,0.100000,0,0,0.000000,6,0.000000,0.000000,0.945281,0,0,0,0,0,0,0
2,29999,53,20000,1,10000,40,9999,0.100000,0,0,0.000000,6,0.000000,0.000000,0.797278,0,0,0,0,0,0,0
2,29999,54,20000,7,10000,49,9999,0.100000,0,0,0.000000,5,5.000000,0.000000,10.466525,0,0,0,0,0,0,0
2,29999,55,20000,7,10000,49,9999,0.100000,0,0,0.000000,5,2.000000,0.000000,14.593377,0,0,0,0,0,0,0
2,29999,56,20000,20,0,40,9999,0.100000,0,0,0.000000,6,0.000000,0.000000,0.453661,0,0,0,0,0,0,0
2,29999,57,20000,1,10000,49,9999,0.100000,0,0,0.000000,6,1.000000,0.000000,10.490013,0,0,0,0,0,0,0
2,29999,58,20000,1,10000,40,9999,0.100000,0,0,0.000000,5,0.000000,0.000000,0.812427,0,0,0,0,0,0,0
2,29999,59,20000,4,10000,49,9999,0.100000,0,0,0.000000,6,2.000000,0.000000,11.694456,0,0,0,0,0,0,0
2,29999,60,20000,20,0,49,9999,0.100000,0,0,0.000000,5,2.000000,0.000000,4.900067,0,0,0,0,0,0,0
2,29999,61,20000,1,10000,49,9999,0.100000,0,0,0.000000,6,3.000000,0.000000,3.901724,0,0,0,0,0,0,0
2,29999,62,20000,4,10000,49,9999,0.100000,0,0,0.000000,6,1.000000,0.000000,4.042854,0,0,0,0,0,0,0
2,29999,63,20000,1,10000,49,9999,0.100000,0,0,0.000000,6,2.000000,0.000000,13.949453,0,0,0,0,0,0,0
2,29999,64,20000,1,10000,40,9999,0.100000,0,0,0.000000,6,0.000000,0.000000,1.489739,0,0,0,0,0,0,0
2,29999,65,20000,4,10000,40,9999,0.100000,0,0,0.000000,6,0.000000,0.000000,0.126894,0,0,0,0,0,0,0
2,29999,66,20000,20,0,40,9999,0.100000,0,0,0.000000,6,0.000000,0.000000,0.320368,0,0,0,0,0,0,0
2,29999,67,20000,0,0,40,9999,0.100000,0,0,0.000000,5,0.000000,0.000000,1.581984,0,0,0,0,0,0,0
2,29999,68,20000,4,10000,49,9999,0.100000,0,0,0.000000,5,2.000000,0.000000,4.256190,0,0,0,0,0,0,0
2,29999,69,20000,0,0,40,9999,0.100000,0,0,0.000000,6,0.000000,0.000000,0.141930,0,0,0,0,0,0,0
2,29999,70,20000,7,10000,40,9999,0.100000,0,0,0.000000,6,0.000000,0.000000,0.227895,0,0,0,0,0,0,0
2,29999,71,20000,0,0,49,9999,0.100000,0,0,0.000000,6,2.000000,0.000000,8.642940,0,0,0,0,0,0,0
2,29999,72,20000,0,10000,40,9999,0.100000,0,0,0.000000,6,0.000000,0.000000,0.103572,0,0,0,0,0,0,0
2,29999,73,20000,4,10000,40,9999,0.100000,0,0,0.000000,6,0.000000,0.000000,1.392797,0,0,0,0,0,0,0
2,29999,74,20000,0,0,49,9999,0.100000,0,0,0.000000,6,2.000000,0.000000,11.848513,0,0,0,0,0,0,0
2,29999,75,20000,7,10000,40,9999,0.100000,0,0,0.000000,5,0.000000,0.000000,0.318434,0,0,0,0,0,0,0
2,29999,76,20000,0,0,40,9999,0.100000,0,0,0.000000,5,0.000000,0.000000,1.634422,0,0,0,0,0,0,0
2,29999,77,20000,1,10000,49,9999,0.100000,0,0,0.000000,6,6.000000,0.000000,9.594282,0,0,0,0,0,0,0
2,29999,78,20000,0,10000,49,9999,0.100000,0,0,0.000000,6,3.000000,0.000000,7.742270,0,0,0,0,0,0,0
2,29999,79,20000,0,10000,40,9999,0.100000,0,0,0.000000,6,0.000000,0.000000,0.104109,0,0,0,0,0,0,0
2,29999,80,20000,1,10000,40,9999,0.100000,0,0,0.000000,6,0.000000,0.000000,0.393469,0,0,0,0,0,0,0
2,29999,81,20000,20,0,40,9999,0.100000,0,0,0.000000,6,0.000000,0.000000,1.329936,0,0,0,0,0,0,0
2,29999,82,20000,4,10000,40,9999,0.100000,0,0,0.000000,6,0.000000,0.000000,0.825143,0,0,0,0,0,0,0
2,29999,83,20000,1,10000,40,9999,0.100000,0,0,0.000000,6,0.000000,0.000000,0.214795,0,0,0,0,0,0,0
2,29999,84,20000,0,10000,40,9999,0.100000,0,0,0.000000,6,0.000000,0.000000,1.237653,0,0,0,0,0,0,0
2,29999,85,20000,20,0,40,9999,0.100000,0,0,0.000000,6,0.000000,0.000000,0.715274,0,0,0,0,0,0,0
2,29999,86,20000,7,10000,40,9999,0.100000,0,0,0.000000,6,0.000000,0.000000,0.539653,0,0,0,0,0,0,0
2,29999,87,20000,20,0,40,9999,0.100000,0,0,0.000000,6,0.000000,0.000000,0.388022,0,0,0,0,0,0,0
2,29999,88,20000,1,10000,40,9999,0.100000,0,0,0.000000,6,0.000000,0.000000,0.223415,0,0,0,0,0,0,0
2,29999,89,20000,0,0,40,9999,0.100000,0,0,0.000000,6,0.000000,0.000000,0.261970,0,0,0,0,0,0,0
2,29999,90,20000,4,10000,40,9999,0.100000,0,0,0.000000,6,0.000000,0.000000,0.977185,0,0,0,0,0,0,0
2,29999,91,20000,0,10000,40,9999,0.100000,0,0,0.000000,6,0.000000,0.000000,1.864990,0,0,0,0,0,0,0
2,29999,92,20000,20,0,40,9999,0.100000,0,0,0.000000,6,0.000000,0.000000,1.812131,0,0,0,0,0,0,0
2,29999,93,20000,1,10000,49,9999,0.100000,0,0,0.000000,5,4.000000,0.000000,7.037538,0,0,0,0,0,0,0
2,29999,94,20000,0,0,49,9999,0.100000,0,0,0.000000,6,3.000000,0.000000,9.633387,0,0,0,0,0,0,0
2,29999,95,20000,72,10000,49,9999,0.100000,0,0,0.000000,6,1.000000,0.000000,10.628576,0,0,0,0,0,0,0
2,29999,96,20000,4,10000,40,9999,0.100000,0,0,0.000000,6,0.000000,0.000000,0.137893,0,0,0,0,0,0,0
2,29999,97,20000,1,10000,40,9999,0.100000,0,0,0.000000,5,0.000000,0.000000,0.233287,0,0,0,0,0,0,0
2,29999,98,20000,0,10000,49,9999,0.100000,0,0,0.000000,6,1.000000,0.000000,17.078667,0,0,0,0,0,0,0
2,29999,99,20000,7,10000,49,9999,0.100000,0,0,0.000000,6,1.000000,0.000000,9.852186,0,0,0,0,0,0,0
3,39999,0,30000,72,10000,40,9999,0.100000,0,0,0.000000,6,0.000000,0.000000,2.404949,0,0,0,0,0,0,0
3,39999,1,30000,0,0,49,9999,0.100000,0,0,0.000000,6,1.000000,0.000000,2.207512,0,0,0,0,0,0,0
3,39999,2,30000,72,10000,40,9999,0.100000,0,0,0.000000,6,0.000000,0.000000,1.086486,0,0,0,0,0,0,0
3,39999,3,30000,0,10000,40,9999,0.100000,0,0,0.000000,6,0.000000,0.000000,0.082515,0,0,0,0,0,0,0
3,39999,4,30000,20,0,49,9999,0.100000,0,0,0.000000,6,2.000000,0.000000,7.033918,0,0,0,0,0,0,0
3,39999,5,30000,54,20000,40,9999,0.100000,0,0,0.000000,6,0.000000,0.000000,0.957391,0,0,0,0,0,0,0
3,39999,6,30000,4,10000,40,9999,0.100000,0,0,0.000000,6,0.000000,0.000000,0.141876,0,0,0,0,0,0,0
3,39999,7,30000,72,10000,49,9999,0.100000,0,0,0.000000,6,6.000000,0.000000,6.695989,0,0,0,0,0,0,0
3,39999,8,30000,72,10000,40,9999,0.100000,0,0,0.000000,6,0.000000,0.000000,3.513634,0,0,0,0,0,0,0
3,39999,9,30000,4,10000,40,9999,0.100000,0,0,0.000000,6,0.000000,0.000000,7.431707,0,0,0,0,0,0,0
3,39999,10,30000,4,10000,40,9999,0.100000,0,0,0.000000,6,0.000000,0.000000,4.708514,0,0,0,0,0,0,0
3,39999,11,30000,0,10000,40,9999,0.100000,0,0,0.000000,6,0.000000,0.000000,4.470930,0,0,0,0,0,0,0
3,39999,12,30000,0,10000,40,9999,0.100000,0,0,0.000000,6,0.000000,0.000000,0.923112,0,0,0,0,0,0,0
3,39999,13,30000,0,0,40,9999,0.100000,0,0,0.000000,6,0.000000,0.000000,1.021614,0,0,0,0,0,0,0
3,39999,14,30000,20,0,40,9999,0.100000,0,0,0.000000,6,0.000000,0.000000,2.156674,0,0,0,0,0,0,0
3,39999,15,30000,54,20000,40,9999,0.100000,0,0,0.000000,6,0.000000,0.000000,0.132411,0,0,0,0,0,0,0
3,39999,16,30000,54,20000,40,9999,0.100000,0,0,0.000000,6,0.000000,0.000000,0.452272,0,0,0,0,0,0,0
3,39999,17,30000,0,0,49,9999,0.100000,0,0,0.000000,6,1.000000,0.000000,12.143544,0,0,0,0,0,0,0
3,39999,18,30000,0,0,49,9999,0.100000,0,0,0.000000,6,5.000000,0.000000,11.858681,0,0,0,0,0,0,0
3,39999,19,30000,72,10000,40,9999,0.100000,0,0,0.000000,6,0.000000,0.000000,4.286884,0,0,0,0,0,0,0
3,39999,20,30000,4,10000,40,9999,0.100000,0,0,0.000000,6,0.000000,0.000000,0.096530,0,0,0,0,0,0,0
3,39999,21,30000,20,0,40,9999,0.100000,0,0,0.000000,6,0.000000,0.000000,1.070463,0,0,0,0,0,0,0
3,39999,22,30000,4,10000,40,9999,0.100000,0,0,0.000000,6,0.000000,0.000000,1.837502,0,0,0,0,0,0,0
3,39999,23,30000,4,10000,40,9999,0.100000,0,0,0.000000,6,0.000000,0.000000,3.371383,0,0,0,0,0,0,0
3,39999,24,30000,0,0,40,9999,0.100000,0,0,0.000000,6,0.000000,0.000000,0.308477,0,0,0,0,0,0,0
3,39999,25,30000,20,0,49,9999,0.100000,0,0,0.000000,6,2.000000,0.000000,15.686993,0,0,0,0,0,0,0
3,39999,26,30000,0,0,40,9999,0.100000,0,0,0.000000,6,0.000000,0.000000,0.348640,0,0,0,0,0,0,0
3,39999,27,30000,20,0,40,9999,0.100000,0,0,0.000000,6,0.000000,0.000000,1.019592,0,0,0,0,0,0,0
3,39999,28,30000,72,10000,40,9999,0.100000,0,0,0.000000,6,0.000000,0.000000,2.226697,0,0,0,0,0,0,0
3,39999,29,30000,0,0,40,9999,0.100000,0,0,0.000000,6,0.000000,0.000000,0.405860,0,0,0,0,0,0,0
3,39999,30,30000,0,10000,49,9999,0.100000,0,0,0.000000,6,1.000000,0.000000,13.772677,0,0,0,0,0,0,0
3,39999,31,30000,20,0,49,9999,0.100000,0,0,0.000000,6,3.000000,0.000000,21.167193,0,0,0,0,0,0,0
3,39999,32,30000,0,0,49,9999,0.100000,0,0,0.000000,6,3.000000,0.000000,12.267006,0,0,0,0,0,0,0
3,39999,33,30000,4,10000,40,9999,0.100000,0,0,0.000000,6,0.000000,0.000000,0.617448,0,0,0,0,0,0,0
3,39999,34,30000,72,10000,40,9999,0.100000,0,0,0.000000,6,0.000000,0.000000,0.404544,0,0,0,0,0,0,0
3,39999,35,30000,0,0,40,9999,0.100000,0,0,0.000000,6,0.000000,0.000000,0.212598,0,0,0,0,0,0,0
3,39999,36,30000,72,10000,40,9999,0.100000,0,0,0.000000,6,0.000000,0.000000,0.400678,0,0,0,0,0,0,0
3,39999,37,30000,4,10000,40,9999,0.100000,0,0,0.000000,6,0.000000,0.000000,3.520650,0,0,0,0,0,0,0
3,39999,38,30000,20,0,40,9999,0.100000,0,0,0.000000,6,0.000000,0.000000,0.073574,0,0,0,0,0,0,0
3,39999,39,30000,20,0,40,9999,0.100000,0,0,0.000000,6,0.000000,0.000000,0.083886,0,0,0,0,0,0,0
3,39999,40,30000,7,10000,40,9999,0.100000,0,0,0.000000,6,0.000000,0.000000,2.726315,0,0,0,0,0,0,0
3,39999,41,30000,0,10000,40,9999,0.135000,0,0,0.000000,6,0.000000,0.000000,0.092177,0,0,0,0,0,0,0
3,39999,42,30000,0,0,40,9999,0.100000,0,0,0.000000,6,0.000000,0.000000,0.390262,0,0,0,0,0,0,0
3,39999,43,30000,0,10000,40,9999,0.100000,0,0,0.000000,6,0.000000,0.000000,0.476352,0,0,0,0,0,0,0
3,39999,44,30000,7,10000,49,9999,0.100000,0,0,0.000000,6,12.000000,0.000000,14.224259,0,0,0,0,0,0,0
3,39999,45,30000,20,0,49,9999,0.100000,0,0,0.000000,6,2.000000,0.000000,14.398182,0,0,0,0,0,0,0
3,39999,46,30000,0,10000,40,9999,0.100000,0,0,0.000000,6,0.000000,0.000000,2.382879,0,0,0,0,0,0,0
3,39999,47,30000,4,10000,40,9999,0.100000,0,0,0.000000,6,0.000000,0.000000,13.243816,0,0,0,0,0,0,0
3,39999,48,30000,20,0,49,9999,0.100000,0,0,0.000000,6,2.000000,0.000000,11.161101,0,0,0,0,0,0,0
3,39999,49,30000,54,20000,49,9999,0.100000,0,0,0.000000,6,11.000000,0.000000,12.565225,0,0,0,0,0,0,0
3,39999,50,30000,72,10000,40,9999,0.100000,0,0,0.000000,6,0.000000,0.000000,0.227031,0,0,0,0,0,0,0
3,39999,51,30000,54,20000,40,9999,0.100000,0,0,0.000000,6,0.000000,0.000000,1.235315,0,0,0,0,0,0,0
3,39999,52,30000,54,20000,40,9999,0.100000,0,0,0.000000,6,0.000000,0.000000,0.786756,0,0,0,0,0,0,0
3,39999,53,30000,54,20000,40,9999,0.100000,0,0,0.000000,6,0.000000,0.000000,1.583027,0,0,0,0,0,0,0
3,39999,54,30000,0,10000,40,9999,0.100000,0,0,0.000000,6,0.000000,0.000000,9.818527,0,0,0,0,0,0,0
3,39999,55,30000,54,20000,49,9999,0.100000,0,0,0.000000,6,2.000000,0.000000,12.935941,0,0,0,0,0,0,0
3,39999,56,30000,20,0,40,9999,0.100000,0,0,0.000000,6,0.000000,0.000000,1.347779,0,0,0,0,0,0,0
3,39999,57,30000,0,0,49,9999,0.100000,0,0,0.000000,6,3.000000,0.000000,18.225490,0,0,0,0,0,0,0
3,39999,58,30000,0,0,40,9999,0.135000,0,0,0.000000,6,0.000000,0.000000,1.256154,0,0,0,0,0,0,0
3,39999,59,30000,72,10000,49,9999,0.100000,0,0,0.000000,6,2.000000,0.000000,11.375640,0,0,0,0,0,0,0
3,39999,60,30000,0,10000,40,9999,0.100000,0,0,0.000000,6,0.000000,0.000000,0.276031,0,0,0,0,0,0,0
3,39999,61,30000,20,0,40,9999,0.100000,0,0,0.000000,6,0.000000,0.000000,0.119725,0,0,0,0,0,0,0
3,39999,62,30000,0,0,49,9999,0.100000,0,0,0.000000,6,4.000000,0.000000,7.690256,0,0,0,0,0,0,0
3,39999,63,30000,72,10000,49,9999,0.100000,0,0,0.000000,6,1.000000,0.000000,14.722985,0,0,0,0,0,0,0
3,39999,64,30000,0,10000,40,9999,0.100000,0,0,0.000000,6,0.000000,0.000000,1.971607,0,0,0,0,0,0,0
3,39999,65,30000,72,10000,40,9999,0.100000,0,0,0.000000,6,0.000000,0.000000,0.167889,0,0,0,0,0,0,0
3,39999,66,30000,0,0,40,9999,0.100000,0,0,0.000000,6,0.000000,0.000000,0.176128,0,0,0,0,0,0,0
3,39999,67,30000,72,10000,40,9999,0.100000,0,0,0.000000,6,0.000000,0.000000,0.380498,0,0,0,0,0,0,0
3,39999,68,30000,20,0,40,9999,0.100000,0,0,0.000000,6,0.000000,0.000000,0.860681,0,0,0,0,0,0,0
3,39999,69,30000,7,10000,40,9999,0.100000,0,0,0.000000,6,0.000000,0.000000,0.141240,0,0,0,0,0,0,0
3,39999,70,30000,54,20000,49,9999,0.100000,0,0,0.000000,6,1.000000,0.000000,3.069866,0,0,0,0,0,0,0
3,39999,71,30000,72,10000,49,9999,0.100000,0,0,0.000000,6,2.000000,0.000000,10.670601,0,0,0,0,0,0,0
3,39999,72,30000,0,0,40,9999,0.100000,0,0,0.000000,6,0.000000,0.000000,0.104876,0,0,0,0,0,0,0
3,39999,73,30000,0,10000,40,9999,0.100000,0,0,0.000000,6,0.000000,0.000000,0.679321,0,0,0,0,0,0,0
3,39999,74,30000,72,10000,49,9999,0.100000,0,0,0.000000,6,2.000000,0.000000,9.063063,0,0,0,0,0,0,0
3,39999,75,30000,72,10000,40,9999,0.100000,0,0,0.000000,6,0.000000,0.000000,0.372194,0,0,0,0,0,0,0
3,39999,76,30000,72,10000,40,9999,0.100000,0,0,0.000000,6,0.000000,0.000000,0.697264,0,0,0,0,0,0,0
3,39999,77,30000,72,10000,49,9999,0.100000,0,0,0.000000,6,2.000000,0.000000,5.801619,0,0,0,0,0,0,0
3,39999,78,30000,0,0,40,9999,0.100000,0,0,0.000000,6,0.000000,0.000000,0.370095,0,0,0,0,0,0,0
3,39999,79,30000,4,10000,40,9999,0.100000,0,0,0.000000,6,0.000000,0.000000,0.108031,0,0,0,0,0,0,0
3,39999,80,30000,7,10000,49,9999,0.100000,0,0,0.000000,6,2.000000,0.000000,3.084894,0,0,0,0,0,0,0
3,39999,81,30000,72,10000,40,9999,0.100000,0,0,0.000000,6,0.000000,0.000000,1.505053,0,0,0,0,0,0,0
3,39999,82,30000,4,10000,40,9999,0.100000,0,0,0.000000,6,0.000000,0.000000,0.760968,0,0,0,0,0,0,0
3,39999,83,30000,54,20000,40,9999,0.100000,0,0,0.000000,6,0.000000,0.000000,0.213553,0,0,0,0,0,0,0
3,39999,84,30000,0,10000,49,9999,0.100000,0,0,0.000000,6,2.000000,0.000000,3.883407,0,0,0,0,0,0,0
3,39999,85,30000,4,10000,40,9999,0.100000,0,0,0.000000,6,0.000000,0.000000,0.534135,0,0,0,0,0,0,0
3,39999,86,30000,4,10000,49,9999,0.100000,0,0,0.000000,6,2.000000,0.000000,10.096501,0,0,0,0,0,0,0
3,39999,87,30000,54,20000,40,9999,0.100000,0,0,0.000000,6,0.000000,0.000000,1.277142,0,0,0,0,0,0,0
3,39999,88,30000,72,10000,40,9999,0.100000,0,0,0.000000,6,0.000000,0.000000,0.223001,0,0,0,0,0,0,0
3,39999,89,30000,0,0,40,9999,0.100000,0,0,0.000000,6,0.000000,0.000000,0.180913,0,0,0,0,0,0,0
3,39999,90,30000,54,20000,40,9999,0.100000,0,0,0.000000,6,0.000000,0.000000,0.841591,0,0,0,0,0,0,0
3,39999,91,30000,4,10000,40,9999,0.100000,0,0,0.000000,6,0.000000,0.000000,1.800198,0,0,0,0,0,0,0
3,39999,92,30000,20,0,40,9999,0.100000,0,0,0.000000,6,0.000000,0.000000,0.816536,0,0,0,0,0,0,0
3,39999,93,30000,0,10000,40,9999,0.100000,0,0,0.000000,6,0.000000,0.000000,0.067735,0,0,0,0,0,0,0
3,39999,94,30000,20,0,40,9999,0.100000,0,0,0.000000,6,0.000000,0.000000,1.305497,0,0,0,0,0,0,0
3,39999,95,30000,72,10000,49,9999,0.100000,0,0,0.000000,6,1.000000,0.000000,11.795711,0,0,0,0,0,0,0
3,39999,96,30000,72,10000,40,9999,0.100000,0,0,0.000000,6,0.000000,0.000000,0.228776,0,0,0,0,0,0,0
3,39999,97,30000,20,0,40,9999,0.100000,0,0,0.000000,6,0.000000,0.000000,0.223233,0,0,0,0,0,0,0
3,39999,98,30000,72,10000,40,9999,0.100000,0,0,0.000000,6,0.000000,0.000000,4.048434,0,0,0,0,0,0,0
3,39999,99,30000,72,10000,49,9999,0.100000,0,0,0.000000,6,2.000000,0.000000,14.366009,0,0,0,0,0,0,0
4,49999,0,40000,72,10000,40,9999,0.100000,0,0,0.000000,6,0.000000,0.000000,1.641621,0,0,0,0,0,0,0
4,49999,1,40000,0,30000,40,9999,0.100000,0,0,0.000000,6,0.000000,0.000000,0.498601,0,0,0,0,0,0,0
4,49999,2,40000,20,0,49,9999,0.100000,0,0,0.000000,6,1.000000,0.000000,3.772486,0,0,0,0,0,0,0
4,49999,3,40000,4,10000,40,9999,0.100000,0,0,0.000000,6,0.000000,0.000000,0.088303,0,0,0,0,0,0,0
4,49999,4,40000,7,30000,40,9999,0.100000,0,0,0.000000,6,0.000000,0.000000,0.129598,0,0,0,0,0,0,0
4,49999,5,40000,0,30000,40,9999,0.100000,0,0,0.000000,6,0.000000,0.000000,0.544385,0,0,0,0,0,0,0
4,49999,6,40000,0,30000,40,9999,0.100000,0,0,0.000000,6,0.000000,0.000000,0.145131,0,0,0,0,0,0,0
4,49999,7,40000,20,0,40,9999,0.100000,0,0,0.000000,6,0.000000,0.000000,0.676774,0,0,0,0,0,0,0
4,49999,8,40000,0,30000,40,9999,0.100000,0,0,0.000000,6,0.000000,0.000000,2.192543,0,0,0,0,0,0,0
4,49999,9,40000,7,30000,49,9999,0.100000,0,0,0.000000,6,5.000000,0.000000,7.833894,0,0,0,0,0,0,0
4,49999,10,40000,0,30000,40,9999,0.100000,0,0,0.000000,6,0.000000,0.000000,2.284674,0,0,0,0,0,0,0
4,49999,11,40000,0,0,40,9999,0.100000,0,0,0.000000,6,0.000000,0.000000,3.637542,0,0,0,0,0,0,0
4,49999,12,40000,54,20000,40,9999,0.100000,0,0,0.000000,6,0.000000,0.000000,0.721879,0,0,0,0,0,0,0
4,49999,13,40000,7,30000,40,9999,0.100000,0,0,0.000000,6,0.000000,0.000000,0.900730,0,0,0,0,0,0,0
4,49999,14,40000,0,0,40,9999,0.100000,0,0,0.000000,6,0.000000,0.000000,0.106366,0,0,0,0,0,0,0
4,49999,15,40000,0,30000,40,9999,0.100000,0,0,0.000000,6,0.000000,0.000000,0.458975,0,0,0,0,0,0,0
4,49999,16,40000,20,0,40,9999,0.100000,0,0,0.000000,6,0.000000,0.000000,1.681448,0,0,0,0,0,0,0
4,49999,17,40000,7,30000,40,9999,0.100000,0,0,0.000000,6,0.000000,0.000000,0.806199,0,0,0,0,0,0,0
4,49999,18,40000,0,30000,49,9999,0.100000,0,0,0.000000,6,5.000000,0.000000,8.871628,0,0,0,0,0,0,0
4,49999,19,40000,0,10000,40,9999,0.100000,0,0,0.000000,6,0.000000,0.000000,1.649532,0,0,0,0,0,0,0
4,49999,20,40000,4,10000,40,9999,0.100000,0,0,0.000000,6,0.000000,0.000000,0.096089,0,0,0,0,0,0,0
4,49999,21,40000,0,30000,49,9999,0.100000,0,0,0.000000,6,8.000000,0.000000,18.506655,0,0,0,0,0,0,0
4,49999,22,40000,0,30000,49,9999,0.100000,0,0,0.000000,6,6.000000,0.000000,8.544098,0,0,0,0,0,0,0
4,49999,23,40000,4,10000,40,9999,0.100000,0,0,0.000000,6,0.000000,0.000000,1.377088,0,0,0,0,0,0,0
4,49999,24,40000,7,30000,40,9999,0.100000,0,0,0.000000,6,0.000000,0.000000,0.330417,0,0,0,0,0,0,0
4,49999,25,40000,72,10000,40,9999,0.100000,0,0,0.000000,6,0.000000,0.000000,0.486484,0,0,0,0,0,0,0
4,49999,26,40000,4,10000,40,9999,0.100000,0,0,0.000000,6,0.000000,0.000000,0.863014,0,0,0,0,0,0,0
4,49999,27,40000,72,10000,40,9999,0.100000,0,0,0.000000,6,0.000000,0.000000,0.979797,0,0,0,0,0,0,0
4,49999,28,40000,72,10000,40,9999,0.100000,0,0,0.000000,6,0.000000,0.000000,0.126794,0,0,0,0,0,0,0
4,49999,29,40000,7,30000,49,9999,0.100000,0,0,0.000000,6,1.000000,0.000000,2.857207,0,0,0,0,0,0,0
4,49999,30,40000,7,30000,49,9999,0.100000,0,0,0.000000,6,2.000000,0.000000,8.527346,0,0,0,0,0,0,0
4,49999,31,40000,0,0,49,9999,0.100000,0,0,0.000000,6,12.000000,0.000000,12.901158,0,0,0,0,0,0,0
4,49999,32,40000,0,0,40,9999,0.100000,0,0,0.000000,6,0.000000,0.000000,0.076246,0,0,0,0,0,0,0
4,49999,33,40000,0,30000,40,9999,0.100000,0,0,0.000000,6,0.000000,0.000000,0.352358,0,0,0,0,0,0,0
4,49999,34,40000,0,0,40,9999,0.100000,0,0,0.000000,6,0.000000,0.000000,0.159727,0,0,0,0,0,0,0
4,49999,35,40000,7,30000,40,9999,0.100000,0,0,0.000000,6,0.000000,0.000000,0.213593,0,0,0,0,0,0,0
4,49999,36,40000,4,10000,49,9999,0.135000,0,0,0.000000,6,7.000000,0.000000,8.758305,0,0,0,0,0,0,0
4,49999,37,40000,7,30000,40,9999,0.100000,0,0,0.000000,6,0.000000,0.000000,0.157263,0,0,0,0,0,0,0
4,49999,38,40000,20,0,40,9999,0.100000,0,0,0.000000,6,0.000000,0.000000,0.070798,0,0,0,0,0,0,0
4,49999,39,40000,4,10000,40,9999,0.100000,0,0,0.000000,6,0.000000,0.000000,0.082132,0,0,0,0,0,0,0
4,49999,40,40000,0,0,40,9999,0.100000,0,0,0.000000,6,0.000000,0.000000,2.418564,0,0,0,0,0,0,0
4,49999,41,40000,20,0,40,9999,0.100000,0,0,0.000000,6,0.000000,0.000000,0.090172,0,0,0,0,0,0,0
4,49999,42,40000,0,0,40,9999,0.100000,0,0,0.000000,6,0.000000,0.000000,0.577691,0,0,0,0,0,0,0
4,49999,43,40000,54,20000,40,9999,0.100000,0,0,0.000000,6,0.000000,0.000000,0.914306,0,0,0,0,0,0,0
4,49999,44,40000,4,10000,40,9999,0.100000,0,0,0.000000,6,0.000000,0.000000,0.115874,0,0,0,0,0,0,0
4,49999,45,40000,0,30000,49,9999,0.100000,0,0,0.000000,6,7.000000,0.000000,11.719357,0,0,0,0,0,0,0
4,49999,46,40000,0,0,40,9999,0.100000,0,0,0.000000,6,0.000000,0.000000,1.300047,0,0,0,0,0,0,0
4,49999,47,40000,0,30000,49,9999,0.100000,0,0,0.000000,6,14.000000,0.000000,16.866627,0,0,0,0,0,0,0
4,49999,48,40000,4,10000,40,9999,0.100000,0,0,0.000000,6,0.000000,0.000000,8.204807,0,0,0,0,0,0,0
4,49999,49,40000,0,0,49,9999,0.100000,0,0,0.000000,6,11.000000,0.000000,16.053841,0,0,0,0,0,0,0
4,49999,50,40000,72,10000,40,9999,0.100000,0,0,0.000000,6,0.000000,0.000000,0.224722,0,0,0,0,0,0,0
4,49999,51,40000,7,30000,49,9999,0.100000,0,0,0.000000,6,12.000000,0.000000,12.623982,0,0,0,0,0,0,0
4,49999,52,40000,4,10000,40,9999,0.100000,0,0,0.000000,6,0.000000,0.000000,0.624872,0,0,0,0,0,0,0
4,49999,53,40000,7,30000,40,9999,0.100000,0,0,0.000000,6,0.000000,0.000000,0.171467,0,0,0,0,0,0,0
4,49999,54,40000,72,10000,40,9999,0.100000,0,0,0.000000,6,0.000000,0.000000,1.822767,0,0,0,0,0,0,0
4,49999,55,40000,72,10000,49,9999,0.100000,0,0,0.000000,6,1.000000,0.000000,14.192340,0,0,0,0,0,0,0
4,49999,56,40000,4,10000,40,9999,0.100000,0,0,0.000000,6,0.000000,0.000000,1.878005,0,0,0,0,0,0,0
4,49999,57,40000,0,30000,40,9999,0.100000,0,0,0.000000,6,0.000000,0.000000,21.534512,0,0,0,0,0,0,0
4,49999,58,40000,0,30000,40,9999,0.100000,0,0,0.000000,6,0.000000,0.000000,2.490566,0,0,0,0,0,0,0
4,49999,59,40000,0,30000,49,9999,0.100000,0,0,0.000000,6,3.000000,0.000000,15.689806,0,0,0,0,0,0,0
4,49999,60,40000,0,30000,40,9999,0.100000,0,0,0.000000,6,0.000000,0.000000,0.120747,0,0,0,0,0,0,0
4,49999,61,40000,4,10000,40,9999,0.100000,0,0,0.000000,6,0.000000,0.000000,0.314739,0,0,0,0,0,0,0
4,49999,62,40000,0,30000,49,9999,0.100000,0,0,0.000000,6,3.000000,0.000000,3.318891,0,0,0,0,0,0,0
4,49999,63,40000,20,0,49,9999,0.100000,0,0,0.000000,6,1.000000,0.000000,9.924105,0,0,0,0,0,0,0
4,49999,64,40000,72,10000,49,9999,0.100000,0,0,0.000000,6,1.000000,0.000000,19.843891,0,0,0,0,0,0,0
4,49999,65,40000,0,30000,40,9999,0.100000,0,0,0.000000,6,0.000000,0.000000,0.140535,0,0,0,0,0,0,0
4,49999,66,40000,0,0,40,9999,0.100000,0,0,0.000000,6,0.000000,0.000000,0.130442,0,0,0,0,0,0,0
4,49999,67,40000,20,0,40,9999,0.100000,0,0,0.000000,6,0.000000,0.000000,0.140923,0,0,0,0,0,0,0
4,49999,68,40000,20,0,40,9999,0.100000,0,0,0.000000,6,0.000000,0.000000,0.803566,0,0,0,0,0,0,0
4,49999,69,40000,54,20000,40,9999,0.100000,0,0,0.000000,6,0.000000,0.000000,0.146078,0,0,0,0,0,0,0
4,49999,70,40000,20,0,40,9999,0.100000,0,0,0.000000,6,0.000000,0.000000,0.098368,0,0,0,0,0,0,0
4,49999,71,40000,72,10000,40,9999,0.100000,0,0,0.000000,6,0.000000,0.000000,4.770457,0,0,0,0,0,0,0
4,49999,72,40000,4,10000,40,9999,0.100000,0,0,0.000000,6,0.000000,0.000000,0.104005,0,0,0,0,0,0,0
4,49999,73,40000,4,10000,40,9999,0.100000,0,0,0.000000,6,0.000000,0.000000,0.489920,0,0,0,0,0,0,0
4,49999,74,40000,72,10000,40,9999,0.100000,0,0,0.000000,6,0.000000,0.000000,9.670709,0,0,0,0,0,0,0
4,49999,75,40000,20,0,40,9999,0.100000,0,0,0.000000,6,0.000000,0.000000,0.408640,0,0,0,0,0,0,0
4,49999,76,40000,0,0,40,9999,0.100000,0,0,0.000000,6,0.000000,0.000000,0.721772,0,0,0,0,0,0,0
4,49999,77,40000,0,30000,40,9999,0.100000,0,0,0.000000,6,0.000000,0.000000,0.291177,0,0,0,0,0,0,0
4,49999,78,40000,72,10000,40,9999,0.100000,0,0,0.000000,6,0.000000,0.000000,0.103995,0,0,0,0,0,0,0
4,49999,79,40000,72,10000,49,9999,0.100000,0,0,0.000000,6,5.000000,0.000000,11.482938,0,0,0,0,0,0,0
4,49999,80,40000,72,10000,40,9999,0.100000,0,0,0.000000,6,0.000000,0.000000,0.150059,0,0,0,0,0,0,0
4,49999,81,40000,20,0,40,9999,0.100000,0,0,0.000000,6,0.000000,0.000000,1.000585,0,0,0,0,0,0,0
4,49999,82,40000,20,0,40,9999,0.100000,0,0,0.000000,6,0.000000,0.000000,0.443972,0,0,0,0,0,0,0
4,49999,83,40000,20,0,40,9999,0.100000,0,0,0.000000,6,0.000000,0.000000,0.204210,0,0,0,0,0,0,0
4,49999,84,40000,0,30000,40,9999,0.100000,0,0,0.000000,6,0.000000,0.000000,0.095190,0,0,0,0,0,0,0
4,49999,85,40000,0,0,40,9999,0.100000,0,0,0.000000,6,0.000000,0.000000,0.142732,0,0,0,0,0,0,0
4,49999,86,40000,7,30000,49,9999,0.100000,0,0,0.000000,6,10.000000,0.000000,10.563596,0,0,0,0,0,0,0
4,49999,87,40000,20,0,40,9999,0.100000,0,0,0.000000,6,0.000000,0.000000,0.475683,0,0,0,0,0,0,0
4,49999,88,40000,4,10000,40,9999,0.100000,0,0,0.000000,6,0.000000,0.000000,0.129435,0,0,0,0,0,0,0
4,49999,89,40000,7,30000,40,9999,0.100000,0,0,0.000000,6,0.000000,0.000000,0.095234,0,0,0,0,0,0,0
4,49999,90,40000,20,0,40,9999,0.100000,0,0,0.000000,6,0.000000,0.000000,0.272654,0,0,0,0,0,0,0
4,49999,91,40000,0,0,40,9999,0.100000,0,0,0.000000,6,0.000000,0.000000,0.638072,0,0,0,0,0,0,0
4,49999,92,40000,0,30000,40,9999,0.100000,0,0,0.000000,6,0.000000,0.000000,3.420220,0,0,0,0,0,0,0
4,49999,93,40000,0,30000,49,9999,0.100000,0,0,0.000000,6,5.000000,0.000000,10.212250,0,0,0,0,0,0,0
4,49999,94,40000,4,10000,40,9999,0.100000,0,0,0.000000,6,0.000000,0.000000,0.910109,0,0,0,0,0,0,0
4,49999,95,40000,0,0,49,9999,0.100000,0,0,0.000000,6,2.000000,0.000000,9.016615,0,0,0,0,0,0,0
4,49999,96,40000,4,10000,40,9999,0.135000,0,0,0.000000,6,0.000000,0.000000,0.143070,0,0,0,0,0,0,0
4,49999,97,40000,0,0,40,9999,0.100000,0,0,0.000000,6,0.000000,0.000000,0.234504,0,0,0,0,0,0,0
4,49999,98,40000,72,10000,40,9999,0.100000,0,0,0.000000,6,0.000000,0.000000,0.242568,0,0,0,0,0,0,0
4,49999,99,40000,4,10000,49,9999,0.100000,0,0,0.000000,6,1.000000,0.000000,6.891116,0,0,0,0,0,0,0
5,59999,0,50000,7,30000,40,9999,0.100000,0,0,0.000000,6,0.000000,0.000000,0.973734,0,0,0,0,0,0,0
5,59999,1,50000,7,30000,40,9999,0.100000,0,0,0.000000,6,0.000000,0.000000,0.514825,0,0,0,0,0,0,0
5,59999,2,50000,0,40000,40,9999,0.100000,0,0,0.000000,6,0.000000,0.000000,0.989741,0,0,0,0,0,0,0
5,59999,3,50000,7,30000,40,9999,0.100000,0,0,0.000000,6,0.000000,0.000000,0.109941,0,0,0,0,0,0,0
5,59999,4,50000,72,10000,40,9999,0.100000,0,0,0.000000,6,0.000000,0.000000,0.128688,0,0,0,0,0,0,0
5,59999,5,50000,4,10000,40,9999,0.100000,0,0,0.000000,6,0.000000,0.000000,0.571249,0,0,0,0,0,0,0
5,59999,6,50000,7,30000,40,9999,0.100000,0,0,0.000000,6,0.000000,0.000000,0.147131,0,0,0,0,0,0,0
5,59999,7,50000,0,40000,40,9999,0.100000,0,0,0.000000,6,0.000000,0.000000,0.473753,0,0,0,0,0,0,0
5,59999,8,50000,72,10000,40,9999,0.100000,0,0,0.000000,6,0.000000,0.000000,0.104721,0,0,0,0,0,0,0
5,59999,9,50000,20,0,40,9999,0.100000,0,0,0.000000,6,0.000000,0.000000,1.738929,0,0,0,0,0,0,0
5,59999,10,50000,20,0,40,9999,0.100000,0,0,0.000000,6,0.000000,0.000000,0.576727,0,0,0,0,0,0,0
5,59999,11,50000,0,40000,40,9999,0.100000,0,0,0.000000,6,0.000000,0.000000,17.804969,0,0,0,0,0,0,0
5,59999,12,50000,0,40000,49,9999,0.100000,0,0,0.000000,6,1.000000,0.000000,1.803981,0,0,0,0,0,0,0
5,59999,13,50000,7,30000,40,9999,0.100000,0,0,0.000000,6,0.000000,0.000000,0.902324,0,0,0,0,0,0,0
5,59999,14,50000,0,0,40,9999,0.100000,0,0,0.000000,6,0.000000,0.000000,0.163291,0,0,0,0,0,0,0
5,59999,15,50000,7,30000,40,9999,0.100000,0,0,0.000000,6,0.000000,0.000000,0.254315,0,0,0,0,0,0,0
5,59999,16,50000,72,10000,40,9999,0.100000,0,0,0.000000,6,0.000000,0.000000,0.082690,0,0,0,0,0,0,0
5,59999,17,50000,7,30000,40,9999,0.100000,0,0,0.000000,6,0.000000,0.000000,0.746081,0,0,0,0,0,0,0
5,59999,18,50000,0,0,40,9999,0.100000,0,0,0.000000,6,0.000000,0.000000,1.922825,0,0,0,0,0,0,0
5,59999,19,50000,7,30000,40,9999,0.100000,0,0,0.000000,6,0.000000,0.000000,2.225483,0,0,0,0,0,0,0
5,59999,20,50000,20,0,40,9999,0.100000,0,0,0.000000,6,0.000000,0.000000,0.096754,0,0,0,0,0,0,0
5,59999,21,50000,7,30000,40,9999,0.100000,0,0,0.000000,6,0.000000,0.000000,1.110803,0,0,0,0,0,0,0
5,59999,22,50000,0,0,49,9999,0.100000,0,0,0.000000,6,3.000000,0.000000,10.853203,0,0,0,0,0,0,0
5,59999,23,50000,20,0,40,9999,0.100000,0,0,0.000000,6,0.000000,0.000000,1.250441,0,0,0,0,0,0,0
5,59999,24,50000,20,0,40,9999,0.100000,0,0,0.000000,6,0.000000,0.000000,0.211595,0,0,0,0,0,0,0
5,59999,25,50000,0,30000,40,9999,0.100000,0,0,0.000000,6,0.000000,0.000000,0.346107,0,0,0,0,0,0,0
5,59999,26,50000,7,30000,40,9999,0.100000,0,0,0.000000,6,0.000000,0.000000,0.800226,0,0,0,0,0,0,0
5,59999,27,50000,0,30000,40,9999,0.100000,0,0,0.000000,6,0.000000,0.000000,1.025332,0,0,0,0,0,0,0
5,59999,28,50000,4,10000,40,9999,0.100000,0,0,0.000000,6,0.000000,0.000000,0.113590,0,0,0,0,0,0,0
5,59999,29,50000,4,10000,49,9999,0.100000,0,0,0.000000,6,2.000000,0.000000,3.710094,0,0,0,0,0,0,0
5,59999,30,50000,0,0,49,9999,0.100000,0,0,0.000000,6,2.000000,0.000000,11.768957,0,0,0,0,0,0,0
5,59999,31,50000,4,10000,49,9999,0.100000,0,0,0.000000,6,1.000000,0.000000,2.540406,0,0,0,0,0,0,0
5,59999,32,50000,0,40000,40,9999,0.100000,0,0,0.000000,6,0.000000,0.000000,0.077895,0,0,0,0,0,0,0
5,59999,33,50000,4,10000,40,9999,0.100000,0,0,0.000000,6,0.000000,0.000000,0.348207,0,0,0,0,0,0,0
5,59999,34,50000,4,10000,40,9999,0.100000,0,0,0.000000,6,0.000000,0.000000,0.140601,0,0,0,0,0,0,0
5,59999,35,50000,0,40000,40,9999,0.100000,0,0,0.000000,6,0.000000,0.000000,0.211999,0,0,0,0,0,0,0
5,59999,36,50000,4,10000,40,9999,0.100000,0,0,0.000000,6,0.000000,0.000000,0.317006,0,0,0,0,0,0,0
5,59999,37,50000,20,0,40,9999,0.100000,0,0,0.000000,6,0.000000,0.000000,0.123829,0,0,0,0,0,0,0
5,59999,38,50000,20,0,40,9999,0.100000,0,0,0.000000,6,0.000000,0.000000,0.084502,0,0,0,0,0,0,0
5,59999,39,50000,20,0,40,9999,0.100000,0,0,0.000000,6,0.000000,0.000000,0.079906,0,0,0,0,0,0,0
5,59999,40,50000,4,10000,40,9999,0.100000,0,0,0.000000,6,0.000000,0.000000,1.871459,0,0,0,0,0,0,0
5,59999,41,50000,72,10000,40,9999,0.100000,0,0,0.000000,6,0.000000,0.000000,0.088857,0,0,0,0,0,0,0
5,59999,42,50000,20,0,40,9999,0.100000,0,0,0.000000,6,0.000000,0.000000,0.148545,0,0,0,0,0,0,0
5,59999,43,50000,0,30000,40,9999,0.100000,0,0,0.000000,6,0.000000,0.000000,1.103315,0,0,0,0,0,0,0
5,59999,44,50000,72,10000,40,9999,0.100000,0,0,0.000000,6,0.000000,0.000000,0.096404,0,0,0,0,0,0,0
5,59999,45,50000,7,30000,40,9999,0.100000,0,0,0.000000,6,0.000000,0.000000,0.136807,0,0,0,0,0,0,0
5,59999,46,50000,72,10000,40,9999,0.100000,0,0,0.000000,6,0.000000,0.000000,1.921173,0,0,0,0,0,0,0
5,59999,47,50000,72,10000,40,9999,0.100000,0,0,0.000000,6,0.000000,0.000000,0.574820,0,0,0,0,0,0,0
5,59999,48,50000,0,0,40,9999,0.100000,0,0,0.000000,6,0.000000,0.000000,8.303160,0,0,0,0,0,0,0
5,59999,49,50000,7,30000,40,9999,0.100000,0,0,0.000000,6,0.000000,0.000000,0.096608,0,0,0,0,0,0,0
5,59999,50,50000,72,10000,40,9999,0.100000,0,0,0.000000,6,0.000000,0.000000,0.217032,0,0,0,0,0,0,0
5,59999,51,50000,72,10000,9,9999,0.100000,0,0,0.000000,6,4.000000,0.000000,6.466395,0,0,0,1,0,0,0
5,59999,52,50000,7,30000,49,9999,0.100000,0,0,0.000000,6,1.000000,0.000000,4.364266,0,0,0,0,0,0,0
5,59999,53,50000,0,0,40,9999,0.100000,0,0,0.000000,6,0.000000,0.000000,0.152047,0,0,0,0,0,0,0
5,59999,54,50000,0,0,40,9999,0.100000,0,0,0.000000,6,0.000000,0.000000,0.859489,0,0,0,0,0,0,0
5,59999,55,50000,72,10000,40,9999,0.100000,0,0,0.000000,6,0.000000,0.000000,12.372009,0,0,0,0,0,0,0
5,59999,56,50000,7,30000,40,9999,0.100000,0,0,0.000000,6,0.000000,0.000000,1.084833,0,0,0,0,0,0,0
5,59999,57,50000,0,40000,40,9999,0.100000,0,0,0.000000,6,0.000000,0.000000,21.645018,0,0,0,0,0,0,0
5,59999,58,50000,4,10000,40,9999,0.100000,0,0,0.000000,6,0.000000,0.000000,0.103806,0,0,0,0,0,0,0
5,59999,59,50000,0,40000,49,9999,0.100000,0,0,0.000000,6,1.000000,0.000000,13.275974,0,0,0,0,0,0,0
5,59999,60,50000,7,30000,40,9999,0.100000,0,0,0.000000,6,0.000000,0.000000,0.107028,0,0,0,0,0,0,0
5,59999,61,50000,20,0,40,9999,0.100000,0,0,0.000000,6,0.000000,0.000000,0.331012,0,0,0,0,0,0,0
5,59999,62,50000,0,0,40,9999,0.100000,0,0,0.000000,6,0.000000,0.000000,0.236077,0,0,0,0,0,0,0
5,59999,63,50000,7,30000,49,9999,0.100000,0,0,0.000000,6,2.000000,0.000000,12.919312,0,0,0,0,0,0,0
5,59999,64,50000,4,10000,40,9999,0.100000,0,0,0.000000,6,0.000000,0.000000,1.093738,0,0,0,0,0,0,0
5,59999,65,50000,0,0,40,9999,0.100000,0,0,0.000000,6,0.000000,0.000000,0.142592,0,0,0,0,0,0,0
5,59999,66,50000,72,10000,40,9999,0.100000,0,0,0.000000,6,0.000000,0.000000,0.368074,0,0,0,0,0,0,0
5,59999,67,50000,72,10000,40,9999,0.100000,0,0,0.000000,6,0.000000,0.000000,0.173440,0,0,0,0,0,0,0
5,59999,68,50000,4,10000,49,9999,0.100000,0,0,0.000000,6,3.000000,0.000000,3.862882,0,0,0,0,0,0,0
5,59999,69,50000,4,10000,40,9999,0.100000,0,0,0.000000,6,0.000000,0.000000,0.147384,0,0,0,0,0,0,0
5,59999,70,50000,72,10000,40,9999,0.100000,0,0,0.000000,6,0.000000,0.000000,0.087970,0,0,0,0,0,0,0
5,59999,71,50000,4,10000,40,9999,0.100000,0,0,0.000000,6,0.000000,0.000000,1.738306,0,0,0,0,0,0,0
5,59999,72,50000,20,0,40,9999,0.100000,0,0,0.000000,6,0.000000,0.000000,0.138110,0,0,0,0,0,0,0
5,59999,73,50000,4,10000,40,9999,0.100000,0,0,0.000000,6,0.000000,0.000000,0.488918,0,0,0,0,0,0,0
5,59999,74,50000,7,30000,49,9999,0.100000,0,0,0.000000,6,2.000000,0.000000,12.764051,0,0,0,0,0,0,0
5,59999,75,50000,20,0,40,9999,0.100000,0,0,0.000000,6,0.000000,0.000000,0.364467,0,0,0,0,0,0,0
5,59999,76,50000,0,40000,40,9999,0.100000,0,0,0.000000,6,0.000000,0.000000,0.694149,0,0,0,0,0,0,0
5,59999,77,50000,0,40000,49,9999,0.100000,0,0,0.000000,6,4.000000,0.000000,16.264976,0,0,0,0,0,0,0
5,59999,78,50000,20,0,40,9999,0.100000,0,0,0.000000,6,0.000000,0.000000,0.098823,0,0,0,0,0,0,0
5,59999,79,50000,0,40000,40,9999,0.100000,0,0,0.000000,6,0.000000,0.000000,0.157639,0,0,0,0,0,0,0
5,59999,80,50000,20,0,40,9999,0.100000,0,0,0.000000,6,0.000000,0.000000,0.148828,0,0,0,0,0,0,0
5,59999,81,50000,7,30000,40,9999,0.100000,0,0,0.000000,6,0.000000,0.000000,0.974483,0,0,0,0,0,0,0
5,59999,82,50000,0,0,40,9999,0.100000,0,0,0.000000,6,0.000000,0.000000,0.409532,0,0,0,0,0,0,0
5,59999,83,50000,20,0,40,9999,0.100000,0,0,0.000000,6,0.000000,0.000000,0.193627,0,0,0,0,0,0,0
5,59999,84,50000,0,40000,40,9999,0.100000,0,0,0.000000,6,0.000000,0.000000,0.095074,0,0,0,0,0,0,0
5,59999,85,50000,0,40000,40,9999,0.100000,0,0,0.000000,6,0.000000,0.000000,0.092594,0,0,0,0,0,0,0
5,59999,86,50000,7,30000,40,9999,0.100000,0,0,0.000000,6,0.000000,0.000000,0.548292,0,0,0,0,0,0,0
5,59999,87,50000,20,0,40,9999,0.100000,0,0,0.000000,6,0.000000,0.000000,0.318044,0,0,0,0,0,0,0
5,59999,88,50000,20,0,40,9999,0.100000,0,0,0.000000,6,0.000000,0.000000,0.077707,0,0,0,0,0,0,0
5,59999,89,50000,4,10000,40,9999,0.100000,0,0,0.000000,6,0.000000,0.000000,0.092976,0,0,0,0,0,0,0
5,59999,90,50000,4,10000,40,9999,0.100000,0,0,0.000000,6,0.000000,0.000000,0.297758,0,0,0,0,0,0,0
5,59999,91,50000,0,0,40,9999,0.100000,0,0,0.000000,6,0.000000,0.000000,0.443255,0,0,0,0,0,0,0
5,59999,92,50000,20,0,40,9999,0.100000,0,0,0.000000,6,0.000000,0.000000,2.137266,0,0,0,0,0,0,0
5,59999,93,50000,0,0,40,9999,0.100000,0,0,0.000000,6,0.000000,0.000000,0.068015,0,0,0,0,0,0,0
5,59999,94,50000,72,10000,40,9999,0.100000,0,0,0.000000,6,0.000000,0.000000,1.285826,0,0,0,0,0,0,0
5,59999,95,50000,72,10000,49,9999,0.100000,0,0,0.000000,6,1.000000,0.000000,10.946150,0,0,0,0,0,0,0
5,59999,96,50000,0,40000,40,9999,0.100000,0,0,0.000000,6,0.000000,0.000000,0.135367,0,0,0,0,0,0,0
5,59999,97,50000,4,10000,40,9999,0.100000,0,0,0.000000,6,0.000000,0.000000,0.235723,0,0,0,0,0,0,0
5,59999,98,50000,0,40000,40,9999,0.100000,0,0,0.000000,6,0.000000,0.000000,0.237522,0,0,0,0,0,0,0
5,59999,99,50000,4,10000,40,9999,0.100000,0,0,0.000000,6,0.000000,0.000000,2.375574,0,0,0,0,0,0,0
6,69999,0,60000,72,10000,49,9999,0.100000,0,0,0.000000,6,2.000000,0.000000,9.522202,0,0,0,0,0,0,0
6,69999,1,60000,72,10000,40,9999,0.100000,0,0,0.000000,6,0.000000,0.000000,2.224185,0,0,0,0,0,0,0
6,69999,2,60000,20,0,40,9999,0.100000,0,0,0.000000,6,0.000000,0.000000,0.973174,0,0,0,0,0,0,0
6,69999,3,60000,4,10000,40,9999,0.100000,0,0,0.000000,6,0.000000,0.000000,0.094170,0,0,0,0,0,0,0
6,69999,4,60000,0,40000,40,9999,0.100000,0,0,0.000000,6,0.000000,0.000000,0.377632,0,0,0,0,0,0,0
6,69999,5,60000,7,30000,40,9999,0.100000,0,0,0.000000,6,0.000000,0.000000,2.372681,0,0,0,0,0,0,0
6,69999,6,60000,7,30000,40,9999,0.100000,0,0,0.000000,6,0.000000,0.000000,0.141211,0,0,0,0,0,0,0
6,69999,7,60000,72,10000,40,9999,0.100000,0,0,0.000000,6,0.000000,0.000000,0.488474,0,0,0,0,0,0,0
6,69999,8,60000,72,10000,40,9999,0.100000,0,0,0.000000,6,0.000000,0.000000,0.103407,0,0,0,0,0,0,0
6,69999,9,60000,7,30000,49,9999,0.100000,0,0,0.000000,6,3.000000,0.000000,12.038929,0,0,0,0,0,0,0
6,69999,10,60000,0,0,40,9999,0.100000,0,0,0.000000,6,0.000000,0.000000,0.688608,0,0,0,0,0,0,0
6,69999,11,60000,7,30000,40,9999,0.100000,0,0,0.000000,6,0.000000,0.000000,23.102892,0,0,0,0,0,0,0
6,69999,12,60000,20,0,40,9999,0.100000,0,0,0.000000,6,0.000000,0.000000,0.586938,0,0,0,0,0,0,0
6,69999,13,60000,4,10000,40,9999,0.100000,0,0,0.000000,6,0.000000,0.000000,8.619124,0,0,0,0,0,0,0
6,69999,14,60000,0,40000,40,9999,0.100000,0,0,0.000000,6,0.000000,0.000000,0.741124,0,0,0,0,0,0,0
6,69999,15,60000,20,0,40,9999,0.100000,0,0,0.000000,6,0.000000,0.000000,0.171399,0,0,0,0,0,0,0
6,69999,16,60000,7,30000,40,9999,0.100000,0,0,0.000000,6,0.000000,0.000000,0.076354,0,0,0,0,0,0,0
6,69999,17,60000,20,0,40,9999,0.100000,0,0,0.000000,6,0.000000,0.000000,0.742336,0,0,0,0,0,0,0
6,69999,18,60000,4,10000,40,9999,0.100000,0,0,0.000000,6,0.000000,0.000000,2.231752,0,0,0,0,0,0,0
6,69999,19,60000,20,0,40,9999,0.100000,0,0,0.000000,6,0.000000,0.000000,1.099002,0,0,0,0,0,0,0
6,69999,20,60000,4,10000,40,9999,0.100000,0,0,0.000000,6,0.000000,0.000000,0.094702,0,0,0,0,0,0,0
6,69999,21,60000,0,40000,40,9999,0.100000,0,0,0.000000,6,0.000000,0.000000,0.780834,0,0,0,0,0,0,0
6,69999,22,60000,0,0,40,9999,0.100000,0,0,0.000000,6,0.000000,0.000000,1.322915,0,0,0,0,0,0,0
6,69999,23,60000,4,10000,40,9999,0.100000,0,0,0.000000,6,0.000000,0.000000,2.832049,0,0,0,0,0,0,0
6,69999,24,60000,0,0,40,9999,0.100000,0,0,0.000000,6,0.000000,0.000000,0.402780,0,0,0,0,0,0,0
6,69999,25,60000,20,0,40,9999,0.100000,0,0,0.000000,6,0.000000,0.000000,0.877926,0,0,0,0,0,0,0
6,69999,26,60000,20,0,40,9999,0.100000,0,0,0.000000,6,0.000000,0.000000,0.371691,0,0,0,0,0,0,0
6,69999,27,60000,4,10000,40,9999,0.100000,0,0,0.000000,6,0.000000,0.000000,0.963898,0,0,0,0,0,0,0
6,69999,28,60000,0,40000,40,9999,0.100000,0,0,0.000000,6,0.000000,0.000000,0.097051,0,0,0,0,0,0,0
6,69999,29,60000,20,0,49,9999,0.100000,0,0,0.000000,6,5.000000,0.000000,13.690768,0,0,0,0,0,0,0
6,69999,30,60000,72,10000,49,9999,0.100000,0,0,0.000000,6,1.000000,0.000000,12.150505,0,0,0,0,0,0,0
6,69999,31,60000,0,0,9,9999,0.100000,0,0,0.000000,6,3.000000,0.000000,8.299175,0,0,0,0,1,0,0
6,69999,32,60000,7,30000,40,9999,0.100000,0,0,0.000000,6,0.000000,0.000000,0.460894,0,0,0,0,0,0,0
6,69999,33,60000,4,10000,40,9999,0.100000,0,0,0.000000,6,0.000000,0.000000,0.382619,0,0,0,0,0,0,0
6,69999,34,60000,20,0,40,9999,0.100000,0,0,0.000000,6,0.000000,0.000000,0.135972,0,0,0,0,0,0,0
6,69999,35,60000,0,40000,40,9999,0.065000,0,0,0.000000,6,0.000000,0.000000,0.212475,0,0,0,0,0,0,0
6,69999,36,60000,20,0,40,9999,0.100000,0,0,0.000000,6,0.000000,0.000000,0.295766,0,0,0,0,0,0,0
6,69999,37,60000,0,0,40,9999,0.100000,0,0,0.000000,6,0.000000,0.000000,0.156323,0,0,0,0,0,0,0
6,69999,38,60000,72,10000,40,9999,0.100000,0,0,0.000000,6,0.000000,0.000000,0.094048,0,0,0,0,0,0,0
6,69999,39,60000,0,0,40,9999,0.100000,0,0,0.000000,6,0.000000,0.000000,0.082936,0,0,0,0,0,0,0
6,69999,40,60000,7,30000,40,9999,0.100000,0,0,0.000000,6,0.000000,0.000000,1.809945,0,0,0,0,0,0,0
6,69999,41,60000,20,0,40,9999,0.100000,0,0,0.000000,6,0.000000,0.000000,0.090747,0,0,0,0,0,0,0
6,69999,42,60000,7,30000,40,9999,0.100000,0,0,0.000000,6,0.000000,0.000000,0.109570,0,0,0,0,0,0,0
6,69999,43,60000,7,30000,40,9999,0.100000,0,0,0.000000,6,0.000000,0.000000,0.094924,0,0,0,0,0,0,0
6,69999,44,60000,7,30000,40,9999,0.100000,0,0,0.000000,6,0.000000,0.000000,0.071743,0,0,0,0,0,0,0
6,69999,45,60000,0,40000,40,9999,0.100000,0,0,0.000000,6,0.000000,0.000000,0.141705,0,0,0,0,0,0,0
6,69999,46,60000,4,10000,40,9999,0.100000,0,0,0.000000,6,0.000000,0.000000,0.870044,0,0,0,0,0,0,0
6,69999,47,60000,72,10000,40,9999,0.100000,0,0,0.000000,6,0.000000,0.000000,0.580294,0,0,0,0,0,0,0
6,69999,48,60000,0,0,40,9999,0.100000,0,0,0.000000,6,0.000000,0.000000,8.174532,0,0,0,0,0,0,0
6,69999,49,60000,0,40000,40,9999,0.100000,0,0,0.000000,6,0.000000,0.000000,0.077030,0,0,0,0,0,0,0
6,69999,50,60000,7,30000,40,9999,0.100000,0,0,0.000000,6,0.000000,0.000000,0.220855,0,0,0,0,0,0,0
6,69999,51,60000,0,0,40,9999,0.100000,0,0,0.000000,6,0.000000,0.000000,1.188460,0,0,0,0,0,0,0
6,69999,52,60000,4,10000,40,9999,0.100000,0,0,0.000000,6,0.000000,0.000000,0.648171,0,0,0,0,0,0,0
6,69999,53,60000,4,10000,40,9999,0.100000,0,0,0.000000,6,0.000000,0.000000,0.171643,0,0,0,0,0,0,0
6,69999,54,60000,20,0,40,9999,0.100000,0,0,0.000000,6,0.000000,0.000000,0.775764,0,0,0,0,0,0,0
6,69999,55,60000,0,0,49,9999,0.100000,0,0,0.000000,6,1.000000,0.000000,9.611174,0,0,0,0,0,0,0
6,69999,56,60000,0,40000,40,9999,0.100000,0,0,0.000000,6,0.000000,0.000000,0.478852,0,0,0,0,0,0,0
6,69999,57,60000,20,0,40,9999,0.100000,0,0,0.000000,6,0.000000,0.000000,21.902826,0,0,0,0,0,0,0
6,69999,58,60000,72,10000,40,9999,0.100000,0,0,0.000000,6,0.000000,0.000000,0.099288,0,0,0,0,0,0,0
6,69999,59,60000,4,10000,49,9999,0.100000,0,0,0.000000,6,3.000000,0.000000,10.575467,0,0,0,0,0,0,0
6,69999,60,60000,0,40000,40,9999,0.100000,0,0,0.000000,6,0.000000,0.000000,0.086092,0,0,0,0,0,0,0
6,69999,61,60000,4,10000,40,9999,0.100000,0,0,0.000000,6,0.000000,0.000000,0.288093,0,0,0,0,0,0,0
6,69999,62,60000,7,30000,40,9999,0.100000,0,0,0.000000,6,0.000000,0.000000,0.299003,0,0,0,0,0,0,0
6,69999,63,60000,20,0,49,9999,0.100000,0,0,0.000000,6,1.000000,0.000000,10.161395,0,0,0,0,0,0,0
6,69999,64,60000,0,40000,40,9999,0.100000,0,0,0.000000,6,0.000000,0.000000,0.119215,0,0,0,0,0,0,0
6,69999,65,60000,72,10000,40,9999,0.100000,0,0,0.000000,6,0.000000,0.000000,0.141870,0,0,0,0,0,0,0
6,69999,66,60000,0,0,40,9999,0.100000,0,0,0.000000,6,0.000000,0.000000,0.204954,0,0,0,0,0,0,0
6,69999,67,60000,72,10000,40,9999,0.100000,0,0,0.000000,6,0.000000,0.000000,0.176806,0,0,0,0,0,0,0
6,69999,68,60000,72,10000,49,9999,0.100000,0,0,0.000000,6,2.000000,0.000000,7.128857,0,0,0,0,0,0,0
6,69999,69,60000,0,0,40,9999,0.100000,0,0,0.000000,6,0.000000,0.000000,0.284333,0,0,0,0,0,0,0
6,69999,70,60000,20,0,40,9999,0.100000,0,0,0.000000,6,0.000000,0.000000,0.088263,0,0,0,0,0,0,0
6,69999,71,60000,20,0,49,9999,0.100000,0,0,0.000000,6,2.000000,0.000000,15.635696,0,0,0,0,0,0,0
6,69999,72,60000,0,0,40,9999,0.100000,0,0,0.000000,6,0.000000,0.000000,0.097664,0,0,0,0,0,0,0
6,69999,73,60000,4,10000,40,9999,0.100000,0,0,0.000000,6,0.000000,0.000000,1.887083,0,0,0,0,0,0,0
6,69999,74,60000,7,30000,49,9999,0.100000,0,0,0.000000,6,1.000000,0.000000,11.760090,0,0,0,0,0,0,0
6,69999,75,60000,0,40000,40,9999,0.100000,0,0,0.000000,6,0.000000,0.000000,0.352371,0,0,0,0,0,0,0
6,69999,76,60000,7,30000,40,9999,0.100000,0,0,0.000000,6,0.000000,0.000000,4.657881,0,0,0,0,0,0,0
6,69999,77,60000,72,10000,49,9999,0.100000,0,0,0.000000,6,4.000000,0.000000,8.374144,0,0,0,0,0,0,0
6,69999,78,60000,0,40000,40,9999,0.100000,0,0,0.000000,6,0.000000,0.000000,0.086638,0,0,0,0,0,0,0
6,69999,79,60000,0,0,40,9999,0.100000,0,0,0.000000,6,0.000000,0.000000,0.105567,0,0,0,0,0,0,0
6,69999,80,60000,7,30000,40,9999,0.100000,0,0,0.000000,6,0.000000,0.000000,0.487267,0,0,0,0,0,0,0
6,69999,81,60000,20,0,40,9999,0.100000,0,0,0.000000,6,0.000000,0.000000,0.969432,0,0,0,0,0,0,0
6,69999,82,60000,72,10000,40,9999,0.100000,0,0,0.000000,6,0.000000,0.000000,0.402348,0,0,0,0,0,0,0
6,69999,83,60000,72,10000,40,9999,0.100000,0,0,0.000000,6,0.000000,0.000000,0.194914,0,0,0,0,0,0,0
6,69999,84,60000,72,10000,40,9999,0.100000,0,0,0.000000,6,0.000000,0.000000,0.632947,0,0,0,0,0,0,0
6,69999,85,60000,0,40000,40,9999,0.100000,0,0,0.000000,6,0.000000,0.000000,0.137282,0,0,0,0,0,0,0
6,69999,86,60000,0,40000,40,9999,0.100000,0,0,0.000000,6,0.000000,0.000000,0.497963,0,0,0,0,0,0,0
6,69999,87,60000,20,0,40,9999,0.100000,0,0,0.000000,6,0.000000,0.000000,0.530308,0,0,0,0,0,0,0
6,69999,88,60000,0,0,40,9999,0.100000,0,0,0.000000,6,0.000000,0.000000,0.079610,0,0,0,0,0,0,0
6,69999,89,60000,7,30000,40,9999,0.100000,0,0,0.000000,6,0.000000,0.000000,0.092302,0,0,0,0,0,0,0
6,69999,90,60000,0,0,40,9999,0.100000,0,0,0.000000,6,0.000000,0.000000,0.341017,0,0,0,0,0,0,0
6,69999,91,60000,7,30000,40,9999,0.100000,0,0,0.000000,6,0.000000,0.000000,0.613422,0,0,0,0,0,0,0
6,69999,92,60000,72,10000,49,9999,0.100000,0,0,0.000000,6,13.000000,0.000000,14.465149,0,0,0,0,0,0,0
6,69999,93,60000,72,10000,40,9999,0.100000,0,0,0.000000,6,0.000000,0.000000,0.079817,0,0,0,0,0,0,0
6,69999,94,60000,4,10000,40,9999,0.100000,0,0,0.000000,6,0.000000,0.000000,1.480011,0,0,0,0,0,0,0
6,69999,95,60000,7,30000,49,9999,0.100000,0,0,0.000000,6,1.000000,0.000000,10.948018,0,0,0,0,0,0,0
6,69999,96,60000,4,10000,40,9999,0.100000,0,0,0.000000,6,0.000000,0.000000,0.131364,0,0,0,0,0,0,0
6,69999,97,60000,72,10000,40,9999,0.100000,0,0,0.000000,6,0.000000,0.000000,0.230061,0,0,0,0,0,0,0
6,69999,98,60000,0,0,40,9999,0.100000,0,0,0.000000,6,0.000000,0.000000,0.206450,0,0,0,0,0,0,0
6,69999,99,60000,7,30000,40,9999,0.100000,0,0,0.000000,6,0.000000,0.000000,0.240853,0,0,0,0,0,0,0
7,79999,0,70000,20,0,40,9999,0.100000,0,0,0.000000,6,0.000000,0.000000,0.820491,0,0,0,0,0,0,0
7,79999,1,70000,4,10000,40,9999,0.100000,0,0,0.000000,6,0.000000,0.000000,0.898805,0,0,0,0,0,0,0
7,79999,2,70000,7,30000,40,9999,0.100000,0,0,0.000000,6,0.000000,0.000000,0.921641,0,0,0,0,0,0,0
7,79999,3,70000,0,60000,40,9999,0.100000,0,0,0.000000,6,0.000000,0.000000,0.086007,0,0,0,0,0,0,0
7,79999,4,70000,20,0,49,9999,0.100000,0,0,0.000000,6,1.000000,0.000000,1.178075,0,0,0,0,0,0,0
7,79999,5,70000,0,40000,40,9999,0.100000,0,0,0.000000,6,0.000000,0.000000,1.524879,0,0,0,0,0,0,0
7,79999,6,70000,4,10000,40,9999,0.100000,0,0,0.000000,6,0.000000,0.000000,0.141862,0,0,0,0,0,0,0
7,79999,7,70000,20,0,40,9999,0.100000,0,0,0.000000,6,0.000000,0.000000,0.970462,0,0,0,0,0,0,0
7,79999,8,70000,72,10000,40,9999,0.100000,0,0,0.000000,6,0.000000,0.000000,0.093618,0,0,0,0,0,0,0
7,79999,9,70000,4,10000,40,9999,0.100000,0,0,0.000000,6,0.000000,0.000000,14.930015,0,0,0,0,0,0,0
7,79999,10,70000,7,30000,40,9999,0.100000,0,0,0.000000,6,0.000000,0.000000,0.591070,0,0,0,0,0,0,0
7,79999,11,70000,0,60000,40,9999,0.100000,0,0,0.000000,6,0.000000,0.000000,22.684890,0,0,0,0,0,0,0
7,79999,12,70000,0,40000,40,9999,0.100000,0,0,0.000000,6,0.000000,0.000000,0.537845,0,0,0,0,0,0,0
7,79999,13,70000,0,60000,40,9999,0.100000,0,0,0.000000,6,0.000000,0.000000,2.121180,0,0,0,0,0,0,0
7,79999,14,70000,72,10000,40,9999,0.100000,0,0,0.000000,6,0.000000,0.000000,0.878332,0,0,0,0,0,0,0
7,79999,15,70000,72,10000,40,9999,0.100000,0,0,0.000000,6,0.000000,0.000000,0.161232,0,0,0,0,0,0,0
7,79999,16,70000,20,0,40,9999,0.100000,0,0,0.000000,6,0.000000,0.000000,0.072778,0,0,0,0,0,0,0
7,79999,17,70000,7,30000,40,9999,0.100000,0,0,0.000000,6,0.000000,0.000000,0.730631,0,0,0,0,0,0,0
7,79999,18,70000,7,30000,40,9999,0.100000,0,0,0.000000,6,0.000000,0.000000,1.869523,0,0,0,0,0,0,0
7,79999,19,70000,0,60000,40,9999,0.100000,0,0,0.000000,6,0.000000,0.000000,2.515643,0,0,0,0,0,0,0
7,79999,20,70000,20,0,40,9999,0.100000,0,0,0.000000,6,0.000000,0.000000,0.093476,0,0,0,0,0,0,0
7,79999,21,70000,72,10000,40,9999,0.100000,0,0,0.000000,6,0.000000,0.000000,1.381176,0,0,0,0,0,0,0
7,79999,22,70000,72,10000,40,9999,0.100000,0,0,0.000000,6,0.000000,0.000000,1.612357,0,0,0,0,0,0,0
7,79999,23,70000,20,0,40,9999,0.135000,0,0,0.000000,6,0.000000,0.000000,1.806764,0,0,0,0,0,0,0
7,79999,24,70000,7,30000,40,9999,0.100000,0,0,0.000000,6,0.000000,0.000000,0.622775,0,0,0,0,0,0,0
7,79999,25,70000,20,0,40,9999,0.100000,0,0,0.000000,6,0.000000,0.000000,0.510789,0,0,0,0,0,0,0
7,79999,26,70000,7,30000,40,9999,0.100000,0,0,0.000000,6,0.000000,0.000000,0.078716,0,0,0,0,0,0,0
7,79999,27,70000,72,10000,40,9999,0.065000,0,0,0.000000,6,0.000000,0.000000,0.941123,0,0,0,0,0,0,0
7,79999,28,70000,20,0,40,9999,0.100000,0,0,0.000000,6,0.000000,0.000000,0.097852,0,0,0,0,0,0,0
7,79999,29,70000,20,0,40,9999,0.100000,0,0,0.000000,6,0.000000,0.000000,0.081580,0,0,0,0,0,0,0
7,79999,30,70000,0,60000,49,9999,0.100000,0,0,0.000000,6,1.000000,0.000000,10.144566,0,0,0,0,0,0,0
7,79999,31,70000,4,10000,40,9999,0.100000,0,0,0.000000,6,0.000000,0.000000,0.296217,0,0,0,0,0,0,0
7,79999,32,70000,72,10000,49,9999,0.100000,0,0,0.000000,6,1.000000,0.000000,1.375346,0,0,0,0,0,0,0
7,79999,33,70000,72,10000,40,9999,0.100000,0,0,0.000000,6,0.000000,0.000000,0.431813,0,0,0,0,0,0,0
7,79999,34,70000,0,0,40,9999,0.100000,0,0,0.000000,6,0.000000,0.000000,0.138712,0,0,0,0,0,0,0
7,79999,35,70000,4,10000,40,9999,0.100000,0,0,0.000000,6,0.000000,0.000000,0.212854,0,0,0,0,0,0,0
7,79999,36,70000,7,30000,40,9999,0.100000,0,0,0.000000,6,0.000000,0.000000,0.299810,0,0,0,0,0,0,0
7,79999,37,70000,0,40000,40,9999,0.100000,0,0,0.000000,6,0.000000,0.000000,0.169487,0,0,0,0,0,0,0
7,79999,38,70000,20,0,40,9999,0.100000,0,0,0.000000,6,0.000000,0.000000,0.088882,0,0,0,0,0,0,0
7,79999,39,70000,20,0,40,9999,0.100000,0,0,0.000000,6,0.000000,0.000000,0.082543,0,0,0,0,0,0,0
7,79999,40,70000,20,0,40,9999,0.100000,0,0,0.000000,6,0.000000,0.000000,1.734573,0,0,0,0,0,0,0
7,79999,41,70000,72,10000,40,9999,0.100000,0,0,0.000000,6,0.000000,0.000000,0.088683,0,0,0,0,0,0,0
7,79999,42,70000,0,40000,40,9999,0.100000,0,0,0.000000,6,0.000000,0.000000,0.088891,0,0,0,0,0,0,0
7,79999,43,70000,4,10000,40,9999,0.100000,0,0,0.000000,6,0.000000,0.000000,0.267544,0,0,0,0,0,0,0
7,79999,44,70000,4,10000,40,9999,0.100000,0,0,0.000000,6,0.000000,0.000000,0.071917,0,0,0,0,0,0,0
7,79999,45,70000,20,0,40,9999,0.100000,0,0,0.000000,6,0.000000,0.000000,0.142293,0,0,0,0,0,0,0
7,79999,46,70000,20,0,49,9999,0.100000,0,0,0.000000,6,1.000000,0.000000,5.174612,0,0,0,0,0,0,0
7,79999,47,70000,0,60000,40,9999,0.135000,0,0,0.000000,6,0.000000,0.000000,0.574414,0,0,0,0,0,0,0
7,79999,48,70000,0,40000,40,9999,0.100000,0,0,0.000000,6,0.000000,0.000000,8.187235,0,0,0,0,0,0,0
7,79999,49,70000,7,30000,40,9999,0.100000,0,0,0.000000,6,0.000000,0.000000,0.078517,0,0,0,0,0,0,0
7,79999,50,70000,0,40000,40,9999,0.100000,0,0,0.000000,6,0.000000,0.000000,0.227186,0,0,0,0,0,0,0
7,79999,51,70000,7,30000,40,9999,0.100000,0,0,0.000000,6,0.000000,0.000000,1.158241,0,0,0,0,0,0,0
7,79999,52,70000,20,0,40,9999,0.100000,0,0,0.000000,6,0.000000,0.000000,0.451215,0,0,0,0,0,0,0
7,79999,53,70000,0,60000,40,9999,0.100000,0,0,0.000000,6,0.000000,0.000000,0.164891,0,0,0,0,0,0,0
7,79999,54,70000,4,10000,40,9999,0.100000,0,0,0.000000,6,0.000000,0.000000,7.354310,0,0,0,0,0,0,0
7,79999,55,70000,0,60000,40,9999,0.100000,0,0,0.000000,6,0.000000,0.000000,2.114340,0,0,0,0,0,0,0
7,79999,56,70000,72,10000,40,9999,0.100000,0,0,0.000000,6,0.000000,0.000000,0.438919,0,0,0,0,0,0,0
7,79999,57,70000,20,0,40,9999,0.100000,0,0,0.000000,6,0.000000,0.000000,21.072337,0,0,0,0,0,0,0
7,79999,58,70000,72,10000,40,9999,0.100000,0,0,0.000000,6,0.000000,0.000000,0.105561,0,0,0,0,0,0,0
7,79999,59,70000,0,40000,49,9999,0.100000,0,0,0.000000,6,1.000000,0.000000,12.780061,0,0,0,0,0,0,0
7,79999,60,70000,7,30000,40,9999,0.100000,0,0,0.000000,6,0.000000,0.000000,0.085664,0,0,0,0,0,0,0
7,79999,61,70000,72,10000,40,9999,0.100000,0,0,0.000000,6,0.000000,0.000000,0.288397,0,0,0,0,0,0,0
7,79999,62,70000,72,10000,40,9999,0.100000,0,0,0.000000,6,0.000000,0.000000,0.952452,0,0,0,0,0,0,0
7,79999,63,70000,4,10000,40,9999,0.100000,0,0,0.000000,6,0.000000,0.000000,6.594817,0,0,0,0,0,0,0
7,79999,64,70000,4,10000,40,9999,0.100000,0,0,0.000000,6,0.000000,0.000000,0.081121,0,0,0,0,0,0,0
7,79999,65,70000,0,40000,40,9999,0.100000,0,0,0.000000,6,0.000000,0.000000,0.141962,0,0,0,0,0,0,0
7,79999,66,70000,4,10000,40,9999,0.135000,0,0,0.000000,6,0.000000,0.000000,0.111383,0,0,0,0,0,0,0
7,79999,67,70000,20,0,40,9999,0.100000,0,0,0.000000,6,0.000000,0.000000,0.173233,0,0,0,0,0,0,0
7,79999,68,70000,0,60000,40,9999,0.100000,0,0,0.000000,6,0.000000,0.000000,3.316085,0,0,0,0,0,0,0
7,79999,69,70000,20,0,40,9999,0.100000,0,0,0.000000,6,0.000000,0.000000,0.147442,0,0,0,0,0,0,0
7,79999,70,70000,0,60000,40,9999,0.100000,0,0,0.000000,6,0.000000,0.000000,0.090670,0,0,0,0,0,0,0
7,79999,71,70000,20,0,49,9999,0.100000,0,0,0.000000,6,1.000000,0.000000,20.537783,0,0,0,0,0,0,0
7,79999,72,70000,72,10000,49,9999,0.100000,0,0,0.000000,6,11.000000,0.000000,23.322662,0,0,0,0,0,0,0
7,79999,73,70000,0,40000,40,9999,0.100000,0,0,0.000000,6,0.000000,0.000000,0.965291,0,0,0,0,0,0,0
7,79999,74,70000,7,30000,49,9999,0.100000,0,0,0.000000,6,1.000000,0.000000,10.061214,0,0,0,0,0,0,0
7,79999,75,70000,0,40000,40,9999,0.100000,0,0,0.000000,6,0.000000,0.000000,0.418083,0,0,0,0,0,0,0
7,79999,76,70000,0,60000,40,9999,0.100000,0,0,0.000000,6,0.000000,0.000000,1.117804,0,0,0,0,0,0,0
7,79999,77,70000,0,40000,40,9999,0.100000,0,0,0.000000,6,0.000000,0.000000,0.336427,0,0,0,0,0,0,0
7,79999,78,70000,4,10000,40,9999,0.100000,0,0,0.000000,6,0.000000,0.000000,0.111194,0,0,0,0,0,0,0
7,79999,79,70000,7,30000,40,9999,0.100000,0,0,0.000000,6,0.000000,0.000000,0.122545,0,0,0,0,0,0,0
7,79999,80,70000,20,0,49,9999,0.100000,0,0,0.000000,6,1.000000,0.000000,1.378289,0,0,0,0,0,0,0
7,79999,81,70000,0,60000,49,9999,0.100000,0,0,0.000000,6,5.000000,0.000000,12.748129,0,0,0,0,0,0,0
7,79999,82,70000,4,10000,40,9999,0.100000,0,0,0.000000,6,0.000000,0.000000,0.380832,0,0,0,0,0,0,0
7,79999,83,70000,72,10000,40,9999,0.100000,0,0,0.000000,6,0.000000,0.000000,0.210419,0,0,0,0,0,0,0
7,79999,84,70000,7,30000,49,9999,0.100000,0,0,0.000000,6,1.000000,0.000000,1.359531,0,0,0,0,0,0,0
7,79999,85,70000,0,60000,40,9999,0.100000,0,0,0.000000,6,0.000000,0.000000,0.152767,0,0,0,0,0,0,0
7,79999,86,70000,4,10000,40,9999,0.100000,0,0,0.000000,6,0.000000,0.000000,0.476460,0,0,0,0,0,0,0
7,79999,87,70000,20,0,40,9999,0.100000,0,0,0.000000,6,0.000000,0.000000,0.469735,0,0,0,0,0,0,0
7,79999,88,70000,7,30000,40,9999,0.100000,0,0,0.000000,6,0.000000,0.000000,0.077587,0,0,0,0,0,0,0
7,79999,89,70000,4,10000,40,9999,0.100000,0,0,0.000000,6,0.000000,0.000000,0.087337,0,0,0,0,0,0,0
7,79999,90,70000,20,0,40,9999,0.100000,0,0,0.000000,6,0.000000,0.000000,0.213614,0,0,0,0,0,0,0
7,79999,91,70000,20,0,40,9999,0.100000,0,0,0.000000,6,0.000000,0.000000,0.520540,0,0,0,0,0,0,0
7,79999,92,70000,20,0,40,9999,0.100000,0,0,0.000000,6,0.000000,0.000000,1.748892,0,0,0,0,0,0,0
7,79999,93,70000,7,30000,49,9999,0.100000,0,0,0.000000,6,5.000000,0.000000,10.290946,0,0,0,0,0,0,0
7,79999,94,70000,0,60000,40,9999,0.100000,0,0,0.000000,6,0.000000,0.000000,1.485192,0,0,0,0,0,0,0
7,79999,95,70000,4,10000,40,9999,0.100000,0,0,0.000000,6,0.000000,0.000000,6.028302,0,0,0,0,0,0,0
7,79999,96,70000,0,40000,40,9999,0.100000,0,0,0.000000,6,0.000000,0.000000,0.138501,0,0,0,0,0,0,0
7,79999,97,70000,0,60000,40,9999,0.100000,0,0,0.000000,6,0.000000,0.000000,0.240140,0,0,0,0,0,0,0
7,79999,98,70000,7,30000,40,9999,0.100000,0,0,0.000000,6,0.000000,0.000000,0.223404,0,0,0,0,0,0,0
7,79999,99,70000,0,60000,40,9999,0.100000,0,0,0.000000,6,0.000000,0.000000,0.106454,0,0,0,0,0,0,0
8,89999,0,80000,20,0,40,9999,0.100000,0,0,0.000000,6,0.000000,0.000000,0.777238,0,0,0,0,0,0,0
8,89999,1,80000,20,0,40,9999,0.100000,0,0,0.000000,6,0.000000,0.000000,0.902669,0,0,0,0,0,0,0
8,89999,2,80000,7,30000,40,9999,0.100000,0,0,0.000000,6,0.000000,0.000000,0.925351,0,0,0,0,0,0,0
8,89999,3,80000,72,70000,40,9999,0.100000,0,0,0.000000,6,0.000000,0.000000,0.105513,0,0,0,0,0,0,0
8,89999,4,80000,20,0,40,9999,0.100000,0,0,0.000000,6,0.000000,0.000000,1.659813,0,0,0,0,0,0,0
8,89999,5,80000,0,40000,40,9999,0.100000,0,0,0.000000,6,0.000000,0.000000,1.195487,0,0,0,0,0,0,0
8,89999,6,80000,20,0,40,9999,0.100000,0,0,0.000000,6,0.000000,0.000000,0.136975,0,0,0,0,0,0,0
8,89999,7,80000,0,60000,40,9999,0.100000,0,0,0.000000,6,0.000000,0.000000,0.204714,0,0,0,0,0,0,0
8,89999,8,80000,20,0,40,9999,0.100000,0,0,0.000000,6,0.000000,0.000000,0.087365,0,0,0,0,0,0,0
8,89999,9,80000,20,0,40,9999,0.100000,0,0,0.000000,6,0.000000,0.000000,1.693710,0,0,0,0,0,0,0
8,89999,10,80000,0,60000,40,9999,0.100000,0,0,0.000000,6,0.000000,0.000000,0.523494,0,0,0,0,0,0,0
8,89999,11,80000,0,60000,40,9999,0.100000,0,0,0.000000,6,0.000000,0.000000,22.301838,0,0,0,0,0,0,0
8,89999,12,80000,72,10000,40,9999,0.100000,0,0,0.000000,6,0.000000,0.000000,0.574269,0,0,0,0,0,0,0
8,89999,13,80000,4,10000,40,9999,0.100000,0,0,0.000000,6,0.000000,0.000000,2.764227,0,0,0,0,0,0,0
8,89999,14,80000,4,10000,40,9999,0.100000,0,0,0.000000,6,0.000000,0.000000,0.173340,0,0,0,0,0,0,0
8,89999,15,80000,7,30000,40,9999,0.100000,0,0,0.000000,6,0.000000,0.000000,0.101286,0,0,0,0,0,0,0
8,89999,16,80000,20,0,40,9999,0.100000,0,0,0.000000,6,0.000000,0.000000,0.070524,0,0,0,0,0,0,0
8,89999,17,80000,0,40000,40,9999,0.100000,0,0,0.000000,6,0.000000,0.000000,0.760745,0,0,0,0,0,0,0
8,89999,18,80000,72,70000,40,9999,0.100000,0,0,0.000000,6,0.000000,0.000000,0.731088,0,0,0,0,0,0,0
8,89999,19,80000,72,10000,40,9999,0.100000,0,0,0.000000,6,0.000000,0.000000,2.347794,0,0,0,0,0,0,0
8,89999,20,80000,72,70000,40,9999,0.100000,0,0,0.000000,6,0.000000,0.000000,0.094870,0,0,0,0,0,0,0
8,89999,21,80000,20,0,40,9999,0.100000,0,0,0.000000,6,0.000000,0.000000,0.367759,0,0,0,0,0,0,0
8,89999,22,80000,0,40000,40,9999,0.100000,0,0,0.000000,6,0.000000,0.000000,1.189905,0,0,0,0,0,0,0
8,89999,23,80000,0,60000,40,9999,0.100000,0,0,0.000000,6,0.000000,0.000000,4.551287,0,0,0,0,0,0,0
8,89999,24,80000,4,10000,40,9999,0.100000,0,0,0.000000,6,0.000000,0.000000,0.970390,0,0,0,0,0,0,0
8,89999,25,80000,0,40000,40,9999,0.100000,0,0,0.000000,6,0.000000,0.000000,0.533874,0,0,0,0,0,0,0
8,89999,26,80000,4,10000,40,9999,0.100000,0,0,0.000000,6,0.000000,0.000000,0.312695,0,0,0,0,0,0,0
8,89999,27,80000,72,70000,40,9999,0.100000,0,0,0.000000,6,0.000000,0.000000,0.867018,0,0,0,0,0,0,0
8,89999,28,80000,0,60000,40,9999,0.100000,0,0,0.000000,6,0.000000,0.000000,0.095900,0,0,0,0,0,0,0
8,89999,29,80000,72,10000,40,9999,0.100000,0,0,0.000000,6,0.000000,0.000000,0.081861,0,0,0,0,0,0,0
8,89999,30,80000,7,30000,49,9999,0.100000,0,0,0.000000,6,1.000000,0.000000,10.665375,0,0,0,0,0,0,0
8,89999,31,80000,0,60000,40,9999,0.100000,0,0,0.000000,6,0.000000,0.000000,0.225623,0,0,0,0,0,0,0
8,89999,32,80000,20,0,40,9999,0.100000,0,0,0.000000,6,0.000000,0.000000,0.808946,0,0,0,0,0,0,0
8,89999,33,80000,20,0,40,9999,0.100000,0,0,0.000000,6,0.000000,0.000000,1.152987,0,0,0,0,0,0,0
8,89999,34,80000,0,40000,40,9999,0.100000,0,0,0.000000,6,0.000000,0.000000,0.130191,0,0,0,0,0,0,0
8,89999,35,80000,72,10000,49,9999,0.100000,0,0,0.000000,6,7.000000,0.000000,14.731250,0,0,0,0,0,0,0
8,89999,36,80000,0,40000,40,9999,0.100000,0,0,0.000000,6,0.000000,0.000000,0.293383,0,0,0,0,0,0,0
8,89999,37,80000,0,60000,40,9999,0.100000,0,0,0.000000,6,0.000000,0.000000,0.205915,0,0,0,0,0,0,0
8,89999,38,80000,0,60000,40,9999,0.100000,0,0,0.000000,6,0.000000,0.000000,0.093281,0,0,0,0,0,0,0
8,89999,39,80000,72,70000,40,9999,0.100000,0,0,0.000000,6,0.000000,0.000000,0.080994,0,0,0,0,0,0,0
8,89999,40,80000,72,10000,40,9999,0.100000,0,0,0.000000,6,0.000000,0.000000,1.445299,0,0,0,0,0,0,0
8,89999,41,80000,20,0,49,9999,0.100000,0,0,0.000000,6,5.000000,0.000000,11.533627,0,0,0,0,0,0,0
8,89999,42,80000,0,40000,40,9999,0.100000,0,0,0.000000,6,0.000000,0.000000,1.074538,0,0,0,0,0,0,0
8,89999,43,80000,20,0,40,9999,0.100000,0,0,0.000000,6,0.000000,0.000000,1.429988,0,0,0,0,0,0,0
8,89999,44,80000,20,0,40,9999,0.100000,0,0,0.000000,6,0.000000,0.000000,0.070908,0,0,0,0,0,0,0
8,89999,45,80000,4,10000,49,9999,0.100000,0,0,0.000000,6,10.000000,0.000000,20.745866,0,0,0,0,0,0,0
8,89999,46,80000,0,40000,40,9999,0.100000,0,0,0.000000,6,0.000000,0.000000,0.913331,0,0,0,0,0,0,0
8,89999,47,80000,0,60000,40,9999,0.100000,0,0,0.000000,6,0.000000,0.000000,0.588470,0,0,0,0,0,0,0
8,89999,48,80000,0,60000,49,9999,0.100000,0,0,0.000000,6,9.000000,0.000000,26.353147,0,0,0,0,0,0,0
8,89999,49,80000,4,10000,40,9999,0.100000,0,0,0.000000,6,0.000000,0.000000,0.078933,0,0,0,0,0,0,0
8,89999,50,80000,20,0,40,9999,0.100000,0,0,0.000000,6,0.000000,0.000000,0.220817,0,0,0,0,0,0,0
8,89999,51,80000,4,10000,40,9999,0.100000,0,0,0.000000,6,0.000000,0.000000,0.258406,0,0,0,0,0,0,0
8,89999,52,80000,72,10000,40,9999,0.100000,0,0,0.000000,6,0.000000,0.000000,0.505281,0,0,0,0,0,0,0
8,89999,53,80000,4,10000,40,9999,0.100000,0,0,0.000000,6,0.000000,0.000000,0.219494,0,0,0,0,0,0,0
8,89999,54,80000,0,40000,40,9999,0.100000,0,0,0.000000,6,0.000000,0.000000,1.823922,0,0,0,0,0,0,0
8,89999,55,80000,4,10000,49,9999,0.100000,0,0,0.000000,6,1.000000,0.000000,6.546525,0,0,0,0,0,0,0
8,89999,56,80000,0,60000,40,9999,0.100000,0,0,0.000000,6,0.000000,0.000000,0.344838,0,0,0,0,0,0,0
8,89999,57,80000,72,10000,40,9999,0.100000,0,0,0.000000,6,0.000000,0.000000,21.468278,0,0,0,0,0,0,0
8,89999,58,80000,0,40000,40,9999,0.100000,0,0,0.000000,6,0.000000,0.000000,0.104748,0,0,0,0,0,0,0
8,89999,59,80000,72,70000,49,9999,0.100000,0,0,0.000000,6,1.000000,0.000000,11.748829,0,0,0,0,0,0,0
8,89999,60,80000,0,40000,40,9999,0.100000,0,0,0.000000,6,0.000000,0.000000,0.085658,0,0,0,0,0,0,0
8,89999,61,80000,4,10000,40,9999,0.100000,0,0,0.000000,6,0.000000,0.000000,0.283767,0,0,0,0,0,0,0
8,89999,62,80000,72,10000,40,9999,0.100000,0,0,0.000000,6,0.000000,0.000000,0.562041,0,0,0,0,0,0,0
8,89999,63,80000,4,10000,49,9999,0.100000,0,0,0.000000,6,2.000000,0.000000,9.956870,0,0,0,0,0,0,0
8,89999,64,80000,72,70000,40,9999,0.100000,0,0,0.000000,6,0.000000,0.000000,0.250603,0,0,0,0,0,0,0
8,89999,65,80000,0,40000,49,9999,0.100000,0,0,0.000000,6,1.000000,0.000000,4.054681,0,0,0,0,0,0,0
8,89999,66,80000,4,10000,40,9999,0.100000,0,0,0.000000,6,0.000000,0.000000,0.110170,0,0,0,0,0,0,0
8,89999,67,80000,4,10000,40,9999,0.100000,0,0,0.000000,6,0.000000,0.000000,0.213530,0,0,0,0,0,0,0
8,89999,68,80000,72,70000,40,9999,0.100000,0,0,0.000000,6,0.000000,0.000000,3.347796,0,0,0,0,0,0,0
8,89999,69,80000,0,60000,40,9999,0.100000,0,0,0.000000,6,0.000000,0.000000,0.149473,0,0,0,0,0,0,0
8,89999,70,80000,0,40000,40,9999,0.100000,0,0,0.000000,6,0.000000,0.000000,0.070628,0,0,0,0,0,0,0
8,89999,71,80000,0,60000,49,9999,0.100000,0,0,0.000000,6,2.000000,0.000000,2.704482,0,0,0,0,0,0,0
8,89999,72,80000,4,10000,40,9999,0.100000,0,0,0.000000,6,0.000000,0.000000,0.097379,0,0,0,0,0,0,0
8,89999,73,80000,0,60000,49,9999,0.100000,0,0,0.000000,6,3.000000,0.000000,5.083304,0,0,0,0,0,0,0
8,89999,74,80000,20,0,49,9999,0.100000,0,0,0.000000,6,2.000000,0.000000,8.157992,0,0,0,0,0,0,0
8,89999,75,80000,72,10000,40,9999,0.100000,0,0,0.000000,6,0.000000,0.000000,0.380687,0,0,0,0,0,0,0
8,89999,76,80000,20,0,49,9999,0.100000,0,0,0.000000,6,1.000000,0.000000,6.090791,0,0,0,0,0,0,0
8,89999,77,80000,20,0,40,9999,0.100000,0,0,0.000000,6,0.000000,0.000000,0.430588,0,0,0,0,0,0,0
8,89999,78,80000,20,0,40,9999,0.100000,0,0,0.000000,6,0.000000,0.000000,0.124079,0,0,0,0,0,0,0
8,89999,79,80000,72,10000,40,9999,0.100000,0,0,0.000000,6,0.000000,0.000000,0.106089,0,0,0,0,0,0,0
8,89999,80,80000,0,60000,40,9999,0.100000,0,0,0.000000,6,0.000000,0.000000,4.214918,0,0,0,0,0,0,0
8,89999,81,80000,0,40000,49,9999,0.100000,0,0,0.000000,6,5.000000,0.000000,12.622931,0,0,0,0,0,0,0
8,89999,82,80000,0,60000,40,9999,0.100000,0,0,0.000000,6,0.000000,0.000000,0.366008,0,0,0,0,0,0,0
8,89999,83,80000,72,10000,40,9999,0.100000,0,0,0.000000,6,0.000000,0.000000,0.207756,0,0,0,0,0,0,0
8,89999,84,80000,0,40000,40,9999,0.100000,0,0,0.000000,6,0.000000,0.000000,0.812745,0,0,0,0,0,0,0
8,89999,85,80000,0,60000,40,9999,0.100000,0,0,0.000000,6,0.000000,0.000000,0.178546,0,0,0,0,0,0,0
8,89999,86,80000,4,10000,40,9999,0.100000,0,0,0.000000,6,0.000000,0.000000,0.460499,0,0,0,0,0,0,0
8,89999,87,80000,0,40000,40,9999,0.100000,0,0,0.000000,6,0.000000,0.000000,0.594059,0,0,0,0,0,0,0
8,89999,88,80000,4,10000,49,9999,0.100000,0,0,0.000000,6,10.000000,0.000000,42.454673,0,0,0,0,0,0,0
8,89999,89,80000,0,40000,40,9999,0.100000,0,0,0.000000,6,0.000000,0.000000,0.135654,0,0,0,0,0,0,0
8,89999,90,80000,72,70000,40,9999,0.100000,0,0,0.000000,6,0.000000,0.000000,1.215273,0,0,0,0,0,0,0
8,89999,91,80000,4,10000,40,9999,0.100000,0,0,0.000000,6,0.000000,0.000000,0.518122,0,0,0,0,0,0,0
8,89999,92,80000,72,10000,40,9999,0.100000,0,0,0.000000,6,0.000000,0.000000,1.254822,0,0,0,0,0,0,0
8,89999,93,80000,20,0,40,9999,0.100000,0,0,0.000000,6,0.000000,0.000000,0.083635,0,0,0,0,0,0,0
8,89999,94,80000,0,40000,40,9999,0.100000,0,0,0.000000,6,0.000000,0.000000,1.558291,0,0,0,0,0,0,0
8,89999,95,80000,20,0,49,9999,0.100000,0,0,0.000000,6,1.000000,0.000000,10.101602,0,0,0,0,0,0,0
8,89999,96,80000,72,70000,40,9999,0.100000,0,0,0.000000,6,0.000000,0.000000,0.126862,0,0,0,0,0,0,0
8,89999,97,80000,0,60000,40,9999,0.100000,0,0,0.000000,6,0.000000,0.000000,0.244712,0,0,0,0,0,0,0
8,89999,98,80000,72,10000,40,9999,0.065000,0,0,0.000000,6,0.000000,0.000000,0.210995,0,0,0,0,0,0,0
8,89999,99,80000,4,10000,40,9999,0.100000,0,0,0.000000,6,0.000000,0.000000,0.104887,0,0,0,0,0,0,0
9,99999,0,90000,72,70000,49,9999,0.100000,0,0,0.000000,6,1.000000,0.000000,1.696771,0,0,0,0,0,0,0
9,99999,1,90000,0,60000,49,9999,0.100000,0,0,0.000000,6,1.000000,0.000000,2.272658,0,0,0,0,0,0,0
9,99999,2,90000,0,40000,40,9999,0.100000,0,0,0.000000,6,0.000000,0.000000,2.751235,0,0,0,0,0,0,0
9,99999,3,90000,72,10000,40,9999,0.100000,0,0,0.000000,6,0.000000,0.000000,0.082817,0,0,0,0,0,0,0
9,99999,4,90000,0,60000,40,9999,0.100000,0,0,0.000000,6,0.000000,0.000000,2.601623,0,0,0,0,0,0,0
9,99999,5,90000,72,10000,40,9999,0.100000,0,0,0.000000,6,0.000000,0.000000,0.712332,0,0,0,0,0,0,0
9,99999,6,90000,4,10000,40,9999,0.100000,0,0,0.000000,6,0.000000,0.000000,0.137202,0,0,0,0,0,0,0
9,99999,7,90000,72,10000,40,9999,0.100000,0,0,0.000000,6,0.000000,0.000000,0.162359,0,0,0,0,0,0,0
9,99999,8,90000,0,40000,40,9999,0.100000,0,0,0.000000,6,0.000000,0.000000,0.085364,0,0,0,0,0,0,0
9,99999,9,90000,4,10000,40,9999,0.100000,0,0,0.000000,6,0.000000,0.000000,0.103716,0,0,0,0,0,0,0
9,99999,10,90000,0,60000,40,9999,0.100000,0,0,0.000000,6,0.000000,0.000000,0.462406,0,0,0,0,0,0,0
9,99999,11,90000,0,60000,40,9999,0.100000,0,0,0.000000,6,0.000000,0.000000,21.652196,0,0,0,0,0,0,0
9,99999,12,90000,72,10000,40,9999,0.100000,0,0,0.000000,6,0.000000,0.000000,0.549853,0,0,0,0,0,0,0
9,99999,13,90000,4,10000,40,9999,0.100000,0,0,0.000000,6,0.000000,0.000000,2.109536,0,0,0,0,0,0,0
9,99999,14,90000,20,0,40,9999,0.100000,0,0,0.000000,6,0.000000,0.000000,0.101717,0,0,0,0,0,0,0
9,99999,15,90000,72,70000,40,9999,0.100000,0,0,0.000000,6,0.000000,0.000000,0.093289,0,0,0,0,0,0,0
9,99999,16,90000,0,40000,40,9999,0.100000,0,0,0.000000,6,0.000000,0.000000,0.110655,0,0,0,0,0,0,0
9,99999,17,90000,20,0,40,9999,0.100000,0,0,0.000000,6,0.000000,0.000000,0.721486,0,0,0,0,0,0,0
9,99999,18,90000,0,60000,49,9999,0.100000,0,0,0.000000,6,1.000000,0.000000,4.668188,0,0,0,0,0,0,0
9,99999,19,90000,0,60000,40,9999,0.100000,0,0,0.000000,6,0.000000,0.000000,6.607243,0,0,0,0,0,0,0
9,99999,20,90000,72,70000,40,9999,0.100000,0,0,0.000000,6,0.000000,0.000000,0.096948,0,0,0,0,0,0,0
9,99999,21,90000,20,0,40,9999,0.100000,0,0,0.000000,6,0.000000,0.000000,0.144184,0,0,0,0,0,0,0
9,99999,22,90000,0,60000,40,9999,0.100000,0,0,0.000000,6,0.000000,0.000000,0.092295,0,0,0,0,0,0,0
9,99999,23,90000,20,0,40,9999,0.100000,0,0,0.000000,6,0.000000,0.000000,4.415482,0,0,0,0,0,0,0
9,99999,24,90000,0,40000,40,9999,0.100000,0,0,0.000000,6,0.000000,0.000000,0.848230,0,0,0,0,0,0,0
9,99999,25,90000,0,40000,49,9999,0.100000,0,0,0.000000,6,1.000000,0.000000,1.933537,0,0,0,0,0,0,0
9,99999,26,90000,72,70000,40,9999,0.100000,0,0,0.000000,6,0.000000,0.000000,0.073612,0,0,0,0,0,0,0
9,99999,27,90000,72,70000,49,9999,0.100000,0,0,0.000000,6,1.000000,0.000000,5.091621,0,0,0,0,0,0,0
9,99999,28,90000,0,40000,40,9999,0.100000,0,0,0.000000,6,0.000000,0.000000,0.097151,0,0,0,0,0,0,0
9,99999,29,90000,0,60000,40,9999,0.100000,0,0,0.000000,6,0.000000,0.000000,0.084781,0,0,0,0,0,0,0
9,99999,30,90000,4,10000,40,9999,0.100000,0,0,0.000000,6,0.000000,0.000000,3.988853,0,0,0,0,0,0,0
9,99999,31,90000,20,0,40,9999,0.100000,0,0,0.000000,6,0.000000,0.000000,0.106960,0,0,0,0,0,0,0
9,99999,32,90000,0,40000,49,9999,0.100000,0,0,0.000000,6,1.000000,0.000000,6.343852,0,0,0,0,0,0,0
9,99999,33,90000,20,0,40,9999,0.100000,0,0,0.000000,6,0.000000,0.000000,1.148076,0,0,0,0,0,0,0
9,99999,34,90000,0,60000,49,9999,0.100000,0,0,0.000000,6,6.000000,0.000000,12.516273,0,0,0,0,0,0,0
9,99999,35,90000,72,10000,40,9999,0.100000,0,0,0.000000,6,0.000000,0.000000,0.214577,0,0,0,0,0,0,0
9,99999,36,90000,20,0,40,9999,0.100000,0,0,0.000000,6,0.000000,0.000000,0.292466,0,0,0,0,0,0,0
9,99999,37,90000,72,70000,40,9999,0.100000,0,0,0.000000,6,0.000000,0.000000,0.334733,0,0,0,0,0,0,0
9,99999,38,90000,0,40000,40,9999,0.100000,0,0,0.000000,6,0.000000,0.000000,0.078440,0,0,0,0,0,0,0
9,99999,39,90000,72,10000,40,9999,0.100000,0,0,0.000000,6,0.000000,0.000000,0.078564,0,0,0,0,0,0,0
9,99999,40,90000,4,10000,40,9999,0.100000,0,0,0.000000,6,0.000000,0.000000,1.308112,0,0,0,0,0,0,0
9,99999,41,90000,0,60000,40,9999,0.100000,0,0,0.000000,6,0.000000,0.000000,0.086677,0,0,0,0,0,0,0
9,99999,42,90000,20,0,40,9999,0.100000,0,0,0.000000,6,0.000000,0.000000,0.100889,0,0,0,0,0,0,0
9,99999,43,90000,72,70000,40,9999,0.100000,0,0,0.000000,6,0.000000,0.000000,0.760816,0,0,0,0,0,0,0
9,99999,44,90000,72,10000,40,9999,0.100000,0,0,0.000000,6,0.000000,0.000000,0.074913,0,0,0,0,0,0,0
9,99999,45,90000,4,10000,40,9999,0.100000,0,0,0.000000,6,0.000000,0.000000,0.585751,0,0,0,0,0,0,0
9,99999,46,90000,20,0,40,9999,0.100000,0,0,0.000000,6,0.000000,0.000000,1.730443,0,0,0,0,0,0,0
9,99999,47,90000,20,0,40,9999,0.100000,0,0,0.000000,6,0.000000,0.000000,1.794204,0,0,0,0,0,0,0
9,99999,48,90000,4,10000,40,9999,0.100000,0,0,0.000000,6,0.000000,0.000000,8.088213,0,0,0,0,0,0,0
9,99999,49,90000,4,10000,40,9999,0.100000,0,0,0.000000,6,0.000000,0.000000,0.082807,0,0,0,0,0,0,0
9,99999,50,90000,0,40000,40,9999,0.100000,0,0,0.000000,6,0.000000,0.000000,0.217560,0,0,0,0,0,0,0
9,99999,51,90000,72,10000,40,9999,0.100000,0,0,0.000000,6,0.000000,0.000000,0.967899,0,0,0,0,0,0,0
9,99999,52,90000,72,10000,40,9999,0.100000,0,0,0.000000,6,0.000000,0.000000,0.446693,0,0,0,0,0,0,0
9,99999,53,90000,72,70000,49,9999,0.100000,0,0,0.000000,6,4.000000,0.000000,8.369985,0,0,0,0,0,0,0
9,99999,54,90000,72,70000,40,9999,0.100000,0,0,0.000000,6,0.000000,0.000000,0.125011,0,0,0,0,0,0,0
9,99999,55,90000,72,70000,40,9999,0.100000,0,0,0.000000,6,0.000000,0.000000,0.111166,0,0,0,0,0,0,0
9,99999,56,90000,72,70000,40,9999,0.100000,0,0,0.000000,6,0.000000,0.000000,0.338565,0,0,0,0,0,0,0
9,99999,57,90000,20,0,40,9999,0.100000,0,0,0.000000,6,0.000000,0.000000,21.865774,0,0,0,0,0,0,0
9,99999,58,90000,4,10000,40,9999,0.100000,0,0,0.000000,6,0.000000,0.000000,0.091753,0,0,0,0,0,0,0
9,99999,59,90000,72,10000,40,9999,0.100000,0,0,0.000000,6,0.000000,0.000000,8.787581,0,0,0,0,0,0,0
9,99999,60,90000,0,60000,49,9999,0.100000,0,0,0.000000,6,2.000000,0.000000,5.064220,0,0,0,0,0,0,0
9,99999,61,90000,0,40000,40,9999,0.100000,0,0,0.000000,6,0.000000,0.000000,0.277214,0,0,0,0,0,0,0
9,99999,62,90000,72,70000,40,9999,0.100000,0,0,0.000000,6,0.000000,0.000000,1.024141,0,0,0,0,0,0,0
9,99999,63,90000,72,10000,49,9999,0.100000,0,0,0.000000,6,1.000000,0.000000,12.106707,0,0,0,0,0,0,0
9,99999,64,90000,0,40000,40,9999,0.100000,0,0,0.000000,6,0.000000,0.000000,0.089220,0,0,0,0,0,0,0
9,99999,65,90000,20,0,40,9999,0.100000,0,0,0.000000,6,0.000000,0.000000,0.139365,0,0,0,0,0,0,0
9,99999,66,90000,20,0,40,9999,0.100000,0,0,0.000000,6,0.000000,0.000000,0.111554,0,0,0,0,0,0,0
9,99999,67,90000,4,10000,40,9999,0.100000,0,0,0.000000,6,0.000000,0.000000,0.227886,0,0,0,0,0,0,0
9,99999,68,90000,72,70000,40,9999,0.100000,0,0,0.000000,6,0.000000,0.000000,3.267595,0,0,0,0,0,0,0
9,99999,69,90000,0,60000,40,9999,0.100000,0,0,0.000000,6,0.000000,0.000000,0.142911,0,0,0,0,0,0,0
9,99999,70,90000,20,0,40,9999,0.100000,0,0,0.000000,6,0.000000,0.000000,0.070851,0,0,0,0,0,0,0
9,99999,71,90000,0,60000,40,9999,0.100000,0,0,0.000000,6,0.000000,0.000000,0.634999,0,0,0,0,0,0,0
9,99999,72,90000,72,70000,40,9999,0.100000,0,0,0.000000,6,0.000000,0.000000,0.097728,0,0,0,0,0,0,0
9,99999,73,90000,0,60000,40,9999,0.100000,0,0,0.000000,6,0.000000,0.000000,2.090647,0,0,0,0,0,0,0
9,99999,74,90000,4,10000,49,9999,0.100000,0,0,0.000000,6,1.000000,0.000000,6.075331,0,0,0,0,0,0,0
9,99999,75,90000,20,0,40,9999,0.100000,0,0,0.000000,6,0.000000,0.000000,0.378651,0,0,0,0,0,0,0
9,99999,76,90000,0,60000,40,9999,0.100000,0,0,0.000000,6,0.000000,0.000000,2.218725,0,0,0,0,0,0,0
9,99999,77,90000,0,40000,49,9999,0.100000,0,0,0.000000,6,3.000000,0.000000,8.503683,0,0,0,0,0,0,0
9,99999,78,90000,0,60000,40,9999,0.100000,0,0,0.000000,6,0.000000,0.000000,0.089386,0,0,0,0,0,0,0
9,99999,79,90000,20,0,40,9999,0.100000,0,0,0.000000,6,0.000000,0.000000,0.109542,0,0,0,0,0,0,0
9,99999,80,90000,0,60000,40,9999,0.100000,0,0,0.000000,6,0.000000,0.000000,2.097003,0,0,0,0,0,0,0
9,99999,81,90000,72,10000,40,9999,0.100000,0,0,0.000000,6,0.000000,0.000000,0.922374,0,0,0,0,0,0,0
9,99999,82,90000,20,0,40,9999,0.100000,0,0,0.000000,6,0.000000,0.000000,0.361410,0,0,0,0,0,0,0
9,99999,83,90000,72,10000,40,9999,0.100000,0,0,0.000000,6,0.000000,0.000000,1.266617,0,0,0,0,0,0,0
9,99999,84,90000,72,70000,49,9999,0.100000,0,0,0.000000,6,3.000000,0.000000,10.160973,0,0,0,0,0,0,0
9,99999,85,90000,0,40000,40,9999,0.100000,0,0,0.000000,6,0.000000,0.000000,0.308529,0,0,0,0,0,0,0
9,99999,86,90000,0,40000,40,9999,0.100000,0,0,0.000000,6,0.000000,0.000000,0.467248,0,0,0,0,0,0,0
9,99999,87,90000,72,70000,49,9999,0.100000,0,0,0.000000,6,1.000000,0.000000,1.549667,0,0,0,0,0,0,0
9,99999,88,90000,0,60000,40,9999,0.100000,0,0,0.000000,6,0.000000,0.000000,0.077116,0,0,0,0,0,0,0
9,99999,89,90000,72,70000,40,9999,0.100000,0,0,0.000000,6,0.000000,0.000000,0.134677,0,0,0,0,0,0,0
9,99999,90,90000,72,70000,40,9999,0.100000,0,0,0.000000,6,0.000000,0.000000,0.226891,0,0,0,0,0,0,0
9,99999,91,90000,72,70000,40,9999,0.100000,0,0,0.000000,6,0.000000,0.000000,0.459599,0,0,0,0,0,0,0
9,99999,92,90000,72,70000,40,9999,0.100000,0,0,0.000000,6,0.000000,0.000000,1.324958,0,0,0,0,0,0,0
9,99999,93,90000,72,70000,49,9999,0.100000,0,0,0.000000,6,5.000000,0.000000,10.327827,0,0,0,0,0,0,0
9,99999,94,90000,72,10000,40,9999,0.100000,0,0,0.000000,6,0.000000,0.000000,1.755852,0,0,0,0,0,0,0
9,99999,95,90000,72,10000,49,9999,0.100000,0,0,0.000000,6,1.000000,0.000000,12.102420,0,0,0,0,0,0,0
9,99999,96,90000,20,0,40,9999,0.100000,0,0,0.000000,6,0.000000,0.000000,0.126885,0,0,0,0,0,0,0
9,99999,97,90000,20,0,40,9999,0.100000,0,0,0.000000,6,0.000000,0.000000,0.232782,0,0,0,0,0,0,0
9,99999,98,90000,20,0,40,9999,0.100000,0,0,0.000000,6,0.000000,0.000000,0.217705,0,0,0,0,0,0,0
9,99999,99,90000,0,40000,49,9999,0.100000,0,0,0.000000,6,4.000000,0.000000,8.676954,0,0,0,0,0,0,0
10,109999,0,100000,4,10000,40,9999,0.100000,0,0,0.000000,6,0.000000,0.000000,0.627800,0,0,0,0,0,0,0
10,109999,1,100000,20,0,40,9999,0.100000,0,0,0.000000,6,0.000000,0.000000,0.415584,0,0,0,0,0,0,0
10,109999,2,100000,4,10000,40,9999,0.100000,0,0,0.000000,6,0.000000,0.000000,0.503764,0,0,0,0,0,0,0
10,109999,3,100000,20,0,40,9999,0.100000,0,0,0.000000,6,0.000000,0.000000,0.104102,0,0,0,0,0,0,0
10,109999,4,100000,0,60000,40,9999,0.100000,0,0,0.000000,6,0.000000,0.000000,0.663453,0,0,0,0,0,0,0
10,109999,5,100000,72,10000,40,9999,0.100000,0,0,0.000000,6,0.000000,0.000000,1.206257,0,0,0,0,0,0,0
10,109999,6,100000,0,40000,40,9999,0.100000,0,0,0.000000,6,0.000000,0.000000,0.136443,0,0,0,0,0,0,0
10,109999,7,100000,0,40000,40,9999,0.100000,0,0,0.000000,6,0.000000,0.000000,0.156960,0,0,0,0,0,0,0
10,109999,8,100000,0,40000,40,9999,0.100000,0,0,0.000000,6,0.000000,0.000000,0.089135,0,0,0,0,0,0,0
10,109999,9,100000,20,0,40,9999,0.100000,0,0,0.000000,6,0.000000,0.000000,0.189048,0,0,0,0,0,0,0
10,109999,10,100000,0,60000,49,9999,0.100000,0,0,0.000000,6,1.000000,0.000000,4.774617,0,0,0,0,0,0,0
10,109999,11,100000,0,40000,40,9999,0.100000,0,0,0.000000,6,0.000000,0.000000,21.493649,0,0,0,0,0,0,0
10,109999,12,100000,0,60000,49,9999,0.100000,0,0,0.000000,6,9.000000,0.000000,18.599138,0,0,0,0,0,0,0
10,109999,13,100000,4,10000,40,9999,0.100000,0,0,0.000000,6,0.000000,0.000000,0.275068,0,0,0,0,0,0,0
10,109999,14,100000,20,0,40,9999,0.100000,0,0,0.000000,6,0.000000,0.000000,0.080544,0,0,0,0,0,0,0
10,109999,15,100000,0,60000,40,9999,0.100000,0,0,0.000000,6,0.000000,0.000000,0.120990,0,0,0,0,0,0,0
10,109999,16,100000,0,60000,40,9999,0.100000,0,0,0.000000,6,0.000000,0.000000,0.110838,0,0,0,0,0,0,0
10,109999,17,100000,72,70000,40,9999,0.100000,0,0,0.000000,6,0.000000,0.000000,2.129699,0,0,0,0,0,0,0
10,109999,18,100000,0,60000,40,9999,0.100000,0,0,0.000000,6,0.000000,0.000000,0.223114,0,0,0,0,0,0,0
10,109999,19,100000,72,10000,40,9999,0.100000,0,0,0.000000,6,0.000000,0.000000,3.170950,0,0,0,0,0,0,0
10,109999,20,100000,0,40000,40,9999,0.100000,0,0,0.000000,6,0.000000,0.000000,0.097017,0,0,0,0,0,0,0
10,109999,21,100000,20,0,40,9999,0.100000,0,0,0.000000,6,0.000000,0.000000,0.100849,0,0,0,0,0,0,0
10,109999,22,100000,20,0,40,9999,0.100000,0,0,0.000000,6,0.000000,0.000000,0.136855,0,0,0,0,0,0,0
10,109999,23,100000,72,10000,40,9999,0.100000,0,0,0.000000,6,0.000000,0.000000,4.384681,0,0,0,0,0,0,0
10,109999,24,100000,0,60000,40,9999,0.100000,0,0,0.000000,6,0.000000,0.000000,0.997799,0,0,0,0,0,0,0
10,109999,25,100000,72,10000,49,9999,0.100000,0,0,0.000000,6,4.000000,0.000000,9.488300,0,0,0,0,0,0,0
10,109999,26,100000,20,0,40,9999,0.100000,0,0,0.000000,6,0.000000,0.000000,0.078050,0,0,0,0,0,0,0
10,109999,27,100000,72,70000,40,9999,0.100000,0,0,0.000000,6,0.000000,0.000000,1.383826,0,0,0,0,0,0,0
10,109999,28,100000,0,60000,40,9999,0.100000,0,0,0.000000,6,0.000000,0.000000,0.096701,0,0,0,0,0,0,0
10,109999,29,100000,72,70000,40,9999,0.100000,0,0,0.000000,6,0.000000,0.000000,0.119656,0,0,0,0,0,0,0
10,109999,30,100000,0,40000,49,9999,0.100000,0,0,0.000000,6,1.000000,0.000000,11.409067,0,0,0,0,0,0,0
10,109999,31,100000,72,70000,40,9999,0.100000,0,0,0.000000,6,0.000000,0.000000,0.106092,0,0,0,0,0,0,0
10,109999,32,100000,72,70000,40,9999,0.100000,0,0,0.000000,6,0.000000,0.000000,0.739533,0,0,0,0,0,0,0
10,109999,33,100000,4,10000,49,9999,0.100000,0,0,0.000000,6,6.000000,0.000000,14.747543,0,0,0,0,0,0,0
10,109999,34,100000,72,10000,49,9999,0.100000,0,0,0.000000,6,6.000000,0.000000,12.477232,0,0,0,0,0,0,0
10,109999,35,100000,72,70000,40,9999,0.100000,0,0,0.000000,6,0.000000,0.000000,0.212534,0,0,0,0,0,0,0
10,109999,36,100000,4,10000,40,9999,0.100000,0,0,0.000000,6,0.000000,0.000000,0.289392,0,0,0,0,0,0,0
10,109999,37,100000,0,40000,40,9999,0.100000,0,0,0.000000,6,0.000000,0.000000,0.165548,0,0,0,0,0,0,0
10,109999,38,100000,0,40000,40,9999,0.100000,0,0,0.000000,6,0.000000,0.000000,0.071680,0,0,0,0,0,0,0
10,109999,39,100000,4,10000,40,9999,0.100000,0,0,0.000000,6,0.000000,0.000000,0.078783,0,0,0,0,0,0,0
10,109999,40,100000,72,70000,40,9999,0.100000,0,0,0.000000,6,0.000000,0.000000,1.501095,0,0,0,0,0,0,0
10,109999,41,100000,20,0,40,9999,0.100000,0,0,0.000000,6,0.000000,0.000000,0.084963,0,0,0,0,0,0,0
10,109999,42,100000,72,70000,40,9999,0.100000,0,0,0.000000,6,0.000000,0.000000,0.099010,0,0,0,0,0,0,0
10,109999,43,100000,20,0,40,9999,0.100000,0,0,0.000000,6,0.000000,0.000000,0.796263,0,0,0,0,0,0,0
10,109999,44,100000,4,10000,40,9999,0.100000,0,0,0.000000,6,0.000000,0.000000,0.075259,0,0,0,0,0,0,0
10,109999,45,100000,72,10000,40,9999,0.100000,0,0,0.000000,6,0.000000,0.000000,0.418967,0,0,0,0,0,0,0
10,109999,46,100000,72,70000,40,9999,0.100000,0,0,0.000000,6,0.000000,0.000000,0.507623,0,0,0,0,0,0,0
10,109999,47,100000,20,0,40,9999,0.100000,0,0,0.000000,6,0.000000,0.000000,1.107158,0,0,0,0,0,0,0
10,109999,48,100000,72,70000,40,9999,0.100000,0,0,0.000000,6,0.000000,0.000000,8.041199,0,0,0,0,0,0,0
10,109999,49,100000,72,70000,40,9999,0.100000,0,0,0.000000,6,0.000000,0.000000,0.085233,0,0,0,0,0,0,0
10,109999,50,100000,0,40000,40,9999,0.100000,0,0,0.000000,6,0.000000,0.000000,0.214950,0,0,0,0,0,0,0
10,109999,51,100000,0,60000,40,9999,0.100000,0,0,0.000000,6,0.000000,0.000000,2.760991,0,0,0,0,0,0,0
10,109999,52,100000,0,40000,49,9999,0.100000,0,0,0.000000,6,7.000000,0.000000,16.097025,0,0,0,0,0,0,0
10,109999,53,100000,20,0,40,9999,0.100000,0,0,0.000000,6,0.000000,0.000000,0.156273,0,0,0,0,0,0,0
10,109999,54,90000,72,70000,49,19999,0.100000,0,0,0.000000,6,8.000000,0.000000,17.645334,0,0,0,0,0,0,0
10,109999,55,100000,72,70000,40,9999,0.100000,0,0,0.000000,6,0.000000,0.000000,0.110468,0,0,0,0,0,0,0
10,109999,56,100000,0,40000,40,9999,0.100000,0,0,0.000000,6,0.000000,0.000000,0.348847,0,0,0,0,0,0,0
10,109999,57,100000,72,70000,40,9999,0.100000,0,0,0.000000,6,0.000000,0.000000,20.768964,0,0,0,0,0,0,0
10,109999,58,100000,4,10000,40,9999,0.100000,0,0,0.000000,6,0.000000,0.000000,0.098817,0,0,0,0,0,0,0
10,109999,59,100000,20,0,49,9999,0.100000,0,0,0.000000,6,1.000000,0.000000,9.729043,0,0,0,0,0,0,0
10,109999,60,100000,4,10000,40,9999,0.100000,0,0,0.000000,6,0.000000,0.000000,0.081773,0,0,0,0,0,0,0
10,109999,61,100000,0,40000,40,9999,0.100000,0,0,0.000000,6,0.000000,0.000000,0.291376,0,0,0,0,0,0,0
10,109999,62,100000,72,70000,40,9999,0.100000,0,0,0.000000,6,0.000000,0.000000,0.520957,0,0,0,0,0,0,0
10,109999,63,100000,0,60000,49,9999,0.100000,0,0,0.000000,6,1.000000,0.000000,17.477161,0,0,0,0,0,0,0
10,109999,64,100000,0,40000,40,9999,0.100000,0,0,0.000000,6,0.000000,0.000000,0.089888,0,0,0,0,0,0,0
10,109999,65,100000,0,40000,40,9999,0.100000,0,0,0.000000,6,0.000000,0.000000,0.454160,0,0,0,0,0,0,0
10,109999,66,100000,4,10000,40,9999,0.100000,0,0,0.000000,6,0.000000,0.000000,0.111743,0,0,0,0,0,0,0
10,109999,67,100000,72,10000,40,9999,0.100000,0,0,0.000000,6,0.000000,0.000000,0.202246,0,0,0,0,0,0,0
10,109999,68,100000,4,10000,40,9999,0.100000,0,0,0.000000,6,0.000000,0.000000,3.382060,0,0,0,0,0,0,0
10,109999,69,100000,20,0,40,9999,0.100000,0,0,0.000000,6,0.000000,0.000000,0.138803,0,0,0,0,0,0,0
10,109999,70,100000,0,40000,40,9999,0.100000,0,0,0.000000,6,0.000000,0.000000,0.068725,0,0,0,0,0,0,0
10,109999,71,100000,72,70000,40,9999,0.100000,0,0,0.000000,6,0.000000,0.000000,0.671423,0,0,0,0,0,0,0
10,109999,72,100000,72,70000,40,9999,0.100000,0,0,0.000000,6,0.000000,0.000000,0.097974,0,0,0,0,0,0,0
10,109999,73,100000,4,10000,40,9999,0.100000,0,0,0.000000,6,0.000000,0.000000,2.780534,0,0,0,0,0,0,0
10,109999,74,100000,72,70000,40,9999,0.100000,0,0,0.000000,6,0.000000,0.000000,10.850515,0,0,0,0,0,0,0
10,109999,75,100000,4,10000,40,9999,0.100000,0,0,0.000000,6,0.000000,0.000000,0.398222,0,0,0,0,0,0,0
10,109999,76,100000,0,40000,40,9999,0.100000,0,0,0.000000,6,0.000000,0.000000,1.403403,0,0,0,0,0,0,0
10,109999,77,100000,72,10000,40,9999,0.100000,0,0,0.000000,6,0.000000,0.000000,0.444203,0,0,0,0,0,0,0
10,109999,78,100000,72,10000,40,9999,0.100000,0,0,0.000000,6,0.000000,0.000000,0.129204,0,0,0,0,0,0,0
10,109999,79,100000,0,40000,40,9999,0.100000,0,0,0.000000,6,0.000000,0.000000,0.107842,0,0,0,0,0,0,0
10,109999,80,100000,0,40000,40,9999,0.100000,0,0,0.000000,6,0.000000,0.000000,0.515161,0,0,0,0,0,0,0
10,109999,81,100000,20,0,49,9999,0.100000,0,0,0.000000,6,5.000000,0.000000,12.607101,0,0,0,0,0,0,0
10,109999,82,100000,0,40000,40,9999,0.100000,0,0,0.000000,6,0.000000,0.000000,0.369442,0,0,0,0,0,0,0
10,109999,83,100000,4,10000,40,9999,0.100000,0,0,0.000000,6,0.000000,0.000000,0.216360,0,0,0,0,0,0,0
10,109999,84,100000,4,10000,49,9999,0.100000,0,0,0.000000,6,2.000000,0.000000,4.466702,0,0,0,0,0,0,0
10,109999,85,100000,4,10000,40,9999,0.100000,0,0,0.000000,6,0.000000,0.000000,0.138096,0,0,0,0,0,0,0
10,109999,86,100000,72,70000,40,9999,0.100000,0,0,0.000000,6,0.000000,0.000000,0.472682,0,0,0,0,0,0,0
10,109999,87,100000,20,0,40,9999,0.100000,0,0,0.000000,6,0.000000,0.000000,0.282170,0,0,0,0,0,0,0
10,109999,88,100000,72,10000,40,9999,0.100000,0,0,0.000000,6,0.000000,0.000000,0.076658,0,0,0,0,0,0,0
10,109999,89,100000,72,10000,40,9999,0.100000,0,0,0.000000,6,0.000000,0.000000,0.133901,0,0,0,0,0,0,0
10,109999,90,100000,4,10000,40,9999,0.100000,0,0,0.000000,6,0.000000,0.000000,1.030236,0,0,0,0,0,0,0
10,109999,91,100000,72,70000,49,9999,0.100000,0,0,0.000000,6,1.000000,0.000000,2.236637,0,0,0,0,0,0,0
10,109999,92,100000,20,0,49,9999,0.100000,0,0,0.000000,6,1.000000,0.000000,1.351579,0,0,0,0,0,0,0
10,109999,93,100000,72,70000,49,9999,0.100000,0,0,0.000000,6,5.000000,0.000000,20.632019,0,0,0,0,0,0,0
10,109999,94,100000,4,10000,49,9999,0.100000,0,0,0.000000,6,9.000000,0.000000,20.072285,0,0,0,0,0,0,0
10,109999,95,100000,20,0,49,9999,0.100000,0,0,0.000000,6,1.000000,0.000000,13.060964,0,0,0,0,0,0,0
10,109999,96,100000,20,0,40,9999,0.100000,0,0,0.000000,6,0.000000,0.000000,0.136817,0,0,0,0,0,0,0
10,109999,97,100000,4,10000,40,9999,0.100000,0,0,0.000000,6,0.000000,0.000000,0.227236,0,0,0,0,0,0,0
10,109999,98,100000,0,40000,40,9999,0.100000,0,0,0.000000,6,0.000000,0.000000,0.225481,0,0,0,0,0,0,0
10,109999,99,100000,0,60000,40,9999,0.100000,0,0,0.000000,6,0.000000,0.000000,0.072276,0,0,0,0,0,0,0
11,119999,0,110000,0,40000,40,9999,0.100000,0,0,0.000000,6,0.000000,0.000000,3.015080,0,0,0,0,0,0,0
11,119999,1,110000,0,40000,40,9999,0.100000,0,0,0.000000,6,0.000000,0.000000,2.006205,0,0,0,0,0,0,0
11,119999,2,110000,72,70000,40,9999,0.100000,0,0,0.000000,6,0.000000,0.000000,0.649301,0,0,0,0,0,0,0
11,119999,3,110000,0,60000,40,9999,0.100000,0,0,0.000000,6,0.000000,0.000000,0.086815,0,0,0,0,0,0,0
11,119999,4,110000,0,40000,40,9999,0.100000,0,0,0.000000,6,0.000000,0.000000,1.299883,0,0,0,0,0,0,0
11,119999,5,110000,0,60000,40,9999,0.100000,0,0,0.000000,6,0.000000,0.000000,1.378334,0,0,0,0,0,0,0
11,119999,6,110000,0,60000,40,9999,0.100000,0,0,0.000000,6,0.000000,0.000000,0.142855,0,0,0,0,0,0,0
11,119999,7,110000,0,60000,40,9999,0.100000,0,0,0.000000,6,0.000000,0.000000,0.150146,0,0,0,0,0,0,0
11,119999,8,110000,4,10000,40,9999,0.100000,0,0,0.000000,6,0.000000,0.000000,0.086717,0,0,0,0,0,0,0
11,119999,9,110000,4,10000,40,9999,0.100000,0,0,0.000000,6,0.000000,0.000000,0.161189,0,0,0,0,0,0,0
11,119999,10,110000,0,40000,40,9999,0.100000,0,0,0.000000,6,0.000000,0.000000,1.323674,0,0,0,0,0,0,0
11,119999,11,110000,20,0,40,9999,0.100000,0,0,0.000000,6,0.000000,0.000000,12.733514,0,0,0,0,0,0,0
11,119999,12,110000,20,0,40,9999,0.100000,0,0,0.000000,6,0.000000,0.000000,0.327560,0,0,0,0,0,0,0
11,119999,13,110000,4,10000,40,9999,0.100000,0,0,0.000000,6,0.000000,0.000000,0.844121,0,0,0,0,0,0,0
11,119999,14,110000,4,10000,40,9999,0.100000,0,0,0.000000,6,0.000000,0.000000,0.145856,0,0,0,0,0,0,0
11,119999,15,110000,4,10000,40,9999,0.100000,0,0,0.000000,6,0.000000,0.000000,0.111236,0,0,0,0,0,0,0
11,119999,16,110000,72,10000,40,9999,0.100000,0,0,0.000000,6,0.000000,0.000000,0.162540,0,0,0,0,0,0,0
11,119999,17,110000,0,40000,40,9999,0.100000,0,0,0.000000,6,0.000000,0.000000,0.699751,0,0,0,0,0,0,0
11,119999,18,110000,0,60000,40,9999,0.100000,0,0,0.000000,6,0.000000,0.000000,0.236037,0,0,0,0,0,0,0
11,119999,19,110000,4,10000,40,9999,0.100000,0,0,0.000000,6,0.000000,0.000000,3.028102,0,0,0,0,0,0,0
11,119999,20,110000,4,10000,40,9999,0.100000,0,0,0.000000,6,0.000000,0.000000,0.096153,0,0,0,0,0,0,0
11,119999,21,110000,0,60000,40,9999,0.100000,0,0,0.000000,6,0.000000,0.000000,0.104891,0,0,0,0,0,0,0
11,119999,22,110000,0,60000,40,9999,0.100000,0,0,0.000000,6,0.000000,0.000000,0.114501,0,0,0,0,0,0,0
11,119999,23,110000,72,70000,40,9999,0.100000,0,0,0.000000,6,0.000000,0.000000,6.656817,0,0,0,0,0,0,0
11,119999,24,110000,0,60000,40,9999,0.100000,0,0,0.000000,6,0.000000,0.000000,0.977409,0,0,0,0,0,0,0
11,119999,25,110000,4,10000,40,9999,0.100000,0,0,0.000000,6,0.000000,0.000000,2.371677,0,0,0,0,0,0,0
11,119999,26,110000,0,60000,40,9999,0.100000,0,0,0.000000,6,0.000000,0.000000,0.072481,0,0,0,0,0,0,0
11,119999,27,110000,4,10000,40,9999,0.100000,0,0,0.000000,6,0.000000,0.000000,0.251710,0,0,0,0,0,0,0
11,119999,28,110000,72,10000,40,9999,0.100000,0,0,0.000000,6,0.000000,0.000000,0.187381,0,0,0,0,0,0,0
11,119999,29,110000,0,40000,49,9999,0.100000,0,0,0.000000,6,4.000000,0.000000,16.382078,0,0,0,0,0,0,0
11,119999,30,110000,20,0,49,9999,0.100000,0,0,0.000000,6,1.000000,0.000000,7.317548,0,0,0,0,0,0,0
11,119999,31,110000,0,60000,40,9999,0.100000,0,0,0.000000,6,0.000000,0.000000,0.105669,0,0,0,0,0,0,0
11,119999,32,110000,4,10000,49,9999,0.100000,0,0,0.000000,6,4.000000,0.000000,8.320877,0,0,0,0,0,0,0
11,119999,33,110000,72,70000,40,9999,0.100000,0,0,0.000000,6,0.000000,0.000000,2.504231,0,0,0,0,0,0,0
11,119999,34,110000,0,60000,40,9999,0.100000,0,0,0.000000,6,0.000000,0.000000,0.123210,0,0,0,0,0,0,0
11,119999,35,110000,0,60000,40,9999,0.100000,0,0,0.000000,6,0.000000,0.000000,0.211834,0,0,0,0,0,0,0
11,119999,36,110000,20,0,40,9999,0.100000,0,0,0.000000,6,0.000000,0.000000,0.291673,0,0,0,0,0,0,0
11,119999,37,110000,72,70000,40,9999,0.100000,0,0,0.000000,6,0.000000,0.000000,0.266497,0,0,0,0,0,0,0
11,119999,38,110000,72,10000,40,9999,0.100000,0,0,0.000000,6,0.000000,0.000000,0.071218,0,0,0,0,0,0,0
11,119999,39,110000,0,60000,40,9999,0.100000,0,0,0.000000,6,0.000000,0.000000,0.078121,0,0,0,0,0,0,0
11,119999,40,110000,72,10000,40,9999,0.100000,0,0,0.000000,6,0.000000,0.000000,2.161630,0,0,0,0,0,0,0
11,119999,41,110000,20,0,40,9999,0.100000,0,0,0.000000,6,0.000000,0.000000,0.083663,0,0,0,0,0,0,0
11,119999,42,110000,20,0,40,9999,0.100000,0,0,0.000000,6,0.000000,0.000000,0.100883,0,0,0,0,0,0,0
11,119999,43,110000,4,10000,40,9999,0.100000,0,0,0.000000,6,0.000000,0.000000,1.024927,0,0,0,0,0,0,0
11,119999,44,110000,0,60000,40,9999,0.100000,0,0,0.000000,6,0.000000,0.000000,0.168421,0,0,0,0,0,0,0
11,119999,45,110000,72,10000,40,9999,0.100000,0,0,0.000000,6,0.000000,0.000000,0.324069,0,0,0,0,0,0,0
11,119999,46,110000,72,70000,40,9999,0.100000,0,0,0.000000,6,0.000000,0.000000,0.511897,0,0,0,0,0,0,0
11,119999,47,110000,72,70000,40,9999,0.100000,0,0,0.000000,6,0.000000,0.000000,0.977946,0,0,0,0,0,0,0
11,119999,48,110000,20,0,40,9999,0.100000,0,0,0.000000,6,0.000000,0.000000,8.012062,0,0,0,0,0,0,0
11,119999,49,110000,72,70000,40,9999,0.100000,0,0,0.000000,6,0.000000,0.000000,0.181515,0,0,0,0,0,0,0
11,119999,50,110000,20,0,40,9999,0.100000,0,0,0.000000,6,0.000000,0.000000,0.226804,0,0,0,0,0,0,0
11,119999,51,110000,20,0,49,9999,0.100000,0,0,0.000000,6,1.000000,0.000000,5.251200,0,0,0,0,0,0,0
11,119999,52,110000,20,0,40,9999,0.100000,0,0,0.000000,6,0.000000,0.000000,0.560631,0,0,0,0,0,0,0
11,119999,53,110000,4,10000,40,9999,0.100000,0,0,0.000000,6,0.000000,0.000000,0.266686,0,0,0,0,0,0,0
11,119999,54,110000,0,40000,40,9999,0.100000,0,0,0.000000,6,0.000000,0.000000,0.112429,0,0,0,0,0,0,0
11,119999,55,110000,0,60000,40,9999,0.100000,0,0,0.000000,6,0.000000,0.000000,0.111007,0,0,0,0,0,0,0
11,119999,56,110000,4,10000,40,9999,0.100000,0,0,0.000000,6,0.000000,0.000000,0.293785,0,0,0,0,0,0,0
11,119999,57,110000,20,0,40,9999,0.100000,0,0,0.000000,6,0.000000,0.000000,21.579388,0,0,0,0,0,0,0
11,119999,58,110000,72,70000,40,9999,0.100000,0,0,0.000000,6,0.000000,0.000000,0.090383,0,0,0,0,0,0,0
11,119999,59,110000,72,10000,49,9999,0.100000,0,0,0.000000,6,1.000000,0.000000,13.958545,0,0,0,0,0,0,0
11,119999,60,110000,72,70000,40,9999,0.100000,0,0,0.000000,6,0.000000,0.000000,0.175600,0,0,0,0,0,0,0
11,119999,61,110000,4,10000,40,9999,0.100000,0,0,0.000000,6,0.000000,0.000000,0.305841,0,0,0,0,0,0,0
11,119999,62,110000,72,10000,40,9999,0.100000,0,0,0.000000,6,0.000000,0.000000,0.524699,0,0,0,0,0,0,0
11,119999,63,110000,72,70000,49,9999,0.100000,0,0,0.000000,6,1.000000,0.000000,13.660870,0,0,0,0,0,0,0
11,119999,64,110000,72,70000,49,9999,0.100000,0,0,0.000000,6,3.000000,0.000000,7.966781,0,0,0,0,0,0,0
11,119999,65,110000,72,10000,49,9999,0.100000,0,0,0.000000,6,2.000000,0.000000,5.693617,0,0,0,0,0,0,0
11,119999,66,110000,72,70000,40,9999,0.100000,0,0,0.000000,6,0.000000,0.000000,0.115707,0,0,0,0,0,0,0
11,119999,67,110000,4,10000,40,9999,0.100000,0,0,0.000000,6,0.000000,0.000000,0.246088,0,0,0,0,0,0,0
11,119999,68,110000,72,10000,40,9999,0.100000,0,0,0.000000,6,0.000000,0.000000,3.269770,0,0,0,0,0,0,0
11,119999,69,110000,20,0,40,9999,0.100000,0,0,0.000000,6,0.000000,0.000000,0.213918,0,0,0,0,0,0,0
11,119999,70,110000,20,0,40,9999,0.100000,0,0,0.000000,6,0.000000,0.000000,0.070244,0,0,0,0,0,0,0
11,119999,71,110000,72,10000,40,9999,0.100000,0,0,0.000000,6,0.000000,0.000000,0.348078,0,0,0,0,0,0,0
11,119999,72,110000,20,0,40,9999,0.100000,0,0,0.000000,6,0.000000,0.000000,0.097934,0,0,0,0,0,0,0
11,119999,73,110000,72,70000,40,9999,0.100000,0,0,0.000000,6,0.000000,0.000000,2.746121,0,0,0,0,0,0,0
11,119999,74,110000,20,0,49,9999,0.100000,0,0,0.000000,6,1.000000,0.000000,12.359609,0,0,0,0,0,0,0
11,119999,75,110000,0,40000,40,9999,0.100000,0,0,0.000000,6,0.000000,0.000000,0.412121,0,0,0,0,0,0,0
11,119999,76,110000,20,0,40,9999,0.100000,0,0,0.000000,6,0.000000,0.000000,0.847241,0,0,0,0,0,0,0
11,119999,77,110000,4,10000,40,9999,0.100000,0,0,0.000000,6,0.000000,0.000000,0.555029,0,0,0,0,0,0,0
11,119999,78,110000,72,70000,40,9999,0.100000,0,0,0.000000,6,0.000000,0.000000,0.097678,0,0,0,0,0,0,0
11,119999,79,110000,72,70000,40,9999,0.100000,0,0,0.000000,6,0.000000,0.000000,0.129607,0,0,0,0,0,0,0
11,119999,80,110000,4,10000,40,9999,0.100000,0,0,0.000000,6,0.000000,0.000000,0.829388,0,0,0,0,0,0,0
11,119999,81,110000,72,10000,49,9999,0.100000,0,0,0.000000,6,4.000000,0.000000,11.208317,0,0,0,0,0,0,0
11,119999,82,110000,4,10000,40,9999,0.100000,0,0,0.000000,6,0.000000,0.000000,0.311081,0,0,0,0,0,0,0
11,119999,83,110000,0,40000,40,9999,0.100000,0,0,0.000000,6,0.000000,0.000000,0.220794,0,0,0,0,0,0,0
11,119999,84,110000,0,40000,40,9999,0.100000,0,0,0.000000,6,0.000000,0.000000,1.062139,0,0,0,0,0,0,0
11,119999,85,110000,72,10000,40,9999,0.100000,0,0,0.000000,6,0.000000,0.000000,0.229651,0,0,0,0,0,0,0
11,119999,86,110000,72,10000,49,9999,0.100000,0,0,0.000000,6,5.000000,0.000000,11.692686,0,0,0,0,0,0,0
11,119999,87,110000,72,70000,40,9999,0.100000,0,0,0.000000,6,0.000000,0.000000,0.706398,0,0,0,0,0,0,0
11,119999,88,110000,4,10000,49,9999,0.100000,0,0,0.000000,6,10.000000,0.000000,21.267885,0,0,0,0,0,0,0
11,119999,89,110000,20,0,40,9999,0.100000,0,0,0.000000,6,0.000000,0.000000,0.133890,0,0,0,0,0,0,0
11,119999,90,110000,20,0,40,9999,0.100000,0,0,0.000000,6,0.000000,0.000000,0.500293,0,0,0,0,0,0,0
11,119999,91,100000,72,70000,40,19999,0.100000,0,0,0.000000,6,0.000000,0.000000,0.835406,0,0,0,0,0,0,0
11,119999,92,110000,0,40000,49,9999,0.100000,0,0,0.000000,6,2.000000,0.000000,4.218864,0,0,0,0,0,0,0
11,119999,93,110000,4,10000,49,9999,0.100000,0,0,0.000000,6,5.000000,0.000000,10.370388,0,0,0,0,0,0,0
11,119999,94,110000,72,70000,49,9999,0.100000,0,0,0.000000,6,2.000000,0.000000,3.680416,0,0,0,0,0,0,0
11,119999,95,110000,72,10000,49,9999,0.100000,0,0,0.000000,6,1.000000,0.000000,13.985600,0,0,0,0,0,0,0
11,119999,96,110000,20,0,40,9999,0.100000,0,0,0.000000,6,0.000000,0.000000,0.125397,0,0,0,0,0,0,0
11,119999,97,110000,4,10000,40,9999,0.100000,0,0,0.000000,6,0.000000,0.000000,0.239838,0,0,0,0,0,0,0
11,119999,98,110000,72,10000,40,9999,0.100000,0,0,0.000000,6,0.000000,0.000000,0.321355,0,0,0,0,0,0,0
11,119999,99,110000,72,10000,40,9999,0.100000,0,0,0.000000,6,0.000000,0.000000,0.073277,0,0,0,0,0,0,0
12,129999,0,120000,20,0,40,9999,0.100000,0,0,0.000000,6,0.000000,0.000000,2.052485,0,0,0,0,0,0,0
12,129999,1,120000,72,10000,40,9999,0.100000,0,0,0.000000,6,0.000000,0.000000,0.225018,0,0,0,0,0,0,0
12,129999,2,120000,0,60000,40,9999,0.100000,0,0,0.000000,6,0.000000,0.000000,0.088986,0,0,0,0,0,0,0
12,129999,3,120000,0,40000,40,9999,0.100000,0,0,0.000000,6,0.000000,0.000000,0.120538,0,0,0,0,0,0,0
12,129999,4,120000,4,10000,40,9999,0.100000,0,0,0.000000,6,0.000000,0.000000,1.748004,0,0,0,0,0,0,0
12,129999,5,120000,72,70000,40,9999,0.100000,0,0,0.000000,6,0.000000,0.000000,0.785136,0,0,0,0,0,0,0
12,129999,6,120000,20,0,40,9999,0.100000,0,0,0.000000,6,0.000000,0.000000,0.140317,0,0,0,0,0,0,0
12,129999,7,120000,4,10000,40,9999,0.100000,0,0,0.000000,6,0.000000,0.000000,0.303660,0,0,0,0,0,0,0
12,129999,8,120000,72,10000,40,9999,0.100000,0,0,0.000000,6,0.000000,0.000000,0.092174,0,0,0,0,0,0,0
12,129999,9,120000,72,10000,40,9999,0.100000,0,0,0.000000,6,0.000000,0.000000,0.311279,0,0,0,0,0,0,0
12,129999,10,120000,4,10000,40,9999,0.100000,0,0,0.000000,6,0.000000,0.000000,0.669675,0,0,0,0,0,0,0
12,129999,11,120000,4,10000,40,9999,0.100000,0,0,0.000000,6,0.000000,0.000000,0.451924,0,0,0,0,0,0,0
12,129999,12,120000,0,40000,40,9999,0.100000,0,0,0.000000,6,0.000000,0.000000,0.291102,0,0,0,0,0,0,0
12,129999,13,120000,0,40000,40,9999,0.100000,0,0,0.000000,6,0.000000,0.000000,0.413852,0,0,0,0,0,0,0
12,129999,14,120000,20,0,40,9999,0.100000,0,0,0.000000,6,0.000000,0.000000,0.556763,0,0,0,0,0,0,0
12,129999,15,120000,72,70000,40,9999,0.100000,0,0,0.000000,6,0.000000,0.000000,0.603567,0,0,0,0,0,0,0
12,129999,16,120000,0,60000,40,9999,0.100000,0,0,0.000000,6,0.000000,0.000000,0.148258,0,0,0,0,0,0,0
12,129999,17,120000,0,40000,40,9999,0.100000,0,0,0.000000,6,0.000000,0.000000,0.104005,0,0,0,0,0,0,0
12,129999,18,120000,4,10000,40,9999,0.100000,0,0,0.000000,6,0.000000,0.000000,0.245161,0,0,0,0,0,0,0
12,129999,19,120000,4,10000,40,9999,0.100000,0,0,0.000000,6,0.000000,0.000000,0.808533,0,0,0,0,0,0,0
12,129999,20,120000,4,10000,40,9999,0.100000,0,0,0.000000,6,0.000000,0.000000,0.109572,0,0,0,0,0,0,0
12,129999,21,120000,4,10000,40,9999,0.100000,0,0,0.000000,6,0.000000,0.000000,0.509935,0,0,0,0,0,0,0
12,129999,22,120000,20,0,40,9999,0.100000,0,0,0.000000,6,0.000000,0.000000,0.718264,0,0,0,0,0,0,0
12,129999,23,120000,0,40000,40,9999,0.100000,0,0,0.000000,6,0.000000,0.000000,2.845744,0,0,0,0,0,0,0
12,129999,24,120000,20,0,40,9999,0.100000,0,0,0.000000,6,0.000000,0.000000,0.809625,0,0,0,0,0,0,0
12,129999,25,120000,0,60000,40,9999,0.100000,0,0,0.000000,6,0.000000,0.000000,0.225031,0,0,0,0,0,0,0
12,129999,26,120000,72,10000,40,9999,0.100000,0,0,0.000000,6,0.000000,0.000000,0.072431,0,0,0,0,0,0,0
12,129999,27,120000,0,60000,40,9999,0.100000,0,0,0.000000,6,0.000000,0.000000,0.166722,0,0,0,0,0,0,0
12,129999,28,120000,0,60000,40,9999,0.100000,0,0,0.000000,6,0.000000,0.000000,0.186918,0,0,0,0,0,0,0
12,129999,29,120000,0,60000,49,9999,0.100000,0,0,0.000000,6,12.000000,0.000000,21.667156,0,0,0,0,0,0,0
12,129999,30,120000,20,0,49,9999,0.100000,0,0,0.000000,6,1.000000,0.000000,8.381577,0,0,0,0,0,0,0
12,129999,31,120000,4,10000,40,9999,0.100000,0,0,0.000000,6,0.000000,0.000000,0.105476,0,0,0,0,0,0,0
12,129999,32,120000,0,60000,40,9999,0.100000,0,0,0.000000,6,0.000000,0.000000,0.479125,0,0,0,0,0,0,0
12,129999,33,120000,72,70000,40,9999,0.100000,0,0,0.000000,6,0.000000,0.000000,2.241174,0,0,0,0,0,0,0
12,129999,34,120000,0,40000,49,9999,0.100000,0,0,0.000000,6,6.000000,0.000000,12.363970,0,0,0,0,0,0,0
12,129999,35,120000,0,60000,40,9999,0.100000,0,0,0.000000,6,0.000000,0.000000,0.131665,0,0,0,0,0,0,0
12,129999,36,120000,0,60000,40,9999,0.100000,0,0,0.000000,6,0.000000,0.000000,0.283599,0,0,0,0,0,0,0
12,129999,37,120000,20,0,40,9999,0.100000,0,0,0.000000,6,0.000000,0.000000,0.167006,0,0,0,0,0,0,0
12,129999,38,120000,0,60000,49,9999,0.100000,0,0,0.000000,6,5.000000,0.000000,10.344956,0,0,0,0,0,0,0
12,129999,39,120000,0,40000,40,9999,0.100000,0,0,0.000000,6,0.000000,0.000000,0.080362,0,0,0,0,0,0,0
12,129999,40,120000,0,40000,40,9999,0.100000,0,0,0.000000,6,0.000000,0.000000,2.180739,0,0,0,0,0,0,0
12,129999,41,120000,20,0,40,9999,0.100000,0,0,0.000000,6,0.000000,0.000000,0.083460,0,0,0,0,0,0,0
12,129999,42,120000,0,40000,40,9999,0.100000,0,0,0.000000,6,0.000000,0.000000,0.101391,0,0,0,0,0,0,0
12,129999,43,120000,72,70000,40,9999,0.100000,0,0,0.000000,6,0.000000,0.000000,0.827290,0,0,0,0,0,0,0
12,129999,44,120000,4,10000,40,9999,0.100000,0,0,0.000000,6,0.000000,0.000000,0.160882,0,0,0,0,0,0,0
12,129999,45,120000,72,70000,40,9999,0.100000,0,0,0.000000,6,0.000000,0.000000,0.365512,0,0,0,0,0,0,0
12,129999,46,120000,4,10000,40,9999,0.100000,0,0,0.000000,6,0.000000,0.000000,0.569297,0,0,0,0,0,0,0
12,129999,47,120000,72,70000,40,9999,0.100000,0,0,0.000000,6,0.000000,0.000000,1.265429,0,0,0,0,0,0,0
12,129999,48,120000,20,0,40,9999,0.100000,0,0,0.000000,6,0.000000,0.000000,8.124784,0,0,0,0,0,0,0
12,129999,49,120000,4,10000,40,9999,0.100000,0,0,0.000000,6,0.000000,0.000000,0.164160,0,0,0,0,0,0,0
12,129999,50,120000,72,10000,40,9999,0.100000,0,0,0.000000,6,0.000000,0.000000,0.241577,0,0,0,0,0,0,0
12,129999,51,120000,20,0,49,9999,0.100000,0,0,0.000000,6,1.000000,0.000000,3.637111,0,0,0,0,0,0,0
12,129999,52,120000,0,60000,40,9999,0.100000,0,0,0.000000,6,0.000000,0.000000,0.364395,0,0,0,0,0,0,0
12,129999,53,120000,0,60000,40,9999,0.100000,0,0,0.000000,6,0.000000,0.000000,0.182164,0,0,0,0,0,0,0
12,129999,54,120000,72,70000,40,9999,0.100000,0,0,0.000000,6,0.000000,0.000000,0.472060,0,0,0,0,0,0,0
12,129999,55,120000,0,60000,40,9999,0.100000,0,0,0.000000,6,0.000000,0.000000,0.111138,0,0,0,0,0,0,0
12,129999,56,120000,20,0,40,9999,0.100000,0,0,0.000000,6,0.000000,0.000000,0.481494,0,0,0,0,0,0,0
12,129999,57,120000,20,0,40,9999,0.100000,0,0,0.000000,6,0.000000,0.000000,18.453489,0,0,0,0,0,0,0
12,129999,58,120000,72,70000,40,9999,0.100000,0,0,0.000000,6,0.000000,0.000000,0.098313,0,0,0,0,0,0,0
12,129999,59,120000,0,60000,40,9999,0.100000,0,0,0.000000,6,0.000000,0.000000,12.482448,0,0,0,0,0,0,0
12,129999,60,120000,72,10000,40,9999,0.100000,0,0,0.000000,6,0.000000,0.000000,0.178414,0,0,0,0,0,0,0
12,129999,61,120000,0,60000,40,9999,0.100000,0,0,0.000000,6,0.000000,0.000000,0.306110,0,0,0,0,0,0,0
12,129999,62,120000,20,0,40,9999,0.100000,0,0,0.000000,6,0.000000,0.000000,0.572311,0,0,0,0,0,0,0
12,129999,63,120000,72,70000,49,9999,0.100000,0,0,0.000000,6,1.000000,0.000000,8.638350,0,0,0,0,0,0,0
12,129999,64,120000,0,40000,40,9999,0.100000,0,0,0.000000,6,0.000000,0.000000,0.090453,0,0,0,0,0,0,0
12,129999,65,120000,72,10000,49,9999,0.100000,0,0,0.000000,6,2.000000,0.000000,6.139187,0,0,0,0,0,0,0
12,129999,66,120000,72,10000,40,9999,0.100000,0,0,0.000000,6,0.000000,0.000000,0.118733,0,0,0,0,0,0,0
12,129999,67,120000,72,10000,40,9999,0.100000,0,0,0.000000,6,0.000000,0.000000,0.271728,0,0,0,0,0,0,0
12,129999,68,120000,0,60000,40,9999,0.100000,0,0,0.000000,6,0.000000,0.000000,3.388354,0,0,0,0,0,0,0
12,129999,69,120000,0,60000,40,9999,0.100000,0,0,0.000000,6,0.000000,0.000000,0.395503,0,0,0,0,0,0,0
12,129999,70,120000,72,70000,40,9999,0.100000,0,0,0.000000,6,0.000000,0.000000,0.070815,0,0,0,0,0,0,0
12,129999,71,120000,72,10000,40,9999,0.100000,0,0,0.000000,6,0.000000,0.000000,0.293683,0,0,0,0,0,0,0
12,129999,72,120000,0,40000,40,9999,0.100000,0,0,0.000000,6,0.000000,0.000000,0.096979,0,0,0,0,0,0,0
12,129999,73,120000,0,60000,40,9999,0.100000,0,0,0.000000,6,0.000000,0.000000,3.042196,0,0,0,0,0,0,0
12,129999,74,120000,4,10000,49,9999,0.100000,0,0,0.000000,6,3.000000,0.000000,9.171973,0,0,0,0,0,0,0
12,129999,75,120000,72,10000,40,9999,0.100000,0,0,0.000000,6,0.000000,0.000000,0.418436,0,0,0,0,0,0,0
12,129999,76,120000,4,10000,40,9999,0.100000,0,0,0.000000,6,0.000000,0.000000,0.561873,0,0,0,0,0,0,0
12,129999,77,120000,72,70000,40,9999,0.100000,0,0,0.000000,6,0.000000,0.000000,0.417375,0,0,0,0,0,0,0
12,129999,78,120000,72,70000,40,9999,0.100000,0,0,0.000000,6,0.000000,0.000000,0.192672,0,0,0,0,0,0,0
12,129999,79,120000,20,0,40,9999,0.100000,0,0,0.000000,6,0.000000,0.000000,0.103581,0,0,0,0,0,0,0
12,129999,80,120000,4,10000,40,9999,0.100000,0,0,0.000000,6,0.000000,0.000000,0.582465,0,0,0,0,0,0,0
12,129999,81,120000,0,40000,40,9999,0.100000,0,0,0.000000,6,0.000000,0.000000,20.598358,0,0,0,0,0,0,0
12,129999,82,120000,72,70000,49,9999,0.100000,0,0,0.000000,6,8.000000,0.000000,16.665770,0,0,0,0,0,0,0
12,129999,83,120000,72,70000,40,9999,0.100000,0,0,0.000000,6,0.000000,0.000000,0.224764,0,0,0,0,0,0,0
12,129999,84,120000,0,40000,40,9999,0.100000,0,0,0.000000,6,0.000000,0.000000,0.873425,0,0,0,0,0,0,0
12,129999,85,120000,4,10000,40,9999,0.100000,0,0,0.000000,6,0.000000,0.000000,0.127903,0,0,0,0,0,0,0
12,129999,86,120000,4,10000,40,9999,0.100000,0,0,0.000000,6,0.000000,0.000000,0.428169,0,0,0,0,0,0,0
12,129999,87,120000,4,10000,49,9999,0.100000,0,0,0.000000,6,3.000000,0.000000,8.170261,0,0,0,0,0,0,0
12,129999,88,120000,0,60000,40,9999,0.100000,0,0,0.000000,6,0.000000,0.000000,0.073290,0,0,0,0,0,0,0
12,129999,89,120000,72,10000,40,9999,0.100000,0,0,0.000000,6,0.000000,0.000000,0.135312,0,0,0,0,0,0,0
12,129999,90,120000,72,10000,40,9999,0.100000,0,0,0.000000,6,0.000000,0.000000,0.212026,0,0,0,0,0,0,0
12,129999,91,120000,72,10000,40,9999,0.100000,0,0,0.000000,6,0.000000,0.000000,0.298785,0,0,0,0,0,0,0
12,129999,92,120000,20,0,40,9999,0.100000,0,0,0.000000,6,0.000000,0.000000,2.202674,0,0,0,0,0,0,0
12,129999,93,120000,72,10000,49,9999,0.100000,0,0,0.000000,6,5.000000,0.000000,20.662139,0,0,0,0,0,0,0
12,129999,94,120000,0,40000,49,9999,0.100000,0,0,0.000000,6,13.000000,0.000000,20.321361,0,0,0,0,0,0,0
12,129999,95,120000,20,0,40,9999,0.100000,0,0,0.000000,6,0.000000,0.000000,7.788183,0,0,0,0,0,0,0
12,129999,96,120000,4,10000,40,9999,0.100000,0,0,0.000000,6,0.000000,0.000000,0.110049,0,0,0,0,0,0,0
12,129999,97,120000,0,60000,49,9999,0.100000,0,0,0.000000,6,5.000000,0.000000,10.743247,0,0,0,0,0,0,0
12,129999,98,120000,72,10000,40,9999,0.100000,0,0,0.000000,6,0.000000,0.000000,0.354478,0,0,0,0,0,0,0
12,129999,99,120000,72,10000,40,9999,0.100000,0,0,0.000000,6,0.000000,0.000000,0.070522,0,0,0,0,0,0,0
13,139999,0,130000,72,70000,40,9999,0.065000,0,0,0.000000,6,0.000000,0.000000,2.785234,0,0,0,0,0,0,0
13,139999,1,130000,72,10000,40,9999,0.100000,0,0,0.000000,6,0.000000,0.000000,0.417562,0,0,0,0,0,0,0
13,139999,2,130000,0,60000,40,9999,0.100000,0,0,0.000000,6,0.000000,0.000000,0.112147,0,0,0,0,0,0,0
13,139999,3,130000,4,10000,40,9999,0.100000,0,0,0.000000,6,0.000000,0.000000,0.103990,0,0,0,0,0,0,0
13,139999,4,130000,72,70000,40,9999,0.100000,0,0,0.000000,6,0.000000,0.000000,0.318458,0,0,0,0,0,0,0
13,139999,5,130000,72,10000,40,9999,0.100000,0,0,0.000000,6,0.000000,0.000000,0.665943,0,0,0,0,0,0,0
13,139999,6,130000,4,10000,40,9999,0.100000,0,0,0.000000,6,0.000000,0.000000,0.145909,0,0,0,0,0,0,0
13,139999,7,130000,0,60000,40,9999,0.100000,0,0,0.000000,6,0.000000,0.000000,0.251109,0,0,0,0,0,0,0
13,139999,8,130000,72,10000,40,9999,0.100000,0,0,0.000000,6,0.000000,0.000000,0.091282,0,0,0,0,0,0,0
13,139999,9,130000,0,60000,40,9999,0.100000,0,0,0.000000,6,0.000000,0.000000,0.587398,0,0,0,0,0,0,0
13,139999,10,130000,72,70000,49,9999,0.100000,0,0,0.000000,6,4.000000,0.000000,6.136118,0,0,0,0,0,0,0
13,139999,11,130000,72,70000,40,9999,0.100000,0,0,0.000000,6,0.000000,0.000000,0.404339,0,0,0,0,0,0,0
13,139999,12,130000,0,40000,40,9999,0.100000,0,0,0.000000,6,0.000000,0.000000,0.301786,0,0,0,0,0,0,0
13,139999,13,130000,20,0,40,9999,0.100000,0,0,0.000000,6,0.000000,0.000000,0.437957,0,0,0,0,0,0,0
13,139999,14,130000,72,70000,40,9999,0.100000,0,0,0.000000,6,0.000000,0.000000,0.393913,0,0,0,0,0,0,0
13,139999,15,130000,0,40000,40,9999,0.100000,0,0,0.000000,6,0.000000,0.000000,0.659595,0,0,0,0,0,0,0
13,139999,16,130000,72,10000,40,9999,0.100000,0,0,0.000000,6,0.000000,0.000000,0.074886,0,0,0,0,0,0,0
13,139999,17,130000,0,60000,40,9999,0.100000,0,0,0.000000,6,0.000000,0.000000,0.094651,0,0,0,0,0,0,0
13,139999,18,130000,0,60000,40,9999,0.100000,0,0,0.000000,6,0.000000,0.000000,0.973148,0,0,0,0,0,0,0
13,139999,19,130000,72,10000,49,9999,0.100000,0,0,0.000000,6,3.000000,0.000000,5.125401,0,0,0,0,0,0,0
13,139999,20,130000,0,60000,40,9999,0.100000,0,0,0.000000,6,0.000000,0.000000,0.119234,0,0,0,0,0,0,0
13,139999,21,130000,20,0,40,9999,0.100000,0,0,0.000000,6,0.000000,0.000000,0.504156,0,0,0,0,0,0,0
13,139999,22,130000,72,70000,40,9999,0.100000,0,0,0.000000,6,0.000000,0.000000,0.444373,0,0,0,0,0,0,0
13,139999,23,130000,0,40000,40,9999,0.100000,0,0,0.000000,6,0.000000,0.000000,7.154696,0,0,0,0,0,0,0
13,139999,24,130000,20,0,40,9999,0.100000,0,0,0.000000,6,0.000000,0.000000,1.013581,0,0,0,0,0,0,0
13,139999,25,130000,0,40000,40,9999,0.100000,0,0,0.000000,6,0.000000,0.000000,0.396864,0,0,0,0,0,0,0
13,139999,26,130000,0,40000,40,9999,0.100000,0,0,0.000000,6,0.000000,0.000000,0.075732,0,0,0,0,0,0,0
13,139999,27,130000,0,60000,40,9999,0.100000,0,0,0.000000,6,0.000000,0.000000,0.417976,0,0,0,0,0,0,0
13,139999,28,130000,72,10000,40,9999,0.100000,0,0,0.000000,6,0.000000,0.000000,0.186474,0,0,0,0,0,0,0
13,139999,29,130000,72,10000,40,9999,0.100000,0,0,0.000000,6,0.000000,0.000000,0.275898,0,0,0,0,0,0,0
13,139999,30,130000,20,0,40,9999,0.100000,0,0,0.000000,6,0.000000,0.000000,8.589238,0,0,0,0,0,0,0
13,139999,31,130000,72,70000,40,9999,0.100000,0,0,0.000000,6,0.000000,0.000000,0.105268,0,0,0,0,0,0,0
13,139999,32,130000,4,10000,40,9999,0.100000,0,0,0.000000,6,0.000000,0.000000,2.101788,0,0,0,0,0,0,0
13,139999,33,130000,4,10000,40,9999,0.100000,0,0,0.000000,6,0.000000,0.000000,1.717646,0,0,0,0,0,0,0
13,139999,34,130000,20,0,40,9999,0.100000,0,0,0.000000,6,0.000000,0.000000,0.088214,0,0,0,0,0,0,0
13,139999,35,130000,72,70000,40,9999,0.100000,0,0,0.000000,6,0.000000,0.000000,0.091079,0,0,0,0,0,0,0
13,139999,36,130000,0,40000,40,9999,0.100000,0,0,0.000000,6,0.000000,0.000000,0.327411,0,0,0,0,0,0,0
13,139999,37,130000,0,40000,40,9999,0.100000,0,0,0.000000,6,0.000000,0.000000,0.170917,0,0,0,0,0,0,0
13,139999,38,130000,0,60000,49,9999,0.100000,0,0,0.000000,6,5.000000,0.000000,10.317093,0,0,0,0,0,0,0
13,139999,39,130000,0,60000,40,9999,0.100000,0,0,0.000000,6,0.000000,0.000000,0.079329,0,0,0,0,0,0,0
13,139999,40,130000,72,10000,40,9999,0.100000,0,0,0.000000,6,0.000000,0.000000,2.139110,0,0,0,0,0,0,0
13,139999,41,130000,4,10000,40,9999,0.100000,0,0,0.000000,6,0.000000,0.000000,0.082342,0,0,0,0,0,0,0
13,139999,42,130000,72,10000,40,9999,0.100000,0,0,0.000000,6,0.000000,0.000000,0.100940,0,0,0,0,0,0,0
13,139999,43,130000,4,10000,40,9999,0.100000,0,0,0.000000,6,0.000000,0.000000,0.933475,0,0,0,0,0,0,0
13,139999,44,130000,0,40000,40,9999,0.100000,0,0,0.000000,6,0.000000,0.000000,0.150283,0,0,0,0,0,0,0
13,139999,45,130000,0,40000,40,9999,0.100000,0,0,0.000000,6,0.000000,0.000000,0.346791,0,0,0,0,0,0,0
13,139999,46,130000,72,10000,40,9999,0.100000,0,0,0.000000,6,0.000000,0.000000,0.526251,0,0,0,0,0,0,0
13,139999,47,130000,72,10000,40,9999,0.100000,0,0,0.000000,6,0.000000,0.000000,2.729322,0,0,0,0,0,0,0
13,139999,48,130000,0,40000,40,9999,0.100000,0,0,0.000000,6,0.000000,0.000000,8.014032,0,0,0,0,0,0,0
13,139999,49,130000,0,60000,40,9999,0.100000,0,0,0.000000,6,0.000000,0.000000,0.143894,0,0,0,0,0,0,0
13,139999,50,130000,0,60000,40,9999,0.100000,0,0,0.000000,6,0.000000,0.000000,0.256471,0,0,0,0,0,0,0
13,139999,51,130000,20,0,40,9999,0.100000,0,0,0.000000,6,0.000000,0.000000,0.169327,0,0,0,0,0,0,0
13,139999,52,130000,4,10000,40,9999,0.100000,0,0,0.000000,6,0.000000,0.000000,1.116904,0,0,0,0,0,0,0
13,139999,53,130000,72,10000,40,9999,0.100000,0,0,0.000000,6,0.000000,0.000000,0.181870,0,0,0,0,0,0,0
13,139999,54,130000,72,10000,40,9999,0.100000,0,0,0.000000,6,0.000000,0.000000,0.409501,0,0,0,0,0,0,0
13,139999,55,130000,20,0,40,9999,0.100000,0,0,0.000000,6,0.000000,0.000000,0.110289,0,0,0,0,0,0,0
13,139999,56,130000,4,10000,40,9999,0.100000,0,0,0.000000,6,0.000000,0.000000,0.510350,0,0,0,0,0,0,0
13,139999,57,130000,0,40000,40,9999,0.100000,0,0,0.000000,6,0.000000,0.000000,21.699199,0,0,0,0,0,0,0
13,139999,58,130000,72,70000,40,9999,0.100000,0,0,0.000000,6,0.000000,0.000000,0.087475,0,0,0,0,0,0,0
13,139999,59,130000,0,40000,40,9999,0.100000,0,0,0.000000,6,0.000000,0.000000,12.687727,0,0,0,0,0,0,0
13,139999,60,130000,4,10000,49,9999,0.100000,0,0,0.000000,6,2.000000,0.000000,10.408080,0,0,0,0,0,0,0
13,139999,61,130000,4,10000,40,9999,0.100000,0,0,0.000000,6,0.000000,0.000000,0.289411,0,0,0,0,0,0,0
13,139999,62,130000,0,40000,40,9999,0.100000,0,0,0.000000,6,0.000000,0.000000,0.489711,0,0,0,0,0,0,0
13,139999,63,130000,72,10000,49,9999,0.100000,0,0,0.000000,6,1.000000,0.000000,15.507104,0,0,0,0,0,0,0
13,139999,64,130000,4,10000,40,9999,0.100000,0,0,0.000000,6,0.000000,0.000000,0.089218,0,0,0,0,0,0,0
13,139999,65,130000,72,10000,40,9999,0.100000,0,0,0.000000,6,0.000000,0.000000,0.563449,0,0,0,0,0,0,0
13,139999,66,130000,0,60000,40,9999,0.100000,0,0,0.000000,6,0.000000,0.000000,0.117959,0,0,0,0,0,0,0
13,139999,67,130000,0,40000,40,9999,0.100000,0,0,0.000000,6,0.000000,0.000000,0.292709,0,0,0,0,0,0,0
13,139999,68,130000,4,10000,40,9999,0.100000,0,0,0.000000,6,0.000000,0.000000,3.364002,0,0,0,0,0,0,0
13,139999,69,130000,0,40000,40,9999,0.100000,0,0,0.000000,6,0.000000,0.000000,0.480141,0,0,0,0,0,0,0
13,139999,70,130000,4,10000,40,9999,0.100000,0,0,0.000000,6,0.000000,0.000000,0.071090,0,0,0,0,0,0,0
13,139999,71,130000,0,40000,40,9999,0.100000,0,0,0.000000,6,0.000000,0.000000,0.306228,0,0,0,0,0,0,0
13,139999,72,130000,20,0,49,9999,0.100000,0,0,0.000000,6,9.000000,0.000000,18.472406,0,0,0,0,0,0,0
13,139999,73,130000,0,60000,40,9999,0.100000,0,0,0.000000,6,0.000000,0.000000,2.460405,0,0,0,0,0,0,0
13,139999,74,130000,20,0,49,9999,0.100000,0,0,0.000000,6,1.000000,0.000000,11.573768,0,0,0,0,0,0,0
13,139999,75,130000,72,70000,40,9999,0.100000,0,0,0.000000,6,0.000000,0.000000,1.976222,0,0,0,0,0,0,0
13,139999,76,130000,20,0,40,9999,0.100000,0,0,0.000000,6,0.000000,0.000000,0.571437,0,0,0,0,0,0,0
13,139999,77,130000,0,40000,40,9999,0.100000,0,0,0.000000,6,0.000000,0.000000,0.445989,0,0,0,0,0,0,0
13,139999,78,130000,0,40000,40,9999,0.100000,0,0,0.000000,6,0.000000,0.000000,0.104001,0,0,0,0,0,0,0
13,139999,79,130000,72,10000,40,9999,0.100000,0,0,0.000000,6,0.000000,0.000000,0.112930,0,0,0,0,0,0,0
13,139999,80,130000,0,60000,40,9999,0.100000,0,0,0.000000,6,0.000000,0.000000,0.459503,0,0,0,0,0,0,0
13,139999,81,130000,72,70000,40,9999,0.100000,0,0,0.000000,6,0.000000,0.000000,24.077757,0,0,0,0,0,0,0
13,139999,82,130000,20,0,40,9999,0.100000,0,0,0.000000,6,0.000000,0.000000,0.089877,0,0,0,0,0,0,0
13,139999,83,130000,72,10000,40,9999,0.100000,0,0,0.000000,6,0.000000,0.000000,0.114371,0,0,0,0,0,0,0
13,139999,84,130000,72,70000,40,9999,0.100000,0,0,0.000000,6,0.000000,0.000000,0.897630,0,0,0,0,0,0,0
13,139999,85,130000,72,10000,40,9999,0.100000,0,0,0.000000,6,0.000000,0.000000,0.137410,0,0,0,0,0,0,0
13,139999,86,130000,72,10000,40,9999,0.100000,0,0,0.000000,6,0.000000,0.000000,0.342583,0,0,0,0,0,0,0
13,139999,87,130000,72,10000,40,9999,0.100000,0,0,0.000000,6,0.000000,0.000000,0.672146,0,0,0,0,0,0,0
13,139999,88,130000,72,10000,40,9999,0.100000,0,0,0.000000,6,0.000000,0.000000,0.073410,0,0,0,0,0,0,0
13,139999,89,130000,0,40000,40,9999,0.100000,0,0,0.000000,6,0.000000,0.000000,0.134117,0,0,0,0,0,0,0
13,139999,90,130000,20,0,49,9999,0.100000,0,0,0.000000,6,4.000000,0.000000,4.641528,0,0,0,0,0,0,0
13,139999,91,130000,72,70000,49,9999,0.100000,0,0,0.000000,6,4.000000,0.000000,5.062134,0,0,0,0,0,0,0
13,139999,92,130000,72,70000,40,9999,0.100000,0,0,0.000000,6,0.000000,0.000000,1.029583,0,0,0,0,0,0,0
13,139999,93,130000,0,40000,40,9999,0.100000,0,0,0.000000,6,0.000000,0.000000,0.079063,0,0,0,0,0,0,0
13,139999,94,130000,72,70000,99,9999,0.100000,0,0,34.210526,6,2.000000,0.000000,9.794835,0,0,1,0,0,0,0
13,139999,95,130000,20,0,49,9999,0.100000,0,0,0.000000,6,2.000000,0.000000,12.366918,0,0,0,0,0,0,0
13,139999,96,130000,72,10000,40,9999,0.100000,0,0,0.000000,6,0.000000,0.000000,0.092994,0,0,0,0,0,0,0
13,139999,97,130000,0,60000,40,9999,0.100000,0,0,0.000000,6,0.000000,0.000000,0.230619,0,0,0,0,0,0,0
13,139999,98,130000,4,10000,40,9999,0.100000,0,0,0.000000,6,0.000000,0.000000,0.375906,0,0,0,0,0,0,0
13,139999,99,130000,0,60000,40,9999,0.100000,0,0,0.000000,6,0.000000,0.000000,0.082787,0,0,0,0,0,0,0
14,149999,0,140000,72,70000,40,9999,0.100000,0,0,0.000000,6,0.000000,0.000000,3.548505,0,0,0,0,0,0,0
14,149999,1,140000,20,0,40,9999,0.100000,0,0,0.000000,6,0.000000,0.000000,0.261570,0,0,0,0,0,0,0
14,149999,2,140000,0,60000,40,9999,0.100000,0,0,0.000000,6,0.000000,0.000000,0.329491,0,0,0,0,0,0,0
14,149999,3,140000,4,10000,40,9999,0.135000,0,0,0.000000,6,0.000000,0.000000,0.141343,0,0,0,0,0,0,0
14,149999,4,140000,72,10000,49,9999,0.100000,0,0,0.000000,6,2.000000,0.000000,6.367600,0,0,0,0,0,0,0
14,149999,5,140000,4,10000,40,9999,0.100000,0,0,0.000000,6,0.000000,0.000000,5.938166,0,0,0,0,0,0,0
14,149999,6,140000,72,10000,40,9999,0.100000,0,0,0.000000,6,0.000000,0.000000,0.143896,0,0,0,0,0,0,0
14,149999,7,140000,20,0,40,9999,0.100000,0,0,0.000000,6,0.000000,0.000000,0.530114,0,0,0,0,0,0,0
14,149999,8,140000,72,10000,40,9999,0.100000,0,0,0.000000,6,0.000000,0.000000,0.097644,0,0,0,0,0,0,0
14,149999,9,140000,4,10000,40,9999,0.100000,0,0,0.000000,6,0.000000,0.000000,1.072557,0,0,0,0,0,0,0
14,149999,10,140000,20,0,49,9999,0.100000,0,0,0.000000,6,1.000000,0.000000,1.643155,0,0,0,0,0,0,0
14,149999,11,140000,72,10000,40,9999,0.100000,0,0,0.000000,6,0.000000,0.000000,0.284125,0,0,0,0,0,0,0
14,149999,12,140000,72,10000,40,9999,0.100000,0,0,0.000000,6,0.000000,0.000000,0.518681,0,0,0,0,0,0,0
14,149999,13,140000,0,60000,40,9999,0.100000,0,0,0.000000,6,0.000000,0.000000,0.390936,0,0,0,0,0,0,0
14,149999,14,140000,72,70000,40,9999,0.100000,0,0,0.000000,6,0.000000,0.000000,1.024930,0,0,0,0,0,0,0
14,149999,15,140000,72,70000,40,9999,0.100000,0,0,0.000000,6,0.000000,0.000000,0.736456,0,0,0,0,0,0,0
14,149999,16,140000,0,60000,40,9999,0.100000,0,0,0.000000,6,0.000000,0.000000,0.072557,0,0,0,0,0,0,0
14,149999,17,140000,72,10000,40,9999,0.100000,0,0,0.000000,6,0.000000,0.000000,0.094069,0,0,0,0,0,0,0
14,149999,18,140000,0,40000,40,9999,0.100000,0,0,0.000000,6,0.000000,0.000000,0.238625,0,0,0,0,0,0,0
14,149999,19,140000,72,70000,49,9999,0.100000,0,0,0.000000,6,3.000000,0.000000,5.204915,0,0,0,0,0,0,0
14,149999,20,140000,72,10000,40,9999,0.100000,0,0,0.000000,6,0.000000,0.000000,0.116637,0,0,0,0,0,0,0
14,149999,21,140000,0,60000,40,9999,0.100000,0,0,0.000000,6,0.000000,0.000000,0.542003,0,0,0,0,0,0,0
14,149999,22,140000,72,10000,40,9999,0.100000,0,0,0.000000,6,0.000000,0.000000,0.849936,0,0,0,0,0,0,0
14,149999,23,140000,0,40000,40,9999,0.100000,0,0,0.000000,6,0.000000,0.000000,1.623213,0,0,0,0,0,0,0
14,149999,24,140000,4,10000,40,9999,0.100000,0,0,0.000000,6,0.000000,0.000000,0.995471,0,0,0,0,0,0,0
14,149999,25,140000,72,10000,49,9999,0.100000,0,0,0.000000,6,1.000000,0.000000,2.491748,0,0,0,0,0,0,0
14,149999,26,140000,72,10000,40,9999,0.100000,0,0,0.000000,6,0.000000,0.000000,0.078727,0,0,0,0,0,0,0
14,149999,27,140000,0,40000,40,9999,0.100000,0,0,0.000000,6,0.000000,0.000000,1.921377,0,0,0,0,0,0,0
14,149999,28,140000,0,40000,40,9999,0.100000,0,0,0.000000,6,0.000000,0.000000,0.156577,0,0,0,0,0,0,0
14,149999,29,140000,20,0,49,9999,0.100000,0,0,0.000000,6,6.000000,0.000000,13.742083,0,0,0,0,0,0,0
14,149999,30,140000,20,0,49,9999,0.100000,0,0,0.000000,6,1.000000,0.000000,10.715784,0,0,0,0,0,0,0
14,149999,31,140000,20,0,40,9999,0.100000,0,0,0.000000,6,0.000000,0.000000,0.106238,0,0,0,0,0,0,0
14,149999,32,140000,20,0,40,9999,0.100000,0,0,0.000000,6,0.000000,0.000000,0.246441,0,0,0,0,0,0,0
14,149999,33,140000,20,0,40,9999,0.100000,0,0,0.000000,6,0.000000,0.000000,0.705347,0,0,0,0,0,0,0
14,149999,34,140000,72,10000,40,9999,0.100000,0,0,0.000000,6,0.000000,0.000000,0.088947,0,0,0,0,0,0,0
14,149999,35,140000,72,70000,40,9999,0.100000,0,0,0.000000,6,0.000000,0.000000,0.091126,0,0,0,0,0,0,0
14,149999,36,140000,4,10000,49,9999,0.100000,0,0,0.000000,6,4.000000,0.000000,8.316039,0,0,0,0,0,0,0
14,149999,37,140000,20,0,40,9999,0.100000,0,0,0.000000,6,0.000000,0.000000,0.141940,0,0,0,0,0,0,0
14,149999,38,140000,72,10000,40,9999,0.100000,0,0,0.000000,6,0.000000,0.000000,0.145160,0,0,0,0,0,0,0
14,149999,39,140000,0,60000,40,9999,0.100000,0,0,0.000000,6,0.000000,0.000000,0.080487,0,0,0,0,0,0,0
14,149999,40,140000,0,60000,40,9999,0.100000,0,0,0.000000,6,0.000000,0.000000,1.966610,0,0,0,0,0,0,0
14,149999,41,140000,0,60000,40,9999,0.100000,0,0,0.000000,6,0.000000,0.000000,0.082937,0,0,0,0,0,0,0
14,149999,42,140000,4,10000,49,9999,0.100000,0,0,0.000000,6,3.000000,0.000000,6.635672,0,0,0,0,0,0,0
14,149999,43,140000,0,60000,40,9999,0.100000,0,0,0.000000,6,0.000000,0.000000,0.807262,0,0,0,0,0,0,0
14,149999,44,140000,20,0,40,9999,0.100000,0,0,0.000000,6,0.000000,0.000000,0.151547,0,0,0,0,0,0,0
14,149999,45,140000,0,40000,40,9999,0.100000,0,0,0.000000,6,0.000000,0.000000,0.218239,0,0,0,0,0,0,0
14,149999,46,140000,72,10000,40,9999,0.100000,0,0,0.000000,6,0.000000,0.000000,1.420618,0,0,0,0,0,0,0
14,149999,47,140000,4,10000,49,9999,0.100000,0,0,0.000000,6,2.000000,0.000000,3.695257,0,0,0,0,0,0,0
14,149999,48,140000,72,10000,40,9999,0.100000,0,0,0.000000,6,0.000000,0.000000,8.109053,0,0,0,0,0,0,0
14,149999,49,140000,72,70000,40,9999,0.100000,0,0,0.000000,6,0.000000,0.000000,0.138811,0,0,0,0,0,0,0
14,149999,50,140000,0,60000,40,9999,0.100000,0,0,0.000000,6,0.000000,0.000000,0.285630,0,0,0,0,0,0,0
14,149999,51,140000,20,0,40,9999,0.100000,0,0,0.000000,6,0.000000,0.000000,0.337458,0,0,0,0,0,0,0
14,149999,52,140000,72,70000,40,9999,0.100000,0,0,0.000000,6,0.000000,0.000000,1.237609,0,0,0,0,0,0,0
14,149999,53,140000,4,10000,40,9999,0.100000,0,0,0.000000,6,0.000000,0.000000,0.182638,0,0,0,0,0,0,0
14,149999,54,140000,72,70000,40,9999,0.100000,0,0,0.000000,6,0.000000,0.000000,0.615810,0,0,0,0,0,0,0
14,149999,55,140000,72,70000,40,9999,0.100000,0,0,0.000000,6,0.000000,0.000000,0.110389,0,0,0,0,0,0,0
14,149999,56,140000,72,70000,40,9999,0.100000,0,0,0.000000,6,0.000000,0.000000,14.486902,0,0,0,0,0,0,0
14,149999,57,140000,4,10000,40,9999,0.100000,0,0,0.000000,6,0.000000,0.000000,21.845273,0,0,0,0,0,0,0
14,149999,58,140000,72,70000,40,9999,0.100000,0,0,0.000000,6,0.000000,0.000000,0.094945,0,0,0,0,0,0,0
14,149999,59,140000,72,70000,40,9999,0.100000,0,0,0.000000,6,0.000000,0.000000,1.867070,0,0,0,0,0,0,0
14,149999,60,140000,72,10000,40,9999,0.100000,0,0,0.000000,6,0.000000,0.000000,0.150900,0,0,0,0,0,0,0
14,149999,61,140000,0,40000,40,9999,0.100000,0,0,0.000000,6,0.000000,0.000000,0.376410,0,0,0,0,0,0,0
14,149999,62,140000,4,10000,40,9999,0.100000,0,0,0.000000,6,0.000000,0.000000,0.413188,0,0,0,0,0,0,0
14,149999,63,140000,4,10000,49,9999,0.100000,0,0,0.000000,6,2.000000,0.000000,7.947430,0,0,0,0,0,0,0
14,149999,64,140000,0,40000,40,9999,0.100000,0,0,0.000000,6,0.000000,0.000000,0.089533,0,0,0,0,0,0,0
14,149999,65,140000,20,0,40,9999,0.100000,0,0,0.000000,6,0.000000,0.000000,0.635561,0,0,0,0,0,0,0
14,149999,66,140000,20,0,40,9999,0.100000,0,0,0.000000,6,0.000000,0.000000,0.119555,0,0,0,0,0,0,0
14,149999,67,140000,72,10000,40,9999,0.100000,0,0,0.000000,6,0.000000,0.000000,0.325901,0,0,0,0,0,0,0
14,149999,68,140000,0,40000,40,9999,0.100000,0,0,0.000000,6,0.000000,0.000000,3.232973,0,0,0,0,0,0,0
14,149999,69,140000,0,40000,49,9999,0.100000,0,0,0.000000,6,1.000000,0.000000,1.572561,0,0,0,0,0,0,0
14,149999,70,140000,0,40000,40,9999,0.100000,0,0,0.000000,6,0.000000,0.000000,0.071402,0,0,0,0,0,0,0
14,149999,71,140000,0,60000,40,9999,0.100000,0,0,0.000000,6,0.000000,0.000000,0.462422,0,0,0,0,0,0,0
14,149999,72,140000,4,10000,40,9999,0.100000,0,0,0.000000,6,0.000000,0.000000,0.096704,0,0,0,0,0,0,0
14,149999,73,140000,72,70000,40,9999,0.100000,0,0,0.000000,6,0.000000,0.000000,2.035632,0,0,0,0,0,0,0
14,149999,74,140000,20,0,49,9999,0.100000,0,0,0.000000,6,1.000000,0.000000,10.920035,0,0,0,0,0,0,0
14,149999,75,140000,20,0,40,9999,0.100000,0,0,0.000000,6,0.000000,0.000000,0.088924,0,0,0,0,0,0,0
14,149999,76,140000,0,40000,40,9999,0.100000,0,0,0.000000,6,0.000000,0.000000,0.751111,0,0,0,0,0,0,0
14,149999,77,140000,72,70000,40,9999,0.100000,0,0,0.000000,6,0.000000,0.000000,0.437834,0,0,0,0,0,0,0
14,149999,78,140000,0,40000,40,9999,0.100000,0,0,0.000000,6,0.000000,0.000000,0.130918,0,0,0,0,0,0,0
14,149999,79,140000,0,60000,40,9999,0.100000,0,0,0.000000,6,0.000000,0.000000,0.097564,0,0,0,0,0,0,0
14,149999,80,140000,0,60000,40,9999,0.100000,0,0,0.000000,6,0.000000,0.000000,0.388069,0,0,0,0,0,0,0
14,149999,81,140000,0,40000,40,9999,0.100000,0,0,0.000000,6,0.000000,0.000000,23.844789,0,0,0,0,0,0,0
14,149999,82,140000,20,0,49,9999,0.100000,0,0,0.000000,6,8.000000,0.000000,16.601276,0,0,0,0,0,0,0
14,149999,83,140000,20,0,40,9999,0.100000,0,0,0.000000,6,0.000000,0.000000,0.087991,0,0,0,0,0,0,0
14,149999,84,140000,20,0,40,9999,0.100000,0,0,0.000000,6,0.000000,0.000000,1.021569,0,0,0,0,0,0,0
14,149999,85,140000,72,70000,49,9999,0.100000,0,0,0.000000,6,4.000000,0.000000,18.723320,0,0,0,0,0,0,0
14,149999,86,140000,72,10000,40,9999,0.100000,0,0,0.000000,6,0.000000,0.000000,1.113505,0,0,0,0,0,0,0
14,149999,87,140000,72,70000,40,9999,0.100000,0,0,0.000000,6,0.000000,0.000000,0.854511,0,0,0,0,0,0,0
14,149999,88,140000,72,70000,40,9999,0.100000,0,0,0.000000,6,0.000000,0.000000,0.073112,0,0,0,0,0,0,0
14,149999,89,140000,72,10000,40,9999,0.100000,0,0,0.000000,6,0.000000,0.000000,0.133378,0,0,0,0,0,0,0
14,149999,90,140000,20,0,40,9999,0.100000,0,0,0.000000,6,0.000000,0.000000,1.440300,0,0,0,0,0,0,0
14,149999,91,140000,4,10000,49,9999,0.100000,0,0,0.000000,6,1.000000,0.000000,1.905230,0,0,0,0,0,0,0
14,149999,92,140000,72,10000,40,9999,0.100000,0,0,0.000000,6,0.000000,0.000000,1.054341,0,0,0,0,0,0,0
14,149999,93,140000,0,40000,40,9999,0.100000,0,0,0.000000,6,0.000000,0.000000,0.109868,0,0,0,0,0,0,0
14,149999,94,140000,0,40000,49,9999,0.100000,0,0,0.000000,6,3.000000,0.000000,10.179158,0,0,0,0,0,0,0
14,149999,95,140000,72,10000,49,9999,0.100000,0,0,0.000000,6,1.000000,0.000000,11.625319,0,0,0,0,0,0,0
14,149999,96,140000,72,10000,40,9999,0.100000,0,0,0.000000,6,0.000000,0.000000,0.094384,0,0,0,0,0,0,0
14,149999,97,140000,4,10000,40,9999,0.100000,0,0,0.000000,6,0.000000,0.000000,0.221805,0,0,0,0,0,0,0
14,149999,98,140000,20,0,40,9999,0.100000,0,0,0.000000,6,0.000000,0.000000,0.390493,0,0,0,0,0,0,0
14,149999,99,140000,4,10000,40,9999,0.100000,0,0,0.000000,6,0.000000,0.000000,0.083858,0,0,0,0,0,0,0
15,159999,0,150000,20,0,40,9999,0.100000,0,0,0.000000,6,0.000000,0.000000,0.264760,0,0,0,0,0,0,0
15,159999,1,150000,20,0,40,9999,0.100000,0,0,0.000000,6,0.000000,0.000000,0.158377,0,0,0,0,0,0,0
15,159999,2,150000,72,10000,49,9999,0.100000,0,0,0.000000,6,1.000000,0.000000,1.979921,0,0,0,0,0,0,0
15,159999,3,150000,72,70000,40,9999,0.100000,0,0,0.000000,6,0.000000,0.000000,0.150229,0,0,0,0,0,0,0
15,159999,4,150000,0,40000,40,9999,0.100000,0,0,0.000000,6,0.000000,0.000000,0.477604,0,0,0,0,0,0,0
15,159999,5,150000,72,10000,40,9999,0.100000,0,0,0.000000,6,0.000000,0.000000,0.728828,0,0,0,0,0,0,0
15,159999,6,150000,72,10000,40,9999,0.100000,0,0,0.000000,6,0.000000,0.000000,0.147855,0,0,0,0,0,0,0
15,159999,7,150000,72,70000,40,9999,0.100000,0,0,0.000000,6,0.000000,0.000000,0.583929,0,0,0,0,0,0,0
15,159999,8,150000,72,10000,40,9999,0.100000,0,0,0.000000,6,0.000000,0.000000,0.092643,0,0,0,0,0,0,0
15,159999,9,150000,72,70000,40,9999,0.100000,0,0,0.000000,6,0.000000,0.000000,0.823551,0,0,0,0,0,0,0
15,159999,10,150000,0,40000,40,9999,0.100000,0,0,0.000000,6,0.000000,0.000000,0.902838,0,0,0,0,0,0,0
15,159999,11,150000,72,10000,40,9999,0.100000,0,0,0.000000,6,0.000000,0.000000,0.368824,0,0,0,0,0,0,0
15,159999,12,150000,0,60000,40,9999,0.100000,0,0,0.000000,6,0.000000,0.000000,0.275244,0,0,0,0,0,0,0
15,159999,13,150000,0,40000,40,9999,0.100000,0,0,0.000000,6,0.000000,0.000000,0.300695,0,0,0,0,0,0,0
15,159999,14,150000,0,60000,40,9999,0.100000,0,0,0.000000,6,0.000000,0.000000,0.786448,0,0,0,0,0,0,0
15,159999,15,150000,0,60000,40,9999,0.100000,0,0,0.000000,6,0.000000,0.000000,0.747438,0,0,0,0,0,0,0
15,159999,16,150000,20,0,40,9999,0.100000,0,0,0.000000,6,0.000000,0.000000,0.119177,0,0,0,0,0,0,0
15,159999,17,150000,4,10000,40,9999,0.100000,0,0,0.000000,6,0.000000,0.000000,0.095530,0,0,0,0,0,0,0
15,159999,18,150000,20,0,40,9999,0.100000,0,0,0.000000,6,0.000000,0.000000,0.226974,0,0,0,0,0,0,0
15,159999,19,150000,20,0,49,9999,0.100000,0,0,0.000000,6,4.000000,0.000000,5.883133,0,0,0,0,0,0,0
15,159999,20,150000,72,70000,40,9999,0.100000,0,0,0.000000,6,0.000000,0.000000,0.108377,0,0,0,0,0,0,0
15,159999,21,150000,20,0,40,9999,0.100000,0,0,0.000000,6,0.000000,0.000000,0.658186,0,0,0,0,0,0,0
15,159999,22,150000,72,70000,40,9999,0.100000,0,0,0.000000,6,0.000000,0.000000,0.963741,0,0,0,0,0,0,0
15,159999,23,150000,72,10000,40,9999,0.100000,0,0,0.000000,6,0.000000,0.000000,1.290625,0,0,0,0,0,0,0
15,159999,24,150000,4,10000,40,9999,0.100000,0,0,0.000000,6,0.000000,0.000000,0.841569,0,0,0,0,0,0,0
15,159999,25,150000,0,60000,40,9999,0.100000,0,0,0.000000,6,0.000000,0.000000,0.752604,0,0,0,0,0,0,0
15,159999,26,150000,0,60000,40,9999,0.100000,0,0,0.000000,6,0.000000,0.000000,0.079088,0,0,0,0,0,0,0
15,159999,27,150000,4,10000,40,9999,0.100000,0,0,0.000000,6,0.000000,0.000000,1.897613,0,0,0,0,0,0,0
15,159999,28,150000,0,40000,40,9999,0.100000,0,0,0.000000,6,0.000000,0.000000,0.125100,0,0,0,0,0,0,0
15,159999,29,150000,20,0,40,9999,0.100000,0,0,0.000000,6,0.000000,0.000000,0.188568,0,0,0,0,0,0,0
15,159999,30,150000,0,60000,49,9999,0.100000,0,0,0.000000,6,1.000000,0.000000,10.496455,0,0,0,0,0,0,0
15,159999,31,150000,0,40000,40,9999,0.100000,0,0,0.000000,6,0.000000,0.000000,0.108531,0,0,0,0,0,0,0
15,159999,32,150000,0,40000,40,9999,0.100000,0,0,0.000000,6,0.000000,0.000000,0.235537,0,0,0,0,0,0,0
15,159999,33,150000,4,10000,40,9999,0.100000,0,0,0.000000,6,0.000000,0.000000,0.752000,0,0,0,0,0,0,0
15,159999,34,150000,0,60000,40,9999,0.100000,0,0,0.000000,6,0.000000,0.000000,0.090249,0,0,0,0,0,0,0
15,159999,35,150000,4,10000,40,9999,0.100000,0,0,0.000000,6,0.000000,0.000000,0.090864,0,0,0,0,0,0,0
15,159999,36,150000,20,0,40,9999,0.100000,0,0,0.000000,6,0.000000,0.000000,0.301596,0,0,0,0,0,0,0
15,159999,37,150000,0,40000,40,9999,0.100000,0,0,0.000000,6,0.000000,0.000000,0.112544,0,0,0,0,0,0,0
15,159999,38,150000,0,40000,40,9999,0.100000,0,0,0.000000,6,0.000000,0.000000,0.151069,0,0,0,0,0,0,0
15,159999,39,150000,0,40000,40,9999,0.100000,0,0,0.000000,6,0.000000,0.000000,0.147896,0,0,0,0,0,0,0
15,159999,40,150000,72,10000,40,9999,0.100000,0,0,0.000000,6,0.000000,0.000000,1.816727,0,0,0,0,0,0,0
15,159999,41,150000,0,60000,40,9999,0.100000,0,0,0.000000,6,0.000000,0.000000,0.089022,0,0,0,0,0,0,0
15,159999,42,150000,20,0,40,9999,0.100000,0,0,0.000000,6,0.000000,0.000000,0.101630,0,0,0,0,0,0,0
15,159999,43,150000,4,10000,40,9999,0.100000,0,0,0.000000,6,0.000000,0.000000,0.856282,0,0,0,0,0,0,0
15,159999,44,150000,4,10000,40,9999,0.100000,0,0,0.000000,6,0.000000,0.000000,0.123256,0,0,0,0,0,0,0
15,159999,45,150000,72,70000,40,9999,0.100000,0,0,0.000000,6,0.000000,0.000000,0.207936,0,0,0,0,0,0,0
15,159999,46,150000,72,70000,49,9999,0.100000,0,0,0.000000,6,17.000000,0.000000,19.656848,0,0,0,0,0,0,0
15,159999,47,150000,4,10000,40,9999,0.100000,0,0,0.000000,6,0.000000,0.000000,0.965344,0,0,0,0,0,0,0
15,159999,48,150000,0,60000,40,9999,0.100000,0,0,0.000000,6,0.000000,0.000000,8.180677,0,0,0,0,0,0,0
15,159999,49,150000,72,10000,40,9999,0.100000,0,0,0.000000,6,0.000000,0.000000,0.110525,0,0,0,0,0,0,0
15,159999,50,150000,0,60000,40,9999,0.100000,0,0,0.000000,6,0.000000,0.000000,0.306843,0,0,0,0,0,0,0
15,159999,51,150000,0,40000,49,9999,0.100000,0,0,0.000000,6,1.000000,0.000000,2.279067,0,0,0,0,0,0,0
15,159999,52,150000,72,70000,40,9999,0.100000,0,0,0.000000,6,0.000000,0.000000,0.728699,0,0,0,0,0,0,0
15,159999,53,150000,72,10000,40,9999,0.100000,0,0,0.000000,6,0.000000,0.000000,0.158398,0,0,0,0,0,0,0
15,159999,54,150000,72,70000,40,9999,0.100000,0,0,0.000000,6,0.000000,0.000000,1.319511,0,0,0,0,0,0,0
15,159999,55,150000,72,10000,49,9999,0.100000,0,0,0.000000,6,3.000000,0.000000,6.816672,0,0,0,0,0,0,0
15,159999,56,150000,0,60000,40,9999,0.100000,0,0,0.000000,6,0.000000,0.000000,23.721911,0,0,0,0,0,0,0
15,159999,57,150000,0,40000,40,9999,0.100000,0,0,0.000000,6,0.000000,0.000000,21.404436,0,0,0,0,0,0,0
15,159999,58,150000,4,10000,40,9999,0.100000,0,0,0.000000,6,0.000000,0.000000,0.092781,0,0,0,0,0,0,0
15,159999,59,150000,72,10000,49,9999,0.100000,0,0,0.000000,6,1.000000,0.000000,14.845468,0,0,0,0,0,0,0
15,159999,60,150000,72,70000,40,9999,0.100000,0,0,0.000000,6,0.000000,0.000000,0.123720,0,0,0,0,0,0,0
15,159999,61,150000,20,0,40,9999,0.100000,0,0,0.000000,6,0.000000,0.000000,0.427510,0,0,0,0,0,0,0
15,159999,62,150000,72,10000,49,9999,0.100000,0,0,0.000000,6,10.000000,0.000000,21.939834,0,0,0,0,0,0,0
15,159999,63,150000,0,40000,49,9999,0.100000,0,0,0.000000,6,2.000000,0.000000,14.694276,0,0,0,0,0,0,0
15,159999,64,150000,0,40000,40,9999,0.100000,0,0,0.000000,6,0.000000,0.000000,0.090188,0,0,0,0,0,0,0
15,159999,65,150000,4,10000,40,9999,0.100000,0,0,0.000000,6,0.000000,0.000000,0.622056,0,0,0,0,0,0,0
15,159999,66,150000,72,70000,40,9999,0.100000,0,0,0.000000,6,0.000000,0.000000,0.115748,0,0,0,0,0,0,0
15,159999,67,150000,0,60000,40,9999,0.100000,0,0,0.000000,6,0.000000,0.000000,0.381176,0,0,0,0,0,0,0
15,159999,68,150000,0,60000,40,9999,0.100000,0,0,0.000000,6,0.000000,0.000000,3.264297,0,0,0,0,0,0,0
15,159999,69,150000,4,10000,40,9999,0.100000,0,0,0.000000,6,0.000000,0.000000,0.606220,0,0,0,0,0,0,0
15,159999,70,150000,4,10000,40,9999,0.100000,0,0,0.000000,6,0.000000,0.000000,0.074550,0,0,0,0,0,0,0
15,159999,71,150000,0,60000,40,9999,0.100000,0,0,0.000000,6,0.000000,0.000000,0.284269,0,0,0,0,0,0,0
15,159999,72,150000,4,10000,40,9999,0.100000,0,0,0.000000,6,0.000000,0.000000,0.356232,0,0,0,0,0,0,0
15,159999,73,150000,20,0,40,9999,0.100000,0,0,0.000000,6,0.000000,0.000000,0.880222,0,0,0,0,0,0,0
15,159999,74,150000,4,10000,49,9999,0.100000,0,0,0.000000,6,3.000000,0.000000,7.061152,0,0,0,0,0,0,0
15,159999,75,150000,4,10000,40,9999,0.100000,0,0,0.000000,6,0.000000,0.000000,0.088941,0,0,0,0,0,0,0
15,159999,76,150000,72,10000,40,9999,0.100000,0,0,0.000000,6,0.000000,0.000000,0.311443,0,0,0,0,0,0,0
15,159999,77,150000,0,60000,40,9999,0.100000,0,0,0.000000,6,0.000000,0.000000,0.341767,0,0,0,0,0,0,0
15,159999,78,150000,72,10000,40,9999,0.100000,0,0,0.000000,6,0.000000,0.000000,0.410009,0,0,0,0,0,0,0
15,159999,79,150000,20,0,40,9999,0.100000,0,0,0.000000,6,0.000000,0.000000,0.135929,0,0,0,0,0,0,0
15,159999,80,150000,20,0,40,9999,0.100000,0,0,0.000000,6,0.000000,0.000000,0.781213,0,0,0,0,0,0,0
15,159999,81,150000,4,10000,40,9999,0.100000,0,0,0.000000,6,0.000000,0.000000,24.013479,0,0,0,0,0,0,0
15,159999,82,150000,20,0,40,9999,0.100000,0,0,0.000000,6,0.000000,0.000000,0.091343,0,0,0,0,0,0,0
15,159999,83,150000,20,0,40,9999,0.100000,0,0,0.000000,6,0.000000,0.000000,0.085607,0,0,0,0,0,0,0
15,159999,84,150000,72,70000,40,9999,0.100000,0,0,0.000000,6,0.000000,0.000000,0.866592,0,0,0,0,0,0,0
15,159999,85,150000,20,0,40,9999,0.100000,0,0,0.000000,6,0.000000,0.000000,0.090842,0,0,0,0,0,0,0
15,159999,86,150000,72,70000,40,9999,0.100000,0,0,0.000000,6,0.000000,0.000000,1.181661,0,0,0,0,0,0,0
15,159999,87,150000,20,0,40,9999,0.100000,0,0,0.000000,6,0.000000,0.000000,0.763700,0,0,0,0,0,0,0
15,159999,88,150000,72,70000,40,9999,0.100000,0,0,0.000000,6,0.000000,0.000000,0.073670,0,0,0,0,0,0,0
15,159999,89,150000,0,40000,40,9999,0.100000,0,0,0.000000,6,0.000000,0.000000,0.134144,0,0,0,0,0,0,0
15,159999,90,150000,72,10000,40,9999,0.100000,0,0,0.000000,6,0.000000,0.000000,0.826828,0,0,0,0,0,0,0
15,159999,91,150000,0,40000,40,9999,0.100000,0,0,0.000000,6,0.000000,0.000000,0.981493,0,0,0,0,0,0,0
15,159999,92,150000,0,40000,40,9999,0.100000,0,0,0.000000,6,0.000000,0.000000,0.986249,0,0,0,0,0,0,0
15,159999,93,150000,4,10000,40,9999,0.100000,0,0,0.000000,6,0.000000,0.000000,0.084570,0,0,0,0,0,0,0
15,159999,94,150000,20,0,49,9999,0.100000,0,0,0.000000,6,3.000000,0.000000,6.036131,0,0,0,0,0,0,0
15,159999,95,150000,72,10000,49,9999,0.100000,0,0,0.000000,6,1.000000,0.000000,9.888590,0,0,0,0,0,0,0
15,159999,96,150000,0,40000,40,9999,0.100000,0,0,0.000000,6,0.000000,0.000000,0.092414,0,0,0,0,0,0,0
15,159999,97,150000,72,70000,40,9999,0.100000,0,0,0.000000,6,0.000000,0.000000,0.240361,0,0,0,0,0,0,0
15,159999,98,150000,72,70000,40,9999,0.100000,0,0,0.000000,6,0.000000,0.000000,0.366775,0,0,0,0,0,0,0
15,159999,99,150000,72,70000,40,9999,0.100000,0,0,0.000000,6,0.000000,0.000000,0.092210,0,0,0,0,0,0,0
16,169999,0,160000,72,10000,40,9999,0.100000,0,0,0.000000,6,0.000000,0.000000,0.254943,0,0,0,0,0,0,0
16,169999,1,160000,72,150000,40,9999,0.100000,0,0,0.000000,6,0.000000,0.000000,0.180763,0,0,0,0,0,0,0
16,169999,2,160000,4,10000,49,9999,0.100000,0,0,0.000000,6,1.000000,0.000000,2.013661,0,0,0,0,0,0,0
16,169999,3,160000,4,10000,40,9999,0.100000,0,0,0.000000,6,0.000000,0.000000,0.266347,0,0,0,0,0,0,0
16,169999,4,160000,0,40000,49,9999,0.100000,0,0,0.000000,6,3.000000,0.000000,4.259653,0,0,0,0,0,0,0
16,169999,5,160000,20,0,40,9999,0.100000,0,0,0.000000,6,0.000000,0.000000,2.836796,0,0,0,0,0,0,0
16,169999,6,160000,4,10000,49,9999,0.100000,0,0,0.000000,6,9.000000,0.000000,19.813691,0,0,0,0,0,0,0
16,169999,7,160000,20,0,40,9999,0.100000,0,0,0.000000,6,0.000000,0.000000,1.135685,0,0,0,0,0,0,0
16,169999,8,160000,0,60000,40,9999,0.100000,0,0,0.000000,6,0.000000,0.000000,0.091997,0,0,0,0,0,0,0
16,169999,9,160000,72,70000,40,9999,0.100000,0,0,0.000000,6,0.000000,0.000000,1.259001,0,0,0,0,0,0,0
16,169999,10,160000,72,70000,40,9999,0.100000,0,0,0.000000,6,0.000000,0.000000,0.869875,0,0,0,0,0,0,0
16,169999,11,160000,20,0,40,9999,0.100000,0,0,0.000000,6,0.000000,0.000000,0.716145,0,0,0,0,0,0,0
16,169999,12,160000,72,70000,40,9999,0.100000,0,0,0.000000,6,0.000000,0.000000,0.273783,0,0,0,0,0,0,0
16,169999,13,160000,0,60000,40,9999,0.100000,0,0,0.000000,6,0.000000,0.000000,0.381645,0,0,0,0,0,0,0
16,169999,14,160000,0,60000,40,9999,0.100000,0,0,0.000000,6,0.000000,0.000000,1.024317,0,0,0,0,0,0,0
16,169999,15,160000,72,10000,40,9999,0.100000,0,0,0.000000,6,0.000000,0.000000,0.774416,0,0,0,0,0,0,0
16,169999,16,160000,20,0,40,9999,0.100000,0,0,0.000000,6,0.000000,0.000000,0.071370,0,0,0,0,0,0,0
16,169999,17,160000,4,10000,49,9999,0.100000,0,0,0.000000,6,5.000000,0.000000,11.467787,0,0,0,0,0,0,0
16,169999,18,160000,72,70000,40,9999,0.100000,0,0,0.000000,6,0.000000,0.000000,0.212157,0,0,0,0,0,0,0
16,169999,19,160000,4,10000,40,9999,0.100000,0,0,0.000000,6,0.000000,0.000000,0.223539,0,0,0,0,0,0,0
16,169999,20,160000,0,60000,40,9999,0.100000,0,0,0.000000,6,0.000000,0.000000,0.139208,0,0,0,0,0,0,0
16,169999,21,160000,4,10000,40,9999,0.100000,0,0,0.000000,6,0.000000,0.000000,0.896816,0,0,0,0,0,0,0
16,169999,22,160000,4,10000,40,9999,0.100000,0,0,0.000000,6,0.000000,0.000000,1.025170,0,0,0,0,0,0,0
16,169999,23,160000,20,0,40,9999,0.100000,0,0,0.000000,6,0.000000,0.000000,0.473241,0,0,0,0,0,0,0
16,169999,24,160000,20,0,40,9999,0.100000,0,0,0.000000,6,0.000000,0.000000,0.565716,0,0,0,0,0,0,0
16,169999,25,160000,72,70000,49,9999,0.100000,0,0,0.000000,6,7.000000,0.000000,12.707154,0,0,0,0,0,0,0
16,169999,26,160000,72,70000,40,9999,0.100000,0,0,0.000000,6,0.000000,0.000000,0.077777,0,0,0,0,0,0,0
16,169999,27,160000,72,70000,40,9999,0.100000,0,0,0.000000,6,0.000000,0.000000,1.797093,0,0,0,0,0,0,0
16,169999,28,160000,0,60000,40,9999,0.100000,0,0,0.000000,6,0.000000,0.000000,0.153174,0,0,0,0,0,0,0
16,169999,29,160000,0,60000,40,9999,0.100000,0,0,0.000000,6,0.000000,0.000000,0.278185,0,0,0,0,0,0,0
16,169999,30,160000,20,0,49,9999,0.100000,0,0,0.000000,6,1.000000,0.000000,16.280602,0,0,0,0,0,0,0
16,169999,31,160000,4,10000,40,9999,0.100000,0,0,0.000000,6,0.000000,0.000000,0.104441,0,0,0,0,0,0,0
16,169999,32,160000,0,40000,40,9999,0.100000,0,0,0.000000,6,0.000000,0.000000,0.242856,0,0,0,0,0,0,0
16,169999,33,160000,72,70000,40,9999,0.100000,0,0,0.000000,6,0.000000,0.000000,0.992920,0,0,0,0,0,0,0
16,169999,34,160000,72,70000,40,9999,0.100000,0,0,0.000000,6,0.000000,0.000000,0.088159,0,0,0,0,0,0,0
16,169999,35,160000,20,0,40,9999,0.100000,0,0,0.000000,6,0.000000,0.000000,0.091121,0,0,0,0,0,0,0
16,169999,36,160000,20,0,49,9999,0.100000,0,0,0.000000,6,4.000000,0.000000,5.802669,0,0,0,0,0,0,0
16,169999,37,160000,0,40000,40,9999,0.100000,0,0,0.000000,6,0.000000,0.000000,0.149622,0,0,0,0,0,0,0
16,169999,38,160000,72,70000,40,9999,0.100000,0,0,0.000000,6,0.000000,0.000000,0.303444,0,0,0,0,0,0,0
16,169999,39,160000,72,150000,40,9999,0.100000,0,0,0.000000,6,0.000000,0.000000,0.183073,0,0,0,0,0,0,0
16,169999,40,160000,72,10000,40,9999,0.100000,0,0,0.000000,6,0.000000,0.000000,1.827914,0,0,0,0,0,0,0
16,169999,41,160000,20,0,40,9999,0.100000,0,0,0.000000,6,0.000000,0.000000,0.064318,0,0,0,0,0,0,0
16,169999,42,160000,0,60000,40,9999,0.100000,0,0,0.000000,6,0.000000,0.000000,0.100924,0,0,0,0,0,0,0
16,169999,43,160000,4,10000,40,9999,0.100000,0,0,0.000000,6,0.000000,0.000000,1.327256,0,0,0,0,0,0,0
16,169999,44,160000,20,0,40,9999,0.100000,0,0,0.000000,6,0.000000,0.000000,0.126700,0,0,0,0,0,0,0
16,169999,45,160000,0,40000,40,9999,0.100000,0,0,0.000000,6,0.000000,0.000000,0.192626,0,0,0,0,0,0,0
16,169999,46,160000,0,60000,40,9999,0.100000,0,0,0.000000,6,0.000000,0.000000,0.242244,0,0,0,0,0,0,0
16,169999,47,160000,0,60000,40,9999,0.100000,0,0,0.000000,6,0.000000,0.000000,0.963535,0,0,0,0,0,0,0
16,169999,48,160000,20,0,40,9999,0.100000,0,0,0.000000,6,0.000000,0.000000,8.189678,0,0,0,0,0,0,0
16,169999,49,160000,0,40000,40,9999,0.100000,0,0,0.000000,6,0.000000,0.000000,0.121608,0,0,0,0,0,0,0
16,169999,50,160000,72,70000,40,9999,0.100000,0,0,0.000000,6,0.000000,0.000000,0.413022,0,0,0,0,0,0,0
16,169999,51,160000,72,70000,49,9999,0.100000,0,0,0.000000,6,1.000000,0.000000,1.746540,0,0,0,0,0,0,0
16,169999,52,160000,0,60000,40,9999,0.100000,0,0,0.000000,6,0.000000,0.000000,0.726825,0,0,0,0,0,0,0
16,169999,53,160000,20,0,40,9999,0.100000,0,0,0.000000,6,0.000000,0.000000,0.188313,0,0,0,0,0,0,0
16,169999,54,160000,4,10000,40,9999,0.100000,0,0,0.000000,6,0.000000,0.000000,1.429193,0,0,0,0,0,0,0
16,169999,55,160000,72,10000,40,9999,0.100000,0,0,0.000000,6,0.000000,0.000000,0.110641,0,0,0,0,0,0,0
16,169999,56,160000,20,0,49,9999,0.100000,0,0,0.000000,6,1.000000,0.000000,5.891815,0,0,0,0,0,0,0
16,169999,57,160000,72,70000,40,9999,0.100000,0,0,0.000000,6,0.000000,0.000000,21.703193,0,0,0,0,0,0,0
16,169999,58,160000,0,60000,40,9999,0.100000,0,0,0.000000,6,0.000000,0.000000,0.093398,0,0,0,0,0,0,0
16,169999,59,160000,72,70000,49,9999,0.100000,0,0,0.000000,6,1.000000,0.000000,12.351600,0,0,0,0,0,0,0
16,169999,60,160000,72,70000,40,9999,0.100000,0,0,0.000000,6,0.000000,0.000000,0.127210,0,0,0,0,0,0,0
16,169999,61,160000,72,70000,40,9999,0.100000,0,0,0.000000,6,0.000000,0.000000,0.332863,0,0,0,0,0,0,0
16,169999,62,160000,4,10000,40,9999,0.100000,0,0,0.000000,6,0.000000,0.000000,0.765978,0,0,0,0,0,0,0
16,169999,63,160000,72,70000,49,9999,0.100000,0,0,0.000000,6,2.000000,0.000000,16.710544,0,0,0,0,0,0,0
16,169999,64,160000,0,60000,40,9999,0.100000,0,0,0.000000,6,0.000000,0.000000,0.090173,0,0,0,0,0,0,0
16,169999,65,160000,72,10000,49,9999,0.100000,0,0,0.000000,6,2.000000,0.000000,3.219057,0,0,0,0,0,0,0
16,169999,66,160000,72,10000,40,9999,0.100000,0,0,0.000000,6,0.000000,0.000000,0.125663,0,0,0,0,0,0,0
16,169999,67,160000,0,60000,40,9999,0.100000,0,0,0.000000,6,0.000000,0.000000,0.250690,0,0,0,0,0,0,0
16,169999,68,160000,0,40000,40,9999,0.100000,0,0,0.000000,6,0.000000,0.000000,3.431205,0,0,0,0,0,0,0
16,169999,69,160000,4,10000,49,9999,0.100000,0,0,0.000000,6,7.000000,0.000000,12.757083,0,0,0,0,0,0,0
16,169999,70,160000,72,10000,40,9999,0.100000,0,0,0.000000,6,0.000000,0.000000,0.080865,0,0,0,0,0,0,0
16,169999,71,160000,20,0,40,9999,0.100000,0,0,0.000000,6,0.000000,0.000000,0.270105,0,0,0,0,0,0,0
16,169999,72,160000,4,10000,40,9999,0.100000,0,0,0.000000,6,0.000000,0.000000,2.813106,0,0,0,0,0,0,0
16,169999,73,160000,20,0,40,9999,0.100000,0,0,0.000000,6,0.000000,0.000000,1.935279,0,0,0,0,0,0,0
16,169999,74,160000,72,150000,40,9999,0.100000,0,0,0.000000,6,0.000000,0.000000,1.469565,0,0,0,0,0,0,0
16,169999,75,160000,0,60000,40,9999,0.100000,0,0,0.000000,6,0.000000,0.000000,0.087396,0,0,0,0,0,0,0
16,169999,76,160000,0,40000,40,9999,0.100000,0,0,0.000000,6,0.000000,0.000000,0.352711,0,0,0,0,0,0,0
16,169999,77,160000,0,60000,49,9999,0.100000,0,0,0.000000,6,4.000000,0.000000,10.139272,0,0,0,0,0,0,0
16,169999,78,160000,0,40000,40,9999,0.100000,0,0,0.000000,6,0.000000,0.000000,0.176484,0,0,0,0,0,0,0
16,169999,79,160000,0,60000,40,9999,0.100000,0,0,0.000000,6,0.000000,0.000000,0.142150,0,0,0,0,0,0,0
16,169999,80,160000,72,70000,49,9999,0.100000,0,0,0.000000,6,4.000000,0.000000,5.737884,0,0,0,0,0,0,0
16,169999,81,160000,20,0,49,9999,0.100000,0,0,0.000000,6,5.000000,0.000000,35.248993,0,0,0,0,0,0,0
16,169999,82,160000,4,10000,40,9999,0.100000,0,0,0.000000,6,0.000000,0.000000,0.091920,0,0,0,0,0,0,0
16,169999,83,160000,4,10000,40,9999,0.100000,0,0,0.000000,6,0.000000,0.000000,0.083731,0,0,0,0,0,0,0
16,169999,84,160000,0,40000,49,9999,0.100000,0,0,0.000000,6,2.000000,0.000000,3.193084,0,0,0,0,0,0,0
16,169999,85,160000,4,10000,40,9999,0.100000,0,0,0.000000,6,0.000000,0.000000,0.133819,0,0,0,0,0,0,0
16,169999,86,160000,0,60000,40,9999,0.100000,0,0,0.000000,6,0.000000,0.000000,1.170963,0,0,0,0,0,0,0
16,169999,87,160000,20,0,40,9999,0.100000,0,0,0.000000,6,0.000000,0.000000,1.020801,0,0,0,0,0,0,0
16,169999,88,160000,72,10000,40,9999,0.100000,0,0,0.000000,6,0.000000,0.000000,0.085847,0,0,0,0,0,0,0
16,169999,89,160000,72,70000,40,9999,0.100000,0,0,0.000000,6,0.000000,0.000000,0.131708,0,0,0,0,0,0,0
16,169999,90,160000,4,10000,40,9999,0.100000,0,0,0.000000,6,0.000000,0.000000,0.729238,0,0,0,0,0,0,0
16,169999,91,160000,20,0,40,9999,0.100000,0,0,0.000000,6,0.000000,0.000000,0.915246,0,0,0,0,0,0,0
16,169999,92,160000,0,60000,40,9999,0.100000,0,0,0.000000,6,0.000000,0.000000,1.034447,0,0,0,0,0,0,0
16,169999,93,160000,72,150000,40,9999,0.100000,0,0,0.000000,6,0.000000,0.000000,0.099472,0,0,0,0,0,0,0
16,169999,94,160000,0,40000,40,9999,0.100000,0,0,0.000000,6,0.000000,0.000000,0.815576,0,0,0,0,0,0,0
16,169999,95,160000,72,70000,49,9999,0.100000,0,0,0.000000,6,1.000000,0.000000,9.008425,0,0,0,0,0,0,0
16,169999,96,160000,72,70000,40,9999,0.100000,0,0,0.000000,6,0.000000,0.000000,0.086749,0,0,0,0,0,0,0
16,169999,97,160000,72,70000,40,9999,0.100000,0,0,0.000000,6,0.000000,0.000000,0.228630,0,0,0,0,0,0,0
16,169999,98,160000,72,150000,40,9999,0.100000,0,0,0.000000,6,0.000000,0.000000,0.383188,0,0,0,0,0,0,0
16,169999,99,160000,4,10000,40,9999,0.100000,0,0,0.000000,6,0.000000,0.000000,0.090269,0,0,0,0,0,0,0
17,179999,0,170000,20,0,40,9999,0.100000,0,0,0.000000,6,0.000000,0.000000,0.177208,0,0,0,0,0,0,0
17,179999,1,170000,0,60000,40,9999,0.100000,0,0,0.000000,6,0.000000,0.000000,0.113128,0,0,0,0,0,0,0
17,179999,2,170000,0,60000,40,9999,0.100000,0,0,0.000000,6,0.000000,0.000000,0.353149,0,0,0,0,0,0,0
17,179999,3,170000,4,10000,40,9999,0.100000,0,0,0.000000,6,0.000000,0.000000,0.453756,0,0,0,0,0,0,0
17,179999,4,170000,0,40000,49,9999,0.100000,0,0,0.000000,6,1.000000,0.000000,1.531294,0,0,0,0,0,0,0
17,179999,5,170000,72,150000,40,9999,0.100000,0,0,0.000000,6,0.000000,0.000000,0.310471,0,0,0,0,0,0,0
17,179999,6,170000,20,0,40,9999,0.100000,0,0,0.000000,6,0.000000,0.000000,0.136800,0,0,0,0,0,0,0
17,179999,7,170000,20,0,40,9999,0.100000,0,0,0.000000,6,0.000000,0.000000,1.743688,0,0,0,0,0,0,0
17,179999,8,170000,0,60000,40,9999,0.100000,0,0,0.000000,6,0.000000,0.000000,0.089966,0,0,0,0,0,0,0
17,179999,9,170000,20,0,40,9999,0.100000,0,0,0.000000,6,0.000000,0.000000,1.744450,0,0,0,0,0,0,0
17,179999,10,170000,0,40000,40,9999,0.100000,0,0,0.000000,6,0.000000,0.000000,0.759399,0,0,0,0,0,0,0
17,179999,11,170000,0,60000,40,9999,0.100000,0,0,0.000000,6,0.000000,0.000000,0.291647,0,0,0,0,0,0,0
17,179999,12,170000,72,70000,40,9999,0.100000,0,0,0.000000,6,0.000000,0.000000,0.269879,0,0,0,0,0,0,0
17,179999,13,170000,72,150000,40,9999,0.100000,0,0,0.000000,6,0.000000,0.000000,0.694872,0,0,0,0,0,0,0
17,179999,14,170000,20,0,40,9999,0.100000,0,0,0.000000,6,0.000000,0.000000,0.771394,0,0,0,0,0,0,0
17,179999,15,170000,20,0,40,9999,0.100000,0,0,0.000000,6,0.000000,0.000000,0.938945,0,0,0,0,0,0,0
17,179999,16,170000,0,60000,40,9999,0.100000,0,0,0.000000,6,0.000000,0.000000,0.071373,0,0,0,0,0,0,0
17,179999,17,170000,20,0,40,9999,0.100000,0,0,0.000000,6,0.000000,0.000000,0.093796,0,0,0,0,0,0,0
17,179999,18,170000,20,0,40,9999,0.100000,0,0,0.000000,6,0.000000,0.000000,0.207655,0,0,0,0,0,0,0
17,179999,19,170000,0,60000,40,9999,0.100000,0,0,0.000000,6,0.000000,0.000000,0.235106,0,0,0,0,0,0,0
17,179999,20,170000,0,60000,40,9999,0.100000,0,0,0.000000,6,0.000000,0.000000,0.197562,0,0,0,0,0,0,0
17,179999,21,170000,72,150000,40,9999,0.100000,0,0,0.000000,6,0.000000,0.000000,1.955119,0,0,0,0,0,0,0
17,179999,22,170000,20,0,40,9999,0.100000,0,0,0.000000,6,0.000000,0.000000,4.531705,0,0,0,0,0,0,0
17,179999,23,170000,0,60000,40,9999,0.100000,0,0,0.000000,6,0.000000,0.000000,0.581794,0,0,0,0,0,0,0
17,179999,24,170000,0,60000,40,9999,0.100000,0,0,0.000000,6,0.000000,0.000000,0.094743,0,0,0,0,0,0,0
17,179999,25,170000,0,60000,40,9999,0.100000,0,0,0.000000,6,0.000000,0.000000,5.949514,0,0,0,0,0,0,0
17,179999,26,170000,20,0,40,9999,0.100000,0,0,0.000000,6,0.000000,0.000000,0.077968,0,0,0,0,0,0,0
17,179999,27,170000,20,0,40,9999,0.100000,0,0,0.000000,6,0.000000,0.000000,0.315389,0,0,0,0,0,0,0
17,179999,28,170000,20,0,40,9999,0.100000,0,0,0.000000,6,0.000000,0.000000,0.171844,0,0,0,0,0,0,0
17,179999,29,170000,0,40000,40,9999,0.100000,0,0,0.000000,6,0.000000,0.000000,0.333261,0,0,0,0,0,0,0
17,179999,30,170000,0,60000,49,9999,0.100000,0,0,0.000000,6,1.000000,0.000000,12.813303,0,0,0,0,0,0,0
17,179999,31,170000,0,40000,40,9999,0.100000,0,0,0.000000,6,0.000000,0.000000,0.103631,0,0,0,0,0,0,0
17,179999,32,170000,4,10000,40,9999,0.100000,0,0,0.000000,6,0.000000,0.000000,0.246132,0,0,0,0,0,0,0
17,179999,33,170000,0,60000,40,9999,0.100000,0,0,0.000000,6,0.000000,0.000000,1.837125,0,0,0,0,0,0,0
17,179999,34,170000,0,40000,40,9999,0.100000,0,0,0.000000,6,0.000000,0.000000,0.086175,0,0,0,0,0,0,0
17,179999,35,170000,0,40000,40,9999,0.100000,0,0,0.000000,6,0.000000,0.000000,0.091310,0,0,0,0,0,0,0
17,179999,36,170000,0,40000,40,9999,0.100000,0,0,0.000000,6,0.000000,0.000000,1.644621,0,0,0,0,0,0,0
17,179999,37,170000,0,60000,40,9999,0.100000,0,0,0.000000,6,0.000000,0.000000,0.106177,0,0,0,0,0,0,0
17,179999,38,170000,20,0,40,9999,0.100000,0,0,0.000000,6,0.000000,0.000000,0.511074,0,0,0,0,0,0,0
17,179999,39,170000,20,0,40,9999,0.100000,0,0,0.000000,6,0.000000,0.000000,0.183898,0,0,0,0,0,0,0
17,179999,40,170000,4,10000,40,9999,0.100000,0,0,0.000000,6,0.000000,0.000000,1.635742,0,0,0,0,0,0,0
17,179999,41,170000,72,150000,40,9999,0.100000,0,0,0.000000,6,0.000000,0.000000,0.064497,0,0,0,0,0,0,0
17,179999,42,170000,4,10000,40,9999,0.100000,0,0,0.000000,6,0.000000,0.000000,0.103859,0,0,0,0,0,0,0
17,179999,43,170000,20,0,40,9999,0.100000,0,0,0.000000,6,0.000000,0.000000,1.350516,0,0,0,0,0,0,0
17,179999,44,170000,20,0,40,9999,0.100000,0,0,0.000000,6,0.000000,0.000000,0.166235,0,0,0,0,0,0,0
17,179999,45,170000,72,150000,40,9999,0.100000,0,0,0.000000,6,0.000000,0.000000,0.167847,0,0,0,0,0,0,0
17,179999,46,170000,0,60000,40,9999,0.100000,0,0,0.000000,6,0.000000,0.000000,0.241120,0,0,0,0,0,0,0
17,179999,47,170000,20,0,40,9999,0.100000,0,0,0.000000,6,0.000000,0.000000,0.955906,0,0,0,0,0,0,0
17,179999,48,170000,72,150000,40,9999,0.100000,0,0,0.000000,6,0.000000,0.000000,8.201449,0,0,0,0,0,0,0
17,179999,49,170000,20,0,40,9999,0.100000,0,0,0.000000,6,0.000000,0.000000,0.169169,0,0,0,0,0,0,0
17,179999,50,170000,0,60000,40,9999,0.100000,0,0,0.000000,6,0.000000,0.000000,0.995053,0,0,0,0,0,0,0
17,179999,51,170000,4,10000,40,9999,0.100000,0,0,0.000000,6,0.000000,0.000000,0.477746,0,0,0,0,0,0,0
17,179999,52,170000,0,60000,49,9999,0.100000,0,0,0.000000,6,8.000000,0.000000,17.112598,0,0,0,0,0,0,0
17,179999,53,170000,4,10000,40,9999,0.100000,0,0,0.000000,6,0.000000,0.000000,0.146947,0,0,0,0,0,0,0
17,179999,54,170000,0,60000,40,9999,0.100000,0,0,0.000000,6,0.000000,0.000000,0.848630,0,0,0,0,0,0,0
17,179999,55,170000,72,150000,40,9999,0.100000,0,0,0.000000,6,0.000000,0.000000,0.111477,0,0,0,0,0,0,0
17,179999,56,170000,0,60000,40,9999,0.100000,0,0,0.000000,6,0.000000,0.000000,0.402241,0,0,0,0,0,0,0
17,179999,57,170000,4,10000,40,9999,0.100000,0,0,0.000000,6,0.000000,0.000000,22.116210,0,0,0,0,0,0,0
17,179999,58,170000,4,10000,40,9999,0.100000,0,0,0.000000,6,0.000000,0.000000,0.087587,0,0,0,0,0,0,0
17,179999,59,170000,20,0,40,9999,0.100000,0,0,0.000000,6,0.000000,0.000000,7.642856,0,0,0,0,0,0,0
17,179999,60,170000,72,70000,40,9999,0.100000,0,0,0.000000,6,0.000000,0.000000,0.152328,0,0,0,0,0,0,0
17,179999,61,170000,0,40000,40,9999,0.100000,0,0,0.000000,6,0.000000,0.000000,0.368415,0,0,0,0,0,0,0
17,179999,62,170000,4,10000,40,9999,0.100000,0,0,0.000000,6,0.000000,0.000000,1.040565,0,0,0,0,0,0,0
17,179999,63,170000,72,150000,40,9999,0.100000,0,0,0.000000,6,0.000000,0.000000,1.762586,0,0,0,0,0,0,0
17,179999,64,170000,0,60000,40,9999,0.100000,0,0,0.000000,6,0.000000,0.000000,0.090846,0,0,0,0,0,0,0
17,179999,65,170000,72,70000,49,9999,0.100000,0,0,0.000000,6,1.000000,0.000000,1.513775,0,0,0,0,0,0,0
17,179999,66,170000,4,10000,40,9999,0.100000,0,0,0.000000,6,0.000000,0.000000,4.274962,0,0,0,0,0,0,0
17,179999,67,170000,0,40000,40,9999,0.100000,0,0,0.000000,6,0.000000,0.000000,0.296806,0,0,0,0,0,0,0
17,179999,68,170000,0,60000,40,9999,0.100000,0,0,0.000000,6,0.000000,0.000000,3.413105,0,0,0,0,0,0,0
17,179999,69,170000,72,70000,40,9999,0.100000,0,0,0.000000,6,0.000000,0.000000,6.003973,0,0,0,0,0,0,0
17,179999,70,170000,0,60000,40,9999,0.100000,0,0,0.000000,6,0.000000,0.000000,0.088923,0,0,0,0,0,0,0
17,179999,71,170000,4,10000,40,9999,0.100000,0,0,0.000000,6,0.000000,0.000000,0.249790,0,0,0,0,0,0,0
17,179999,72,170000,0,40000,40,9999,0.100000,0,0,0.000000,6,0.000000,0.000000,2.270218,0,0,0,0,0,0,0
17,179999,73,170000,72,70000,40,9999,0.100000,0,0,0.000000,6,0.000000,0.000000,2.662794,0,0,0,0,0,0,0
17,179999,74,170000,72,150000,40,9999,0.100000,0,0,0.000000,6,0.000000,0.000000,0.224163,0,0,0,0,0,0,0
17,179999,75,170000,20,0,40,9999,0.100000,0,0,0.000000,6,0.000000,0.000000,0.086065,0,0,0,0,0,0,0
17,179999,76,170000,0,40000,40,9999,0.100000,0,0,0.000000,6,0.000000,0.000000,0.271926,0,0,0,0,0,0,0
17,179999,77,170000,72,70000,49,9999,0.100000,0,0,0.000000,6,4.000000,0.000000,10.157836,0,0,0,0,0,0,0
17,179999,78,170000,0,60000,40,9999,0.100000,0,0,0.000000,6,0.000000,0.000000,0.092052,0,0,0,0,0,0,0
17,179999,79,170000,72,70000,40,9999,0.100000,0,0,0.000000,6,0.000000,0.000000,0.142142,0,0,0,0,0,0,0
17,179999,80,170000,72,70000,40,9999,0.100000,0,0,0.000000,6,0.000000,0.000000,0.374176,0,0,0,0,0,0,0
17,179999,81,170000,72,70000,40,9999,0.100000,0,0,0.000000,6,0.000000,0.000000,23.844294,0,0,0,0,0,0,0
17,179999,82,170000,72,150000,40,9999,0.100000,0,0,0.000000,6,0.000000,0.000000,0.090780,0,0,0,0,0,0,0
17,179999,83,170000,4,10000,40,9999,0.100000,0,0,0.000000,6,0.000000,0.000000,0.083995,0,0,0,0,0,0,0
17,179999,84,170000,0,60000,49,9999,0.100000,0,0,0.000000,6,1.000000,0.000000,3.260750,0,0,0,0,0,0,0
17,179999,85,170000,20,0,40,9999,0.100000,0,0,0.000000,6,0.000000,0.000000,0.096262,0,0,0,0,0,0,0
17,179999,86,170000,0,60000,40,9999,0.100000,0,0,0.000000,6,0.000000,0.000000,1.176734,0,0,0,0,0,0,0
17,179999,87,170000,0,60000,40,9999,0.100000,0,0,0.000000,6,0.000000,0.000000,0.465399,0,0,0,0,0,0,0
17,179999,88,170000,4,10000,40,9999,0.100000,0,0,0.000000,6,0.000000,0.000000,0.081029,0,0,0,0,0,0,0
17,179999,89,170000,0,40000,40,9999,0.100000,0,0,0.000000,6,0.000000,0.000000,0.087142,0,0,0,0,0,0,0
17,179999,90,170000,0,60000,40,9999,0.100000,0,0,0.000000,6,0.000000,0.000000,0.599592,0,0,0,0,0,0,0
17,179999,91,170000,0,40000,40,9999,0.100000,0,0,0.000000,6,0.000000,0.000000,0.870941,0,0,0,0,0,0,0
17,179999,92,170000,4,10000,40,9999,0.100000,0,0,0.000000,6,0.000000,0.000000,0.963838,0,0,0,0,0,0,0
17,179999,93,170000,72,70000,40,9999,0.100000,0,0,0.000000,6,0.000000,0.000000,0.087916,0,0,0,0,0,0,0
17,179999,94,170000,20,0,40,9999,0.100000,0,0,0.000000,6,0.000000,0.000000,0.825890,0,0,0,0,0,0,0
17,179999,95,170000,4,10000,49,9999,0.100000,0,0,0.000000,6,1.000000,0.000000,6.048518,0,0,0,0,0,0,0
17,179999,96,170000,72,70000,40,9999,0.100000,0,0,0.000000,6,0.000000,0.000000,0.092896,0,0,0,0,0,0,0
17,179999,97,170000,72,70000,40,9999,0.100000,0,0,0.000000,6,0.000000,0.000000,0.218412,0,0,0,0,0,0,0
17,179999,98,170000,20,0,40,9999,0.100000,0,0,0.000000,6,0.000000,0.000000,0.418330,0,0,0,0,0,0,0
17,179999,99,170000,4,10000,40,9999,0.100000,0,0,0.000000,6,0.000000,0.000000,0.114651,0,0,0,0,0,0,0
18,189999,0,180000,72,70000,40,9999,0.100000,0,0,0.000000,6,0.000000,0.000000,0.196020,0,0,0,0,0,0,0
18,189999,1,180000,0,60000,40,9999,0.100000,0,0,0.000000,6,0.000000,0.000000,0.113698,0,0,0,0,0,0,0
18,189999,2,180000,0,60000,40,9999,0.100000,0,0,0.000000,6,0.000000,0.000000,0.077492,0,0,0,0,0,0,0
18,189999,3,180000,72,150000,40,9999,0.100000,0,0,0.000000,6,0.000000,0.000000,0.173907,0,0,0,0,0,0,0
18,189999,4,180000,0,40000,40,9999,0.100000,0,0,0.000000,6,0.000000,0.000000,1.019867,0,0,0,0,0,0,0
18,189999,5,180000,4,10000,49,9999,0.100000,0,0,0.000000,6,1.000000,0.000000,5.012150,0,0,0,0,0,0,0
18,189999,6,180000,4,10000,40,9999,0.100000,0,0,0.000000,6,0.000000,0.000000,0.136908,0,0,0,0,0,0,0
18,189999,7,180000,0,60000,40,9999,0.100000,0,0,0.000000,6,0.000000,0.000000,3.637974,0,0,0,0,0,0,0
18,189999,8,180000,20,0,40,9999,0.100000,0,0,0.000000,6,0.000000,0.000000,0.097053,0,0,0,0,0,0,0
18,189999,9,180000,4,10000,40,9999,0.100000,0,0,0.000000,6,0.000000,0.000000,0.179232,0,0,0,0,0,0,0
18,189999,10,180000,0,60000,40,9999,0.100000,0,0,0.000000,6,0.000000,0.000000,0.554671,0,0,0,0,0,0,0
18,189999,11,180000,72,150000,40,9999,0.100000,0,0,0.000000,6,0.000000,0.000000,0.225993,0,0,0,0,0,0,0
18,189999,12,180000,72,150000,40,9999,0.100000,0,0,0.000000,6,0.000000,0.000000,0.265852,0,0,0,0,0,0,0
18,189999,13,180000,20,0,49,9999,0.100000,0,0,0.000000,6,1.000000,0.000000,1.543218,0,0,0,0,0,0,0
18,189999,14,180000,0,40000,40,9999,0.100000,0,0,0.000000,6,0.000000,0.000000,0.861567,0,0,0,0,0,0,0
18,189999,15,180000,4,10000,40,9999,0.100000,0,0,0.000000,6,0.000000,0.000000,1.066769,0,0,0,0,0,0,0
18,189999,16,180000,4,10000,40,9999,0.100000,0,0,0.000000,6,0.000000,0.000000,0.071286,0,0,0,0,0,0,0
18,189999,17,180000,4,10000,40,9999,0.100000,0,0,0.000000,6,0.000000,0.000000,0.093803,0,0,0,0,0,0,0
18,189999,18,180000,20,0,40,9999,0.100000,0,0,0.000000,6,0.000000,0.000000,0.193981,0,0,0,0,0,0,0
18,189999,19,180000,0,60000,40,9999,0.100000,0,0,0.000000,6,0.000000,0.000000,0.232605,0,0,0,0,0,0,0
18,189999,20,180000,20,0,40,9999,0.100000,0,0,0.000000,6,0.000000,0.000000,0.189252,0,0,0,0,0,0,0
18,189999,21,180000,0,60000,49,9999,0.100000,0,0,0.000000,6,5.000000,0.000000,7.123666,0,0,0,0,0,0,0
18,189999,22,180000,4,10000,40,9999,0.100000,0,0,0.000000,6,0.000000,0.000000,0.389200,0,0,0,0,0,0,0
18,189999,23,180000,72,150000,49,9999,0.100000,0,0,0.000000,6,1.000000,0.000000,9.340155,0,0,0,0,0,0,0
18,189999,24,180000,0,40000,40,9999,0.100000,0,0,0.000000,6,0.000000,0.000000,0.096347,0,0,0,0,0,0,0
18,189999,25,180000,0,60000,40,9999,0.100000,0,0,0.000000,6,0.000000,0.000000,1.691044,0,0,0,0,0,0,0
18,189999,26,180000,0,60000,40,9999,0.100000,0,0,0.000000,6,0.000000,0.000000,0.075998,0,0,0,0,0,0,0
18,189999,27,180000,4,10000,49,9999,0.100000,0,0,0.000000,6,1.000000,0.000000,1.296893,0,0,0,0,0,0,0
18,189999,28,180000,0,60000,40,9999,0.100000,0,0,0.000000,6,0.000000,0.000000,0.147313,0,0,0,0,0,0,0
18,189999,29,180000,72,150000,40,9999,0.100000,0,0,0.000000,6,0.000000,0.000000,0.336456,0,0,0,0,0,0,0
18,189999,30,180000,72,70000,49,9999,0.100000,0,0,0.000000,6,2.000000,0.000000,15.532029,0,0,0,0,0,0,0
18,189999,31,180000,0,40000,40,9999,0.100000,0,0,0.000000,6,0.000000,0.000000,0.105138,0,0,0,0,0,0,0
18,189999,32,180000,72,70000,40,9999,0.100000,0,0,0.000000,6,0.000000,0.000000,0.414326,0,0,0,0,0,0,0
18,189999,33,180000,0,40000,9,9999,0.100000,0,0,0.000000,6,1.000000,0.000000,3.498965,0,0,0,0,0,0,1
18,189999,34,180000,72,150000,40,9999,0.100000,0,0,0.000000,6,0.000000,0.000000,0.086625,0,0,0,0,0,0,0
18,189999,35,180000,72,150000,40,9999,0.100000,0,0,0.000000,6,0.000000,0.000000,0.090989,0,0,0,0,0,0,0
18,189999,36,180000,20,0,40,9999,0.100000,0,0,0.000000,6,0.000000,0.000000,2.602531,0,0,0,0,0,0,0
18,189999,37,180000,4,10000,49,9999,0.100000,0,0,0.000000,6,1.000000,0.000000,1.423318,0,0,0,0,0,0,0
18,189999,38,180000,0,40000,40,9999,0.100000,0,0,0.000000,6,0.000000,0.000000,0.197008,0,0,0,0,0,0,0
18,189999,39,180000,20,0,40,9999,0.100000,0,0,0.000000,6,0.000000,0.000000,0.184952,0,0,0,0,0,0,0
18,189999,40,180000,20,0,40,9999,0.100000,0,0,0.000000,6,0.000000,0.000000,1.489006,0,0,0,0,0,0,0
18,189999,41,180000,0,40000,40,9999,0.100000,0,0,0.000000,6,0.000000,0.000000,0.066077,0,0,0,0,0,0,0
18,189999,42,180000,72,70000,40,9999,0.100000,0,0,0.000000,6,0.000000,0.000000,0.105884,0,0,0,0,0,0,0
18,189999,43,180000,72,70000,40,9999,0.100000,0,0,0.000000,6,0.000000,0.000000,0.988897,0,0,0,0,0,0,0
18,189999,44,180000,4,10000,40,9999,0.100000,0,0,0.000000,6,0.000000,0.000000,0.150986,0,0,0,0,0,0,0
18,189999,45,180000,0,40000,40,9999,0.100000,0,0,0.000000,6,0.000000,0.000000,0.159128,0,0,0,0,0,0,0
18,189999,46,180000,20,0,40,9999,0.100000,0,0,0.000000,6,0.000000,0.000000,0.239947,0,0,0,0,0,0,0
18,189999,47,180000,0,60000,40,9999,0.100000,0,0,0.000000,6,0.000000,0.000000,0.960327,0,0,0,0,0,0,0
18,189999,48,180000,72,150000,40,9999,0.100000,0,0,0.000000,6,0.000000,0.000000,8.228052,0,0,0,0,0,0,0
18,189999,49,180000,0,40000,40,9999,0.100000,0,0,0.000000,6,0.000000,0.000000,0.139203,0,0,0,0,0,0,0
18,189999,50,180000,72,70000,40,9999,0.100000,0,0,0.000000,6,0.000000,0.000000,1.465455,0,0,0,0,0,0,0
18,189999,51,180000,20,0,40,9999,0.100000,0,0,0.000000,6,0.000000,0.000000,0.087211,0,0,0,0,0,0,0
18,189999,52,180000,0,60000,40,9999,0.100000,0,0,0.000000,6,0.000000,0.000000,0.728396,0,0,0,0,0,0,0
18,189999,53,180000,72,150000,49,9999,0.100000,0,0,0.000000,6,1.000000,0.000000,1.615012,0,0,0,0,0,0,0
18,189999,54,180000,20,0,40,9999,0.065000,0,0,0.000000,6,0.000000,0.000000,0.749116,0,0,0,0,0,0,0
18,189999,55,180000,20,0,40,9999,0.100000,0,0,0.000000,6,0.000000,0.000000,0.111207,0,0,0,0,0,0,0
18,189999,56,180000,72,150000,40,9999,0.100000,0,0,0.000000,6,0.000000,0.000000,0.269555,0,0,0,0,0,0,0
18,189999,57,180000,20,0,40,9999,0.100000,0,0,0.000000,6,0.000000,0.000000,23.151881,0,0,0,0,0,0,0
18,189999,58,180000,4,10000,40,9999,0.100000,0,0,0.000000,6,0.000000,0.000000,0.099128,0,0,0,0,0,0,0
18,189999,59,180000,0,40000,49,9999,0.100000,0,0,0.000000,6,4.000000,0.000000,16.598711,0,0,0,0,0,0,0
18,189999,60,180000,0,40000,49,9999,0.100000,0,0,0.000000,6,2.000000,0.000000,5.620607,0,0,0,0,0,0,0
18,189999,61,180000,72,150000,40,9999,0.100000,0,0,0.000000,6,0.000000,0.000000,0.435973,0,0,0,0,0,0,0
18,189999,62,180000,0,40000,40,9999,0.100000,0,0,0.000000,6,0.000000,0.000000,1.275268,0,0,0,0,0,0,0
18,189999,63,180000,0,60000,49,9999,0.100000,0,0,0.000000,6,2.000000,0.000000,14.103221,0,0,0,0,0,0,0
18,189999,64,180000,0,60000,40,9999,0.100000,0,0,0.000000,6,0.000000,0.000000,0.090663,0,0,0,0,0,0,0
18,189999,65,180000,0,40000,49,9999,0.100000,0,0,0.000000,6,7.000000,0.000000,15.959689,0,0,0,0,0,0,0
18,189999,66,180000,4,10000,40,9999,0.100000,0,0,0.000000,6,0.000000,0.000000,1.724631,0,0,0,0,0,0,0
18,189999,67,180000,0,60000,40,9999,0.100000,0,0,0.000000,6,0.000000,0.000000,0.388543,0,0,0,0,0,0,0
18,189999,68,180000,72,70000,40,9999,0.100000,0,0,0.000000,6,0.000000,0.000000,3.266264,0,0,0,0,0,0,0
18,189999,69,180000,4,10000,40,9999,0.100000,0,0,0.000000,6,0.000000,0.000000,1.804515,0,0,0,0,0,0,0
18,189999,70,180000,4,10000,40,9999,0.100000,0,0,0.000000,6,0.000000,0.000000,0.101721,0,0,0,0,0,0,0
18,189999,71,180000,72,150000,40,9999,0.100000,0,0,0.000000,6,0.000000,0.000000,0.250853,0,0,0,0,0,0,0
18,189999,72,180000,72,150000,40,9999,0.100000,0,0,0.000000,6,0.000000,0.000000,0.795114,0,0,0,0,0,0,0
18,189999,73,180000,20,0,40,9999,0.100000,0,0,0.000000,6,0.000000,0.000000,1.505572,0,0,0,0,0,0,0
18,189999,74,180000,0,40000,40,9999,0.100000,0,0,0.000000,6,0.000000,0.000000,0.248365,0,0,0,0,0,0,0
18,189999,75,180000,0,60000,40,9999,0.065000,0,0,0.000000,6,0.000000,0.000000,0.085556,0,0,0,0,0,0,0
18,189999,76,180000,72,150000,49,9999,0.100000,0,0,0.000000,6,1.000000,0.000000,1.430426,0,0,0,0,0,0,0
18,189999,77,180000,0,40000,49,9999,0.100000,0,0,0.000000,6,4.000000,0.000000,12.444914,0,0,0,0,0,0,0
18,189999,78,180000,0,40000,40,9999,0.100000,0,0,0.000000,6,0.000000,0.000000,0.119861,0,0,0,0,0,0,0
18,189999,79,180000,4,10000,40,9999,0.100000,0,0,0.000000,6,0.000000,0.000000,0.142681,0,0,0,0,0,0,0
18,189999,80,180000,72,70000,49,9999,0.100000,0,0,0.000000,6,1.000000,0.000000,7.255674,0,0,0,0,0,0,0
18,189999,81,180000,72,70000,40,9999,0.100000,0,0,0.000000,6,0.000000,0.000000,23.989617,0,0,0,0,0,0,0
18,189999,82,180000,20,0,40,9999,0.100000,0,0,0.000000,6,0.000000,0.000000,0.093107,0,0,0,0,0,0,0
18,189999,83,180000,72,70000,40,9999,0.100000,0,0,0.000000,6,0.000000,0.000000,0.085281,0,0,0,0,0,0,0
18,189999,84,180000,72,150000,40,9999,0.100000,0,0,0.000000,6,0.000000,0.000000,2.079115,0,0,0,0,0,0,0
18,189999,85,180000,4,10000,49,9999,0.100000,0,0,0.000000,6,1.000000,0.000000,1.416023,0,0,0,0,0,0,0
18,189999,86,180000,72,70000,40,9999,0.100000,0,0,0.000000,6,0.000000,0.000000,1.294835,0,0,0,0,0,0,0
18,189999,87,180000,4,10000,40,9999,0.100000,0,0,0.000000,6,0.000000,0.000000,0.447245,0,0,0,0,0,0,0
18,189999,88,180000,0,40000,40,9999,0.100000,0,0,0.000000,6,0.000000,0.000000,0.074337,0,0,0,0,0,0,0
18,189999,89,180000,72,70000,40,9999,0.100000,0,0,0.000000,6,0.000000,0.000000,0.086604,0,0,0,0,0,0,0
18,189999,90,180000,0,40000,40,9999,0.100000,0,0,0.000000,6,0.000000,0.000000,0.390888,0,0,0,0,0,0,0
18,189999,91,180000,72,70000,40,9999,0.100000,0,0,0.000000,6,0.000000,0.000000,0.662613,0,0,0,0,0,0,0
18,189999,92,180000,0,40000,40,9999,0.100000,0,0,0.000000,6,0.000000,0.000000,0.979303,0,0,0,0,0,0,0
18,189999,93,180000,0,60000,40,9999,0.100000,0,0,0.000000,6,0.000000,0.000000,0.111656,0,0,0,0,0,0,0
18,189999,94,180000,4,10000,40,9999,0.100000,0,0,0.000000,6,0.000000,0.000000,0.831300,0,0,0,0,0,0,0
18,189999,95,180000,0,60000,49,9999,0.100000,0,0,0.000000,6,1.000000,0.000000,6.770392,0,0,0,0,0,0,0
18,189999,96,180000,20,0,40,9999,0.100000,0,0,0.000000,6,0.000000,0.000000,0.098122,0,0,0,0,0,0,0
18,189999,97,180000,72,70000,40,9999,0.100000,0,0,0.000000,6,0.000000,0.000000,0.228341,0,0,0,0,0,0,0
18,189999,98,180000,0,60000,40,9999,0.135000,0,0,0.000000,6,0.000000,0.000000,0.403487,0,0,0,0,0,0,0
18,189999,99,180000,0,40000,40,9999,0.100000,0,0,0.000000,6,0.000000,0.000000,0.082476,0,0,0,0,0,0,0
19,199999,0,190000,0,40000,40,9999,0.100000,0,0,0.000000,6,0.000000,0.000000,1.136124,0,0,0,0,0,0,0
19,199999,1,190000,72,70000,40,9999,0.100000,0,0,0.000000,6,0.000000,0.000000,0.880197,0,0,0,0,0,0,0
19,199999,2,190000,0,40000,40,9999,0.100000,0,0,0.000000,6,0.000000,0.000000,0.479426,0,0,0,0,0,0,0
19,199999,3,190000,20,0,40,9999,0.100000,0,0,0.000000,6,0.000000,0.000000,0.130675,0,0,0,0,0,0,0
19,199999,4,190000,0,60000,40,9999,0.100000,0,0,0.000000,6,0.000000,0.000000,1.022402,0,0,0,0,0,0,0
19,199999,5,190000,72,150000,40,9999,0.100000,0,0,0.000000,6,0.000000,0.000000,1.023367,0,0,0,0,0,0,0
19,199999,6,190000,72,150000,40,9999,0.100000,0,0,0.000000,6,0.000000,0.000000,0.137987,0,0,0,0,0,0,0
19,199999,7,190000,0,60000,40,9999,0.100000,0,0,0.000000,6,0.000000,0.000000,0.854044,0,0,0,0,0,0,0
19,199999,8,190000,4,10000,40,9999,0.100000,0,0,0.000000,6,0.000000,0.000000,0.105265,0,0,0,0,0,0,0
19,199999,9,190000,4,10000,40,9999,0.100000,0,0,0.000000,6,0.000000,0.000000,0.153109,0,0,0,0,0,0,0
19,199999,10,190000,0,60000,40,9999,0.100000,0,0,0.000000,6,0.000000,0.000000,0.462540,0,0,0,0,0,0,0
19,199999,11,190000,0,40000,40,9999,0.100000,0,0,0.000000,6,0.000000,0.000000,1.776086,0,0,0,0,0,0,0
19,199999,12,190000,20,0,40,9999,0.100000,0,0,0.000000,6,0.000000,0.000000,0.268525,0,0,0,0,0,0,0
19,199999,13,190000,72,70000,40,9999,0.100000,0,0,0.000000,6,0.000000,0.000000,0.248306,0,0,0,0,0,0,0
19,199999,14,190000,0,40000,40,9999,0.100000,0,0,0.000000,6,0.000000,0.000000,1.391944,0,0,0,0,0,0,0
19,199999,15,190000,72,150000,40,9999,0.100000,0,0,0.000000,6,0.000000,0.000000,2.559643,0,0,0,0,0,0,0
19,199999,16,190000,72,150000,40,9999,0.100000,0,0,0.000000,6,0.000000,0.000000,0.072460,0,0,0,0,0,0,0
19,199999,17,190000,20,0,40,9999,0.100000,0,0,0.000000,6,0.000000,0.000000,0.094383,0,0,0,0,0,0,0
19,199999,18,190000,72,70000,40,9999,0.100000,0,0,0.000000,6,0.000000,0.000000,0.200598,0,0,0,0,0,0,0
19,199999,19,190000,72,70000,40,9999,0.100000,0,0,0.000000,6,0.000000,0.000000,0.229198,0,0,0,0,0,0,0
19,199999,20,190000,0,60000,40,9999,0.100000,0,0,0.000000,6,0.000000,0.000000,0.178105,0,0,0,0,0,0,0
19,199999,21,190000,0,40000,40,9999,0.100000,0,0,0.000000,6,0.000000,0.000000,0.152579,0,0,0,0,0,0,0
19,199999,22,190000,72,70000,40,9999,0.100000,0,0,0.000000,6,0.000000,0.000000,0.131158,0,0,0,0,0,0,0
19,199999,23,190000,72,150000,40,9999,0.100000,0,0,0.000000,6,0.000000,0.000000,1.280958,0,0,0,0,0,0,0
19,199999,24,190000,72,150000,40,9999,0.100000,0,0,0.000000,6,0.000000,0.000000,0.108591,0,0,0,0,0,0,0
19,199999,25,190000,20,0,49,9999,0.100000,0,0,0.000000,6,2.000000,0.000000,3.974774,0,0,0,0,0,0,0
19,199999,26,190000,72,70000,40,9999,0.100000,0,0,0.000000,6,0.000000,0.000000,0.279147,0,0,0,0,0,0,0
19,199999,27,180000,4,10000,40,19999,0.100000,0,0,0.000000,6,0.000000,0.000000,0.238787,0,0,0,0,0,0,0
19,199999,28,190000,72,150000,40,9999,0.100000,0,0,0.000000,6,0.000000,0.000000,0.246629,0,0,0,0,0,0,0
19,199999,29,190000,0,40000,49,9999,0.100000,0,0,0.000000,6,6.000000,0.000000,14.173468,0,0,0,0,0,0,0
19,199999,30,190000,0,60000,40,9999,0.100000,0,0,0.000000,6,0.000000,0.000000,21.566293,0,0,0,0,0,0,0
19,199999,31,190000,4,10000,40,9999,0.100000,0,0,0.000000,6,0.000000,0.000000,0.108676,0,0,0,0,0,0,0
19,199999,32,190000,72,70000,40,9999,0.100000,0,0,0.000000,6,0.000000,0.000000,0.237638,0,0,0,0,0,0,0
19,199999,33,190000,72,70000,40,9999,0.100000,0,0,0.000000,6,0.000000,0.000000,1.065989,0,0,0,0,0,0,0
19,199999,34,190000,4,10000,40,9999,0.100000,0,0,0.000000,6,0.000000,0.000000,0.086661,0,0,0,0,0,0,0
19,199999,35,190000,0,40000,40,9999,0.100000,0,0,0.000000,6,0.000000,0.000000,0.090453,0,0,0,0,0,0,0
19,199999,36,190000,72,150000,40,9999,0.100000,0,0,0.000000,6,0.000000,0.000000,2.219634,0,0,0,0,0,0,0
19,199999,37,190000,4,10000,49,9999,0.100000,0,0,0.000000,6,6.000000,0.000000,12.112527,0,0,0,0,0,0,0
19,199999,38,190000,20,0,40,9999,0.100000,0,0,0.000000,6,0.000000,0.000000,0.153595,0,0,0,0,0,0,0
19,199999,39,190000,72,150000,40,9999,0.100000,0,0,0.000000,6,0.000000,0.000000,0.186412,0,0,0,0,0,0,0
19,199999,40,190000,0,60000,40,9999,0.100000,0,0,0.000000,6,0.000000,0.000000,1.398947,0,0,0,0,0,0,0
19,199999,41,190000,72,150000,40,9999,0.100000,0,0,0.000000,6,0.000000,0.000000,0.066295,0,0,0,0,0,0,0
19,199999,42,190000,72,150000,40,9999,0.100000,0,0,0.000000,6,0.000000,0.000000,0.125068,0,0,0,0,0,0,0
19,199999,43,190000,0,40000,40,9999,0.100000,0,0,0.000000,6,0.000000,0.000000,0.866436,0,0,0,0,0,0,0
19,199999,44,190000,0,40000,40,9999,0.100000,0,0,0.000000,6,0.000000,0.000000,0.225603,0,0,0,0,0,0,0
19,199999,45,190000,20,0,40,9999,0.100000,0,0,0.000000,6,0.000000,0.000000,0.164417,0,0,0,0,0,0,0
19,199999,46,190000,20,0,40,9999,0.100000,0,0,0.000000,6,0.000000,0.000000,0.248326,0,0,0,0,0,0,0
19,199999,47,190000,72,150000,40,9999,0.100000,0,0,0.000000,6,0.000000,0.000000,0.937892,0,0,0,0,0,0,0
19,199999,48,190000,0,40000,49,9999,0.100000,0,0,0.000000,6,8.000000,0.000000,24.164086,0,0,0,0,0,0,0
19,199999,49,190000,0,60000,40,9999,0.100000,0,0,0.000000,6,0.000000,0.000000,0.219626,0,0,0,0,0,0,0
19,199999,50,190000,0,40000,40,9999,0.100000,0,0,0.000000,6,0.000000,0.000000,1.216923,0,0,0,0,0,0,0
19,199999,51,190000,72,70000,40,9999,0.100000,0,0,0.000000,6,0.000000,0.000000,1.386849,0,0,0,0,0,0,0
19,199999,52,190000,72,150000,49,9999,0.100000,0,0,0.000000,6,8.000000,0.000000,33.529212,0,0,0,0,0,0,0
19,199999,53,190000,0,40000,40,9999,0.100000,0,0,0.000000,6,0.000000,0.000000,0.154274,0,0,0,0,0,0,0
19,199999,54,190000,4,10000,40,9999,0.100000,0,0,0.000000,6,0.000000,0.000000,0.504036,0,0,0,0,0,0,0
19,199999,55,190000,4,10000,40,9999,0.100000,0,0,0.000000,6,0.000000,0.000000,0.127585,0,0,0,0,0,0,0
19,199999,56,190000,72,150000,40,9999,0.100000,0,0,0.000000,6,0.000000,0.000000,1.070763,0,0,0,0,0,0,0
19,199999,57,190000,72,70000,40,9999,0.100000,0,0,0.000000,6,0.000000,0.000000,1.661491,0,0,0,0,0,0,0
19,199999,58,190000,0,60000,40,9999,0.100000,0,0,0.000000,6,0.000000,0.000000,0.150298,0,0,0,0,0,0,0
19,199999,59,190000,0,40000,40,9999,0.100000,0,0,0.000000,6,0.000000,0.000000,1.131816,0,0,0,0,0,0,0
19,199999,60,190000,0,60000,40,9999,0.100000,0,0,0.000000,6,0.000000,0.000000,0.238622,0,0,0,0,0,0,0
19,199999,61,190000,0,60000,49,9999,0.100000,0,0,0.000000,6,1.000000,0.000000,2.468995,0,0,0,0,0,0,0
19,199999,62,190000,0,60000,49,9999,0.100000,0,0,0.000000,6,11.000000,0.000000,23.178350,0,0,0,0,0,0,0
19,199999,63,190000,20,0,40,9999,0.100000,0,0,0.000000,6,0.000000,0.000000,10.040314,0,0,0,0,0,0,0
19,199999,64,190000,72,70000,49,9999,0.100000,0,0,0.000000,6,3.000000,0.000000,7.965469,0,0,0,0,0,0,0
19,199999,65,190000,0,60000,49,9999,0.100000,0,0,0.000000,6,7.000000,0.000000,16.113307,0,0,0,0,0,0,0
19,199999,66,190000,20,0,40,9999,0.100000,0,0,0.000000,6,0.000000,0.000000,0.781751,0,0,0,0,0,0,0
19,199999,67,190000,72,150000,40,9999,0.100000,0,0,0.000000,6,0.000000,0.000000,1.175836,0,0,0,0,0,0,0
19,199999,68,190000,20,0,40,9999,0.135000,0,0,0.000000,6,0.000000,0.000000,3.123382,0,0,0,0,0,0,0
19,199999,69,190000,0,40000,49,9999,0.100000,0,0,0.000000,6,2.000000,0.000000,5.783325,0,0,0,0,0,0,0
19,199999,70,190000,72,70000,40,9999,0.100000,0,0,0.000000,6,0.000000,0.000000,0.098151,0,0,0,0,0,0,0
19,199999,71,190000,72,150000,40,9999,0.100000,0,0,0.000000,6,0.000000,0.000000,0.248169,0,0,0,0,0,0,0
19,199999,72,190000,20,0,40,9999,0.100000,0,0,0.000000,6,0.000000,0.000000,0.470060,0,0,0,0,0,0,0
19,199999,73,190000,4,10000,40,9999,0.100000,0,0,0.000000,6,0.000000,0.000000,0.337842,0,0,0,0,0,0,0
19,199999,74,190000,4,10000,40,9999,0.100000,0,0,0.000000,6,0.000000,0.000000,0.402108,0,0,0,0,0,0,0
19,199999,75,190000,0,40000,40,9999,0.100000,0,0,0.000000,6,0.000000,0.000000,0.086543,0,0,0,0,0,0,0
19,199999,76,190000,0,40000,40,9999,0.100000,0,0,0.000000,6,0.000000,0.000000,0.408551,0,0,0,0,0,0,0
19,199999,77,190000,72,150000,40,9999,0.100000,0,0,0.000000,6,0.000000,0.000000,0.309374,0,0,0,0,0,0,0
19,199999,78,190000,20,0,40,9999,0.100000,0,0,0.000000,6,0.000000,0.000000,0.110468,0,0,0,0,0,0,0
19,199999,79,190000,0,40000,40,9999,0.100000,0,0,0.000000,6,0.000000,0.000000,0.142974,0,0,0,0,0,0,0
19,199999,80,190000,20,0,40,9999,0.100000,0,0,0.000000,6,0.000000,0.000000,4.056460,0,0,0,0,0,0,0
19,199999,81,190000,72,70000,49,9999,0.100000,0,0,0.000000,6,5.000000,0.000000,35.357071,0,0,0,0,0,0,0
19,199999,82,190000,20,0,49,9999,0.100000,0,0,0.000000,6,8.000000,0.000000,16.614045,0,0,0,0,0,0,0
19,199999,83,190000,72,150000,40,9999,0.100000,0,0,0.000000,6,0.000000,0.000000,0.085081,0,0,0,0,0,0,0
19,199999,84,190000,0,40000,40,9999,0.100000,0,0,0.000000,6,0.000000,0.000000,1.540783,0,0,0,0,0,0,0
19,199999,85,190000,0,60000,40,9999,0.100000,0,0,0.000000,6,0.000000,0.000000,0.094079,0,0,0,0,0,0,0
19,199999,86,190000,0,40000,49,9999,0.100000,0,0,0.000000,6,3.000000,0.000000,4.021556,0,0,0,0,0,0,0
19,199999,87,190000,20,0,49,9999,0.100000,0,0,0.000000,6,1.000000,0.000000,3.517367,0,0,0,0,0,0,0
19,199999,88,190000,0,60000,40,9999,0.100000,0,0,0.000000,6,0.000000,0.000000,0.082295,0,0,0,0,0,0,0
19,199999,89,190000,0,60000,40,9999,0.100000,0,0,0.000000,6,0.000000,0.000000,0.086553,0,0,0,0,0,0,0
19,199999,90,190000,4,10000,49,9999,0.100000,0,0,0.000000,6,8.000000,0.000000,17.866332,0,0,0,0,0,0,0
19,199999,91,190000,72,70000,49,9999,0.100000,0,0,0.000000,6,8.000000,0.000000,18.139921,0,0,0,0,0,0,0
19,199999,92,190000,72,150000,49,9999,0.100000,0,0,0.000000,6,9.000000,0.000000,20.959497,0,0,0,0,0,0,0
19,199999,93,190000,72,150000,49,9999,0.100000,0,0,0.000000,6,5.000000,0.000000,11.560626,0,0,0,0,0,0,0
19,199999,94,190000,4,10000,40,9999,0.100000,0,0,0.000000,6,0.000000,0.000000,0.861716,0,0,0,0,0,0,0
19,199999,95,190000,0,40000,40,9999,0.100000,0,0,0.000000,6,0.000000,0.000000,10.728655,0,0,0,0,0,0,0
19,199999,96,190000,72,70000,40,9999,0.100000,0,0,0.000000,6,0.000000,0.000000,0.089737,0,0,0,0,0,0,0
19,199999,97,190000,20,0,40,9999,0.100000,0,0,0.000000,6,0.000000,0.000000,0.241740,0,0,0,0,0,0,0
19,199999,98,190000,20,0,40,9999,0.100000,0,0,0.000000,6,0.000000,0.000000,1.802094,0,0,0,0,0,0,0
19,199999,99,190000,72,70000,49,9999,0.100000,0,0,0.000000,6,5.000000,0.000000,19.874313,0,0,0,0,0,0,0
20,209999,0,200000,4,10000,40,9999,0.100000,0,0,0.000000,6,0.000000,0.000000,1.865345,0,0,0,0,0,0,0
20,209999,1,200000,0,40000,40,9999,0.100000,0,0,0.000000,6,0.000000,0.000000,1.643801,0,0,0,0,0,0,0
20,209999,2,200000,0,60000,40,9999,0.100000,0,0,0.000000,6,0.000000,0.000000,0.142351,0,0,0,0,0,0,0
20,209999,3,200000,0,60000,40,9999,0.100000,0,0,0.000000,6,0.000000,0.000000,0.114226,0,0,0,0,0,0,0
20,209999,4,200000,4,10000,49,9999,0.100000,0,0,0.000000,6,1.000000,0.000000,1.538466,0,0,0,0,0,0,0
20,209999,5,200000,20,0,40,9999,0.100000,0,0,0.000000,6,0.000000,0.000000,0.812879,0,0,0,0,0,0,0
20,209999,6,200000,0,40000,40,9999,0.100000,0,0,0.000000,6,0.000000,0.000000,0.140945,0,0,0,0,0,0,0
20,209999,7,200000,72,150000,40,9999,0.100000,0,0,0.000000,6,0.000000,0.000000,0.492858,0,0,0,0,0,0,0
20,209999,8,200000,20,0,40,9999,0.100000,0,0,0.000000,6,0.000000,0.000000,0.090206,0,0,0,0,0,0,0
20,209999,9,200000,20,0,40,9999,0.100000,0,0,0.000000,6,0.000000,0.000000,0.121543,0,0,0,0,0,0,0
20,209999,10,200000,72,70000,40,9999,0.100000,0,0,0.000000,6,0.000000,0.000000,0.432288,0,0,0,0,0,0,0
20,209999,11,190000,0,40000,40,19999,0.100000,0,0,0.000000,6,0.000000,0.000000,1.643571,0,0,0,0,0,0,0
20,209999,12,200000,20,0,40,9999,0.100000,0,0,0.000000,6,0.000000,0.000000,0.277831,0,0,0,0,0,0,0
20,209999,13,200000,72,70000,40,9999,0.100000,0,0,0.000000,6,0.000000,0.000000,0.280819,0,0,0,0,0,0,0
20,209999,14,200000,4,10000,40,9999,0.100000,0,0,0.000000,6,0.000000,0.000000,0.130899,0,0,0,0,0,0,0
20,209999,15,200000,72,150000,40,9999,0.100000,0,0,0.000000,6,0.000000,0.000000,0.991998,0,0,0,0,0,0,0
20,209999,16,200000,4,10000,40,9999,0.100000,0,0,0.000000,6,0.000000,0.000000,0.077326,0,0,0,0,0,0,0
20,209999,17,200000,4,10000,40,9999,0.100000,0,0,0.000000,6,0.000000,0.000000,0.094201,0,0,0,0,0,0,0
20,209999,18,200000,72,150000,40,9999,0.100000,0,0,0.000000,6,0.000000,0.000000,0.203252,0,0,0,0,0,0,0
20,209999,19,200000,20,0,40,9999,0.100000,0,0,0.000000,6,0.000000,0.000000,0.227973,0,0,0,0,0,0,0
20,209999,20,200000,0,40000,40,9999,0.100000,0,0,0.000000,6,0.000000,0.000000,0.177761,0,0,0,0,0,0,0
20,209999,21,200000,0,40000,40,9999,0.100000,0,0,0.000000,6,0.000000,0.000000,0.152313,0,0,0,0,0,0,0
20,209999,22,200000,0,40000,40,9999,0.100000,0,0,0.000000,6,0.000000,0.000000,0.095040,0,0,0,0,0,0,0
20,209999,23,200000,72,70000,40,9999,0.100000,0,0,0.000000,6,0.000000,0.000000,1.775931,0,0,0,0,0,0,0
20,209999,24,200000,20,0,40,9999,0.100000,0,0,0.000000,6,0.000000,0.000000,0.116160,0,0,0,0,0,0,0
20,209999,25,200000,20,0,40,9999,0.100000,0,0,0.000000,6,0.000000,0.000000,20.428639,0,0,0,0,0,0,0
20,209999,26,200000,4,10000,40,9999,0.100000,0,0,0.000000,6,0.000000,0.000000,0.543146,0,0,0,0,0,0,0
20,209999,27,200000,20,0,40,9999,0.100000,0,0,0.000000,6,0.000000,0.000000,0.193209,0,0,0,0,0,0,0
20,209999,28,200000,72,70000,40,9999,0.100000,0,0,0.000000,6,0.000000,0.000000,1.297370,0,0,0,0,0,0,0
20,209999,29,200000,4,10000,40,9999,0.100000,0,0,0.000000,6,0.000000,0.000000,0.334752,0,0,0,0,0,0,0
20,209999,30,200000,72,150000,40,9999,0.100000,0,0,0.000000,6,0.000000,0.000000,21.872478,0,0,0,0,0,0,0
20,209999,31,200000,20,0,40,9999,0.100000,0,0,0.000000,6,0.000000,0.000000,0.109085,0,0,0,0,0,0,0
20,209999,32,200000,72,150000,40,9999,0.100000,0,0,0.000000,6,0.000000,0.000000,0.244785,0,0,0,0,0,0,0
20,209999,33,200000,0,60000,40,9999,0.100000,0,0,0.000000,6,0.000000,0.000000,0.523577,0,0,0,0,0,0,0
20,209999,34,200000,4,10000,40,9999,0.100000,0,0,0.000000,6,0.000000,0.000000,0.085997,0,0,0,0,0,0,0
20,209999,35,200000,0,40000,40,9999,0.100000,0,0,0.000000,6,0.000000,0.000000,0.090009,0,0,0,0,0,0,0
20,209999,36,200000,72,70000,40,9999,0.100000,0,0,0.000000,6,0.000000,0.000000,1.013257,0,0,0,0,0,0,0
20,209999,37,200000,72,150000,40,9999,0.100000,0,0,0.000000,6,0.000000,0.000000,0.107486,0,0,0,0,0,0,0
20,209999,38,200000,72,150000,40,9999,0.100000,0,0,0.000000,6,0.000000,0.000000,0.136205,0,0,0,0,0,0,0
20,209999,39,200000,72,70000,40,9999,0.100000,0,0,0.000000,6,0.000000,0.000000,0.185270,0,0,0,0,0,0,0
20,209999,40,200000,72,70000,49,9999,0.100000,0,0,0.000000,6,9.000000,0.000000,21.005482,0,0,0,0,0,0,0
20,209999,41,200000,20,0,40,9999,0.100000,0,0,0.000000,6,0.000000,0.000000,0.065945,0,0,0,0,0,0,0
20,209999,42,200000,0,40000,49,9999,0.100000,0,0,0.000000,6,3.000000,0.000000,6.640874,0,0,0,0,0,0,0
20,209999,43,200000,4,10000,40,9999,0.100000,0,0,0.000000,6,0.000000,0.000000,0.571790,0,0,0,0,0,0,0
20,209999,44,200000,4,10000,49,9999,0.100000,0,0,0.000000,6,1.000000,0.000000,1.459042,0,0,0,0,0,0,0
20,209999,45,200000,0,60000,40,9999,0.100000,0,0,0.000000,6,0.000000,0.000000,0.173525,0,0,0,0,0,0,0
20,209999,46,200000,20,0,40,9999,0.100000,0,0,0.000000,6,0.000000,0.000000,0.240386,0,0,0,0,0,0,0
20,209999,47,200000,72,70000,40,9999,0.100000,0,0,0.000000,6,0.000000,0.000000,0.957560,0,0,0,0,0,0,0
20,209999,48,200000,0,40000,40,9999,0.100000,0,0,0.000000,6,0.000000,0.000000,7.975906,0,0,0,0,0,0,0
20,209999,49,200000,0,60000,49,9999,0.100000,0,0,0.000000,6,1.000000,0.000000,1.596954,0,0,0,0,0,0,0
20,209999,50,200000,0,40000,40,9999,0.100000,0,0,0.000000,6,0.000000,0.000000,1.325439,0,0,0,0,0,0,0
20,209999,51,200000,20,0,40,9999,0.100000,0,0,0.000000,6,0.000000,0.000000,0.298215,0,0,0,0,0,0,0
20,209999,52,200000,0,40000,40,9999,0.100000,0,0,0.000000,6,0.000000,0.000000,0.726348,0,0,0,0,0,0,0
20,209999,53,200000,0,60000,40,9999,0.100000,0,0,0.000000,6,0.000000,0.000000,0.145097,0,0,0,0,0,0,0
20,209999,54,200000,20,0,40,9999,0.100000,0,0,0.000000,6,0.000000,0.000000,0.489015,0,0,0,0,0,0,0
20,209999,55,200000,72,70000,40,9999,0.100000,0,0,0.000000,6,0.000000,0.000000,0.226895,0,0,0,0,0,0,0
20,209999,56,200000,0,60000,40,9999,0.100000,0,0,0.000000,6,0.000000,0.000000,0.874025,0,0,0,0,0,0,0
20,209999,57,200000,0,60000,40,9999,0.100000,0,0,0.000000,6,0.000000,0.000000,0.098450,0,0,0,0,0,0,0
20,209999,58,200000,72,150000,40,9999,0.100000,0,0,0.000000,6,0.000000,0.000000,0.091713,0,0,0,0,0,0,0
20,209999,59,200000,0,40000,49,9999,0.100000,0,0,0.000000,6,3.000000,0.000000,7.959566,0,0,0,0,0,0,0
20,209999,60,200000,4,10000,49,9999,0.100000,0,0,0.000000,6,1.000000,0.000000,1.373501,0,0,0,0,0,0,0
20,209999,61,200000,20,0,40,9999,0.100000,0,0,0.000000,6,0.000000,0.000000,0.144089,0,0,0,0,0,0,0
20,209999,62,200000,0,60000,49,9999,0.100000,0,0,0.000000,6,8.000000,0.000000,17.716054,0,0,0,0,0,0,0
20,209999,63,200000,4,10000,40,9999,0.100000,0,0,0.000000,6,0.000000,0.000000,4.598738,0,0,0,0,0,0,0
20,209999,64,200000,4,10000,40,9999,0.100000,0,0,0.000000,6,0.000000,0.000000,0.114489,0,0,0,0,0,0,0
20,209999,65,200000,4,10000,49,9999,0.100000,0,0,0.000000,6,7.000000,0.000000,16.565333,0,0,0,0,0,0,0
20,209999,66,200000,72,70000,40,9999,0.100000,0,0,0.000000,6,0.000000,0.000000,0.138126,0,0,0,0,0,0,0
20,209999,67,200000,72,150000,40,9999,0.100000,0,0,0.000000,6,0.000000,0.000000,0.303731,0,0,0,0,0,0,0
20,209999,68,200000,72,70000,40,9999,0.100000,0,0,0.000000,6,0.000000,0.000000,3.037972,0,0,0,0,0,0,0
20,209999,69,200000,0,60000,40,9999,0.100000,0,0,0.000000,6,0.000000,0.000000,0.420728,0,0,0,0,0,0,0
20,209999,70,200000,4,10000,40,9999,0.100000,0,0,0.000000,6,0.000000,0.000000,0.095635,0,0,0,0,0,0,0
20,209999,71,200000,4,10000,40,9999,0.100000,0,0,0.000000,6,0.000000,0.000000,0.263197,0,0,0,0,0,0,0
20,209999,72,200000,72,150000,40,9999,0.100000,0,0,0.000000,6,0.000000,0.000000,0.467874,0,0,0,0,0,0,0
20,209999,73,200000,4,10000,40,9999,0.100000,0,0,0.000000,6,0.000000,0.000000,0.332867,0,0,0,0,0,0,0
20,209999,74,200000,72,70000,40,9999,0.100000,0,0,0.000000,6,0.000000,0.000000,0.253288,0,0,0,0,0,0,0
20,209999,75,200000,72,150000,40,9999,0.100000,0,0,0.000000,6,0.000000,0.000000,0.087671,0,0,0,0,0,0,0
20,209999,76,200000,0,60000,40,9999,0.100000,0,0,0.000000,6,0.000000,0.000000,0.238814,0,0,0,0,0,0,0
20,209999,77,200000,0,40000,40,9999,0.100000,0,0,0.000000,6,0.000000,0.000000,0.249341,0,0,0,0,0,0,0
20,209999,78,200000,0,60000,40,9999,0.100000,0,0,0.000000,6,0.000000,0.000000,0.113697,0,0,0,0,0,0,0
20,209999,79,200000,0,60000,40,9999,0.100000,0,0,0.000000,6,0.000000,0.000000,0.142387,0,0,0,0,0,0,0
20,209999,80,200000,72,150000,40,9999,0.100000,0,0,0.000000,6,0.000000,0.000000,2.928323,0,0,0,0,0,0,0
20,209999,81,200000,72,70000,49,9999,0.100000,0,0,0.000000,6,5.000000,0.000000,35.170131,0,0,0,0,0,0,0
20,209999,82,200000,0,60000,40,9999,0.100000,0,0,0.000000,6,0.000000,0.000000,0.091120,0,0,0,0,0,0,0
20,209999,83,200000,0,40000,40,9999,0.100000,0,0,0.000000,6,0.000000,0.000000,0.083777,0,0,0,0,0,0,0
20,209999,84,200000,0,60000,49,9999,0.100000,0,0,0.000000,6,1.000000,0.000000,2.095219,0,0,0,0,0,0,0
20,209999,85,200000,20,0,40,9999,0.100000,0,0,0.000000,6,0.000000,0.000000,0.080412,0,0,0,0,0,0,0
20,209999,86,200000,72,150000,40,9999,0.100000,0,0,0.000000,6,0.000000,0.000000,0.113149,0,0,0,0,0,0,0
20,209999,87,200000,4,10000,40,9999,0.100000,0,0,0.000000,6,0.000000,0.000000,1.517322,0,0,0,0,0,0,0
20,209999,88,200000,4,10000,40,9999,0.100000,0,0,0.000000,6,0.000000,0.000000,0.069968,0,0,0,0,0,0,0
20,209999,89,200000,0,60000,40,9999,0.100000,0,0,0.000000,6,0.000000,0.000000,0.086229,0,0,0,0,0,0,0
20,209999,90,200000,0,60000,40,9999,0.100000,0,0,0.000000,6,0.000000,0.000000,0.364377,0,0,0,0,0,0,0
20,209999,91,200000,72,70000,40,9999,0.100000,0,0,0.000000,6,0.000000,0.000000,0.493936,0,0,0,0,0,0,0
20,209999,92,200000,0,60000,40,9999,0.100000,0,0,0.000000,6,0.000000,0.000000,0.942406,0,0,0,0,0,0,0
20,209999,93,200000,4,10000,40,9999,0.100000,0,0,0.000000,6,0.000000,0.000000,0.780349,0,0,0,0,0,0,0
20,209999,94,200000,0,40000,40,9999,0.100000,0,0,0.000000,6,0.000000,0.000000,0.907097,0,0,0,0,0,0,0
20,209999,95,200000,72,150000,49,9999,0.100000,0,0,0.000000,6,2.000000,0.000000,6.909339,0,0,0,0,0,0,0
20,209999,96,200000,4,10000,40,9999,0.100000,0,0,0.000000,6,0.000000,0.000000,0.087882,0,0,0,0,0,0,0
20,209999,97,200000,0,40000,40,9999,0.100000,0,0,0.000000,6,0.000000,0.000000,0.241896,0,0,0,0,0,0,0
20,209999,98,200000,72,150000,40,9999,0.100000,0,0,0.000000,6,0.000000,0.000000,1.853386,0,0,0,0,0,0,0
20,209999,99,200000,72,70000,40,9999,0.100000,0,0,0.000000,6,0.000000,0.000000,0.100354,0,0,0,0,0,0,0
21,219999,0,210000,0,40000,40,9999,0.100000,0,0,0.000000,6,0.000000,0.000000,0.506652,0,0,0,0,0,0,0
21,219999,1,210000,72,70000,49,9999,0.100000,0,0,0.000000,6,1.000000,0.000000,8.927958,0,0,0,0,0,0,0
21,219999,2,210000,72,70000,40,9999,0.100000,0,0,0.000000,6,0.000000,0.000000,0.098068,0,0,0,0,0,0,0
21,219999,3,210000,72,70000,40,9999,0.100000,0,0,0.000000,6,0.000000,0.000000,0.118525,0,0,0,0,0,0,0
21,219999,4,210000,72,70000,40,9999,0.100000,0,0,0.000000,6,0.000000,0.000000,0.724279,0,0,0,0,0,0,0
21,219999,5,210000,0,60000,40,9999,0.100000,0,0,0.000000,6,0.000000,0.000000,0.362632,0,0,0,0,0,0,0
21,219999,6,210000,0,40000,40,9999,0.100000,0,0,0.000000,6,0.000000,0.000000,0.140194,0,0,0,0,0,0,0
21,219999,7,210000,0,40000,40,9999,0.100000,0,0,0.000000,6,0.000000,0.000000,0.457754,0,0,0,0,0,0,0
21,219999,8,210000,72,150000,40,9999,0.100000,0,0,0.000000,6,0.000000,0.000000,0.099354,0,0,0,0,0,0,0
21,219999,9,210000,72,70000,40,9999,0.100000,0,0,0.000000,6,0.000000,0.000000,0.117696,0,0,0,0,0,0,0
21,219999,10,210000,0,60000,40,9999,0.100000,0,0,0.000000,6,0.000000,0.000000,0.453880,0,0,0,0,0,0,0
21,219999,11,210000,72,150000,40,9999,0.100000,0,0,0.000000,6,0.000000,0.000000,3.755301,0,0,0,0,0,0,0
21,219999,12,210000,72,70000,40,9999,0.100000,0,0,0.000000,6,0.000000,0.000000,0.276053,0,0,0,0,0,0,0
21,219999,13,210000,0,60000,40,9999,0.100000,0,0,0.000000,6,0.000000,0.000000,0.258129,0,0,0,0,0,0,0
21,219999,14,210000,0,40000,40,9999,0.100000,0,0,0.000000,6,0.000000,0.000000,0.137066,0,0,0,0,0,0,0
21,219999,15,210000,4,10000,49,9999,0.100000,0,0,0.000000,6,1.000000,0.000000,2.850214,0,0,0,0,0,0,0
21,219999,16,210000,72,150000,40,9999,0.100000,0,0,0.000000,6,0.000000,0.000000,0.370042,0,0,0,0,0,0,0
21,219999,17,210000,72,70000,40,9999,0.100000,0,0,0.000000,6,0.000000,0.000000,0.094966,0,0,0,0,0,0,0
21,219999,18,210000,4,10000,40,9999,0.100000,0,0,0.000000,6,0.000000,0.000000,0.193011,0,0,0,0,0,0,0
21,219999,19,210000,72,70000,40,9999,0.100000,0,0,0.000000,6,0.000000,0.000000,0.237804,0,0,0,0,0,0,0
21,219999,20,210000,72,70000,40,9999,0.100000,0,0,0.000000,6,0.000000,0.000000,0.185132,0,0,0,0,0,0,0
21,219999,21,210000,20,0,40,9999,0.100000,0,0,0.000000,6,0.000000,0.000000,0.153730,0,0,0,0,0,0,0
21,219999,22,210000,72,150000,40,9999,0.100000,0,0,0.000000,6,0.000000,0.000000,0.096225,0,0,0,0,0,0,0
21,219999,23,210000,0,60000,40,9999,0.100000,0,0,0.000000,6,0.000000,0.000000,1.008693,0,0,0,0,0,0,0
21,219999,24,210000,0,40000,40,9999,0.100000,0,0,0.000000,6,0.000000,0.000000,0.099519,0,0,0,0,0,0,0
21,219999,25,210000,20,0,40,9999,0.100000,0,0,0.000000,6,0.000000,0.000000,21.740834,0,0,0,0,0,0,0
21,219999,26,210000,72,150000,40,9999,0.100000,0,0,0.000000,6,0.000000,0.000000,0.233374,0,0,0,0,0,0,0
21,219999,27,210000,72,150000,49,9999,0.100000,0,0,0.000000,6,1.000000,0.000000,3.531401,0,0,0,0,0,0,0
21,219999,28,210000,72,70000,49,9999,0.100000,0,0,0.000000,6,1.000000,0.000000,1.423471,0,0,0,0,0,0,0
21,219999,29,210000,20,0,40,9999,0.100000,0,0,0.000000,6,0.000000,0.000000,0.338516,0,0,0,0,0,0,0
21,219999,30,210000,0,40000,40,9999,0.100000,0,0,0.000000,6,0.000000,0.000000,21.335004,0,0,0,0,0,0,0
21,219999,31,210000,20,0,40,9999,0.100000,0,0,0.000000,6,0.000000,0.000000,0.106441,0,0,0,0,0,0,0
21,219999,32,210000,72,70000,40,9999,0.100000,0,0,0.000000,6,0.000000,0.000000,0.236937,0,0,0,0,0,0,0
21,219999,33,210000,72,150000,40,9999,0.100000,0,0,0.000000,6,0.000000,0.000000,0.564184,0,0,0,0,0,0,0
21,219999,34,210000,72,70000,40,9999,0.100000,0,0,0.000000,6,0.000000,0.000000,0.085405,0,0,0,0,0,0,0
21,219999,35,210000,0,40000,40,9999,0.100000,0,0,0.000000,6,0.000000,0.000000,0.090396,0,0,0,0,0,0,0
21,219999,36,210000,0,40000,40,9999,0.100000,0,0,0.000000,6,0.000000,0.000000,1.513195,0,0,0,0,0,0,0
21,219999,37,210000,72,150000,40,9999,0.100000,0,0,0.000000,6,0.000000,0.000000,0.095267,0,0,0,0,0,0,0
21,219999,38,210000,72,70000,40,9999,0.100000,0,0,0.000000,6,0.000000,0.000000,0.140283,0,0,0,0,0,0,0
21,219999,39,210000,0,40000,40,9999,0.100000,0,0,0.000000,6,0.000000,0.000000,0.169686,0,0,0,0,0,0,0
21,219999,40,210000,0,60000,40,9999,0.100000,0,0,0.000000,6,0.000000,0.000000,1.295632,0,0,0,0,0,0,0
21,219999,41,210000,72,70000,40,9999,0.100000,0,0,0.000000,6,0.000000,0.000000,0.061505,0,0,0,0,0,0,0
21,219999,42,210000,72,150000,40,9999,0.100000,0,0,0.000000,6,0.000000,0.000000,0.118476,0,0,0,0,0,0,0
21,219999,43,210000,20,0,40,9999,0.100000,0,0,0.000000,6,0.000000,0.000000,1.625165,0,0,0,0,0,0,0
21,219999,44,210000,4,10000,49,9999,0.100000,0,0,0.000000,6,1.000000,0.000000,1.665577,0,0,0,0,0,0,0
21,219999,45,210000,72,70000,40,9999,0.100000,0,0,0.000000,6,0.000000,0.000000,0.163248,0,0,0,0,0,0,0
21,219999,46,210000,0,40000,40,9999,0.100000,0,0,0.000000,6,0.000000,0.000000,0.239190,0,0,0,0,0,0,0
21,219999,47,210000,0,60000,40,9999,0.100000,0,0,0.000000,6,0.000000,0.000000,0.980294,0,0,0,0,0,0,0
21,219999,48,210000,0,60000,40,9999,0.100000,0,0,0.000000,6,0.000000,0.000000,8.161148,0,0,0,0,0,0,0
21,219999,49,210000,0,60000,49,9999,0.100000,0,0,0.000000,6,1.000000,0.000000,1.660231,0,0,0,0,0,0,0
21,219999,50,210000,20,0,40,9999,0.100000,0,0,0.000000,6,0.000000,0.000000,1.299373,0,0,0,0,0,0,0
21,219999,51,210000,72,70000,40,9999,0.100000,0,0,0.000000,6,0.000000,0.000000,0.132587,0,0,0,0,0,0,0
21,219999,52,210000,4,10000,40,9999,0.100000,0,0,0.000000,6,0.000000,0.000000,0.741106,0,0,0,0,0,0,0
21,219999,53,210000,0,60000,40,9999,0.100000,0,0,0.000000,6,0.000000,0.000000,0.141055,0,0,0,0,0,0,0
21,219999,54,210000,0,40000,49,9999,0.100000,0,0,0.000000,6,3.000000,0.000000,3.932626,0,0,0,0,0,0,0
21,219999,55,210000,4,10000,40,9999,0.100000,0,0,0.000000,6,0.000000,0.000000,0.181039,0,0,0,0,0,0,0
21,219999,56,210000,4,10000,40,9999,0.100000,0,0,0.000000,6,0.000000,0.000000,1.356989,0,0,0,0,0,0,0
21,219999,57,210000,0,60000,40,9999,0.100000,0,0,0.000000,6,0.000000,0.000000,0.095677,0,0,0,0,0,0,0
21,219999,58,210000,72,70000,40,9999,0.100000,0,0,0.000000,6,0.000000,0.000000,0.090184,0,0,0,0,0,0,0
21,219999,59,210000,20,0,40,9999,0.100000,0,0,0.000000,6,0.000000,0.000000,6.714031,0,0,0,0,0,0,0
21,219999,60,210000,0,40000,49,9999,0.100000,0,0,0.000000,6,1.000000,0.000000,1.467899,0,0,0,0,0,0,0
21,219999,61,210000,0,60000,40,9999,0.100000,0,0,0.000000,6,0.000000,0.000000,0.170521,0,0,0,0,0,0,0
21,219999,62,210000,0,40000,40,9999,0.100000,0,0,0.000000,6,0.000000,0.000000,0.430146,0,0,0,0,0,0,0
21,219999,63,210000,0,40000,49,9999,0.100000,0,0,0.000000,6,2.000000,0.000000,8.735550,0,0,0,0,0,0,0
21,219999,64,210000,0,60000,40,9999,0.100000,0,0,0.000000,6,0.000000,0.000000,0.096581,0,0,0,0,0,0,0
21,219999,65,210000,4,10000,40,9999,0.100000,0,0,0.000000,6,0.000000,0.000000,1.530244,0,0,0,0,0,0,0
21,219999,66,210000,4,10000,40,9999,0.100000,0,0,0.000000,6,0.000000,0.000000,0.139171,0,0,0,0,0,0,0
21,219999,67,210000,0,60000,40,9999,0.100000,0,0,0.000000,6,0.000000,0.000000,0.297351,0,0,0,0,0,0,0
21,219999,68,210000,20,0,40,9999,0.100000,0,0,0.000000,6,0.000000,0.000000,3.343737,0,0,0,0,0,0,0
21,219999,69,210000,72,150000,40,9999,0.100000,0,0,0.000000,6,0.000000,0.000000,0.143145,0,0,0,0,0,0,0
21,219999,70,210000,20,0,40,9999,0.100000,0,0,0.000000,6,0.000000,0.000000,0.100731,0,0,0,0,0,0,0
21,219999,71,210000,0,40000,40,9999,0.100000,0,0,0.000000,6,0.000000,0.000000,0.255296,0,0,0,0,0,0,0
21,219999,72,210000,72,70000,40,9999,0.100000,0,0,0.000000,6,0.000000,0.000000,0.440884,0,0,0,0,0,0,0
21,219999,73,210000,0,40000,40,9999,0.100000,0,0,0.000000,6,0.000000,0.000000,0.352122,0,0,0,0,0,0,0
21,219999,74,210000,0,40000,40,9999,0.100000,0,0,0.000000,6,0.000000,0.000000,0.230173,0,0,0,0,0,0,0
21,219999,75,210000,0,60000,40,9999,0.100000,0,0,0.000000,6,0.000000,0.000000,0.087803,0,0,0,0,0,0,0
21,219999,76,210000,20,0,49,9999,0.100000,0,0,0.000000,6,1.000000,0.000000,3.425569,0,0,0,0,0,0,0
21,219999,77,210000,0,60000,40,9999,0.100000,0,0,0.000000,6,0.000000,0.000000,0.210516,0,0,0,0,0,0,0
21,219999,78,210000,0,60000,40,9999,0.100000,0,0,0.000000,6,0.000000,0.000000,0.107360,0,0,0,0,0,0,0
21,219999,79,210000,72,70000,40,9999,0.100000,0,0,0.000000,6,0.000000,0.000000,0.122397,0,0,0,0,0,0,0
21,219999,80,210000,0,60000,40,9999,0.100000,0,0,0.000000,6,0.000000,0.000000,0.736104,0,0,0,0,0,0,0
21,219999,81,210000,20,0,49,9999,0.100000,0,0,0.000000,6,5.000000,0.000000,35.504723,0,0,0,0,0,0,0
21,219999,82,210000,20,0,40,9999,0.100000,0,0,0.000000,6,0.000000,0.000000,0.091485,0,0,0,0,0,0,0
21,219999,83,210000,0,40000,40,9999,0.100000,0,0,0.000000,6,0.000000,0.000000,0.081549,0,0,0,0,0,0,0
21,219999,84,210000,0,40000,40,9999,0.100000,0,0,0.000000,6,0.000000,0.000000,1.631358,0,0,0,0,0,0,0
21,219999,85,210000,0,60000,40,9999,0.100000,0,0,0.000000,6,0.000000,0.000000,0.064572,0,0,0,0,0,0,0
21,219999,86,210000,72,70000,40,9999,0.100000,0,0,0.000000,6,0.000000,0.000000,0.112079,0,0,0,0,0,0,0
21,219999,87,210000,72,150000,40,9999,0.100000,0,0,0.000000,6,0.000000,0.000000,1.158426,0,0,0,0,0,0,0
21,219999,88,210000,4,10000,40,9999,0.100000,0,0,0.000000,6,0.000000,0.000000,0.072847,0,0,0,0,0,0,0
21,219999,89,210000,20,0,40,9999,0.100000,0,0,0.000000,6,0.000000,0.000000,0.087201,0,0,0,0,0,0,0
21,219999,90,210000,72,150000,40,9999,0.100000,0,0,0.000000,6,0.000000,0.000000,0.436426,0,0,0,0,0,0,0
21,219999,91,210000,72,70000,40,9999,0.100000,0,0,0.000000,6,0.000000,0.000000,0.430867,0,0,0,0,0,0,0
21,219999,92,210000,72,70000,40,9999,0.100000,0,0,0.000000,6,0.000000,0.000000,0.887871,0,0,0,0,0,0,0
21,219999,93,210000,72,150000,40,9999,0.100000,0,0,0.000000,6,0.000000,0.000000,0.638225,0,0,0,0,0,0,0
21,219999,94,210000,4,10000,49,9999,0.100000,0,0,0.000000,6,1.000000,0.000000,1.870214,0,0,0,0,0,0,0
21,219999,95,210000,72,70000,49,9999,0.100000,0,0,0.000000,6,5.000000,0.000000,20.005233,0,0,0,0,0,0,0
21,219999,96,210000,4,10000,40,9999,0.100000,0,0,0.000000,6,0.000000,0.000000,0.089536,0,0,0,0,0,0,0
21,219999,97,210000,0,40000,40,9999,0.100000,0,0,0.000000,6,0.000000,0.000000,0.228244,0,0,0,0,0,0,0
21,219999,98,210000,0,60000,49,9999,0.100000,0,0,0.000000,6,1.000000,0.000000,1.447925,0,0,0,0,0,0,0
21,219999,99,210000,0,60000,40,9999,0.100000,0,0,0.000000,6,0.000000,0.000000,0.102077,0,0,0,0,0,0,0
22,229999,0,220000,20,0,40,9999,0.100000,0,0,0.000000,6,0.000000,0.000000,0.476259,0,0,0,0,0,0,0
22,229999,1,220000,20,0,40,9999,0.100000,0,0,0.000000,6,0.000000,0.000000,1.256021,0,0,0,0,0,0,0
22,229999,2,220000,4,10000,40,9999,0.100000,0,0,0.000000,6,0.000000,0.000000,0.408836,0,0,0,0,0,0,0
22,229999,3,220000,72,70000,40,9999,0.100000,0,0,0.000000,6,0.000000,0.000000,0.105652,0,0,0,0,0,0,0
22,229999,4,220000,0,40000,40,9999,0.100000,0,0,0.000000,6,0.000000,0.000000,0.394022,0,0,0,0,0,0,0
22,229999,5,220000,20,0,40,9999,0.100000,0,0,0.000000,6,0.000000,0.000000,1.185901,0,0,0,0,0,0,0
22,229999,6,220000,72,70000,40,9999,0.100000,0,0,0.000000,6,0.000000,0.000000,0.145938,0,0,0,0,0,0,0
22,229999,7,220000,0,60000,40,9999,0.100000,0,0,0.000000,6,0.000000,0.000000,1.342232,0,0,0,0,0,0,0
22,229999,8,220000,0,60000,40,9999,0.100000,0,0,0.000000,6,0.000000,0.000000,0.252976,0,0,0,0,0,0,0
22,229999,9,220000,4,10000,40,9999,0.100000,0,0,0.000000,6,0.000000,0.000000,0.114824,0,0,0,0,0,0,0
22,229999,10,220000,72,70000,40,9999,0.100000,0,0,0.000000,6,0.000000,0.000000,0.404538,0,0,0,0,0,0,0
22,229999,11,220000,72,70000,40,9999,0.100000,0,0,0.000000,6,0.000000,0.000000,21.296209,0,0,0,0,0,0,0
22,229999,12,220000,0,40000,40,9999,0.100000,0,0,0.000000,6,0.000000,0.000000,0.271492,0,0,0,0,0,0,0
22,229999,13,220000,0,60000,40,9999,0.100000,0,0,0.000000,6,0.000000,0.000000,0.271613,0,0,0,0,0,0,0
22,229999,14,220000,72,70000,40,9999,0.100000,0,0,0.000000,6,0.000000,0.000000,0.143211,0,0,0,0,0,0,0
22,229999,15,220000,0,60000,40,9999,0.100000,0,0,0.000000,6,0.000000,0.000000,2.244521,0,0,0,0,0,0,0
22,229999,16,220000,20,0,40,9999,0.100000,0,0,0.000000,6,0.000000,0.000000,0.076100,0,0,0,0,0,0,0
22,229999,17,220000,72,70000,40,9999,0.100000,0,0,0.000000,6,0.000000,0.000000,0.094717,0,0,0,0,0,0,0
22,229999,18,220000,72,150000,40,9999,0.100000,0,0,0.000000,6,0.000000,0.000000,0.208290,0,0,0,0,0,0,0
22,229999,19,220000,72,150000,40,9999,0.100000,0,0,0.000000,6,0.000000,0.000000,0.241242,0,0,0,0,0,0,0
22,229999,20,220000,0,60000,40,9999,0.100000,0,0,0.000000,6,0.000000,0.000000,0.176574,0,0,0,0,0,0,0
22,229999,21,220000,0,40000,40,9999,0.100000,0,0,0.000000,6,0.000000,0.000000,0.162277,0,0,0,0,0,0,0
22,229999,22,220000,20,0,40,9999,0.100000,0,0,0.000000,6,0.000000,0.000000,0.126068,0,0,0,0,0,0,0
22,229999,23,220000,72,150000,49,9999,0.100000,0,0,0.000000,6,1.000000,0.000000,11.916930,0,0,0,0,0,0,0
22,229999,24,220000,0,40000,40,9999,0.100000,0,0,0.000000,6,0.000000,0.000000,0.104306,0,0,0,0,0,0,0
22,229999,25,220000,72,150000,40,9999,0.100000,0,0,0.000000,6,0.000000,0.000000,1.316676,0,0,0,0,0,0,0
22,229999,26,220000,20,0,40,9999,0.100000,0,0,0.000000,6,0.000000,0.000000,0.894166,0,0,0,0,0,0,0
22,229999,27,220000,20,0,40,9999,0.100000,0,0,0.000000,6,0.000000,0.000000,0.693927,0,0,0,0,0,0,0
22,229999,28,220000,4,10000,40,9999,0.100000,0,0,0.000000,6,0.000000,0.000000,0.334101,0,0,0,0,0,0,0
22,229999,29,220000,72,70000,40,9999,0.100000,0,0,0.000000,6,0.000000,0.000000,0.334061,0,0,0,0,0,0,0
22,229999,30,220000,20,0,40,9999,0.100000,0,0,0.000000,6,0.000000,0.000000,17.987831,0,0,0,0,0,0,0
22,229999,31,220000,72,150000,40,9999,0.100000,0,0,0.000000,6,0.000000,0.000000,0.106459,0,0,0,0,0,0,0
22,229999,32,220000,72,70000,40,9999,0.100000,0,0,0.000000,6,0.000000,0.000000,0.235927,0,0,0,0,0,0,0
22,229999,33,220000,72,70000,40,9999,0.100000,0,0,0.000000,6,0.000000,0.000000,0.734174,0,0,0,0,0,0,0
22,229999,34,220000,72,150000,40,9999,0.100000,0,0,0.000000,6,0.000000,0.000000,0.086336,0,0,0,0,0,0,0
22,229999,35,220000,0,40000,40,9999,0.100000,0,0,0.000000,6,0.000000,0.000000,0.090518,0,0,0,0,0,0,0
22,229999,36,220000,4,10000,49,9999,0.100000,0,0,0.000000,6,12.000000,0.000000,15.787725,0,0,0,0,0,0,0
22,229999,37,220000,72,70000,40,9999,0.100000,0,0,0.000000,6,0.000000,0.000000,0.096370,0,0,0,0,0,0,0
22,229999,38,220000,72,70000,40,9999,0.100000,0,0,0.000000,6,0.000000,0.000000,0.127246,0,0,0,0,0,0,0
22,229999,39,220000,4,10000,40,9999,0.100000,0,0,0.000000,6,0.000000,0.000000,0.180830,0,0,0,0,0,0,0
22,229999,40,220000,72,150000,40,9999,0.100000,0,0,0.000000,6,0.000000,0.000000,0.905407,0,0,0,0,0,0,0
22,229999,41,220000,72,150000,40,9999,0.100000,0,0,0.000000,6,0.000000,0.000000,0.065053,0,0,0,0,0,0,0
22,229999,42,220000,72,150000,40,9999,0.100000,0,0,0.000000,6,0.000000,0.000000,0.364816,0,0,0,0,0,0,0
22,229999,43,220000,72,150000,40,9999,0.100000,0,0,0.000000,6,0.000000,0.000000,1.241869,0,0,0,0,0,0,0
22,229999,44,220000,20,0,40,9999,0.100000,0,0,0.000000,6,0.000000,0.000000,0.345412,0,0,0,0,0,0,0
22,229999,45,220000,0,40000,40,9999,0.100000,0,0,0.000000,6,0.000000,0.000000,0.170539,0,0,0,0,0,0,0
22,229999,46,220000,4,10000,40,9999,0.100000,0,0,0.000000,6,0.000000,0.000000,0.239100,0,0,0,0,0,0,0
22,229999,47,220000,20,0,40,9999,0.100000,0,0,0.000000,6,0.000000,0.000000,0.968001,0,0,0,0,0,0,0
22,229999,48,220000,4,10000,40,9999,0.100000,0,0,0.000000,6,0.000000,0.000000,8.233896,0,0,0,0,0,0,0
22,229999,49,220000,72,70000,40,9999,0.100000,0,0,0.000000,6,0.000000,0.000000,0.548763,0,0,0,0,0,0,0
22,229999,50,220000,20,0,40,9999,0.100000,0,0,0.000000,6,0.000000,0.000000,1.221700,0,0,0,0,0,0,0
22,229999,51,220000,20,0,40,9999,0.100000,0,0,0.000000,6,0.000000,0.000000,0.172670,0,0,0,0,0,0,0
22,229999,52,220000,20,0,49,9999,0.100000,0,0,0.000000,6,8.000000,0.000000,17.179649,0,0,0,0,0,0,0
22,229999,53,220000,72,150000,40,9999,0.100000,0,0,0.000000,6,0.000000,0.000000,0.132022,0,0,0,0,0,0,0
22,229999,54,220000,0,60000,49,9999,0.100000,0,0,0.000000,6,1.000000,0.000000,3.730802,0,0,0,0,0,0,0
22,229999,55,220000,0,40000,40,9999,0.100000,0,0,0.000000,6,0.000000,0.000000,0.380864,0,0,0,0,0,0,0
22,229999,56,220000,72,70000,49,9999,0.100000,0,0,0.000000,6,1.000000,0.000000,4.291532,0,0,0,0,0,0,0
22,229999,57,220000,0,60000,40,9999,0.100000,0,0,0.000000,6,0.000000,0.000000,0.190033,0,0,0,0,0,0,0
22,229999,58,220000,0,60000,40,9999,0.100000,0,0,0.000000,6,0.000000,0.000000,0.206291,0,0,0,0,0,0,0
22,229999,59,220000,0,60000,49,9999,0.100000,0,0,0.000000,6,1.000000,0.000000,3.641818,0,0,0,0,0,0,0
22,229999,60,220000,0,40000,49,9999,0.100000,0,0,0.000000,6,1.000000,0.000000,2.387792,0,0,0,0,0,0,0
22,229999,61,220000,20,0,40,9999,0.100000,0,0,0.000000,6,0.000000,0.000000,0.171851,0,0,0,0,0,0,0
22,229999,62,220000,4,10000,49,9999,0.100000,0,0,0.000000,6,3.000000,0.000000,7.954884,0,0,0,0,0,0,0
22,229999,63,220000,4,10000,49,9999,0.100000,0,0,0.000000,6,1.000000,0.000000,8.052831,0,0,0,0,0,0,0
22,229999,64,220000,20,0,40,9999,0.100000,0,0,0.000000,6,0.000000,0.000000,0.120071,0,0,0,0,0,0,0
22,229999,65,220000,72,70000,49,9999,0.100000,0,0,0.000000,6,7.000000,0.000000,14.804130,0,0,0,0,0,0,0
22,229999,66,220000,72,150000,40,9999,0.100000,0,0,0.000000,6,0.000000,0.000000,0.113831,0,0,0,0,0,0,0
22,229999,67,220000,72,150000,40,9999,0.100000,0,0,0.000000,6,0.000000,0.000000,0.266511,0,0,0,0,0,0,0
22,229999,68,220000,0,60000,40,9999,0.100000,0,0,0.000000,6,0.000000,0.000000,2.046012,0,0,0,0,0,0,0
22,229999,69,220000,0,60000,40,9999,0.100000,0,0,0.000000,6,0.000000,0.000000,0.806985,0,0,0,0,0,0,0
22,229999,70,220000,4,10000,40,9999,0.100000,0,0,0.000000,6,0.000000,0.000000,0.100285,0,0,0,0,0,0,0
22,229999,71,220000,20,0,40,9999,0.100000,0,0,0.000000,6,0.000000,0.000000,0.254433,0,0,0,0,0,0,0
22,229999,72,220000,4,10000,40,9999,0.100000,0,0,0.000000,6,0.000000,0.000000,0.438347,0,0,0,0,0,0,0
22,229999,73,220000,0,60000,40,9999,0.100000,0,0,0.000000,6,0.000000,0.000000,0.292016,0,0,0,0,0,0,0
22,229999,74,220000,72,70000,40,9999,0.100000,0,0,0.000000,6,0.000000,0.000000,0.205217,0,0,0,0,0,0,0
22,229999,75,220000,4,10000,40,9999,0.100000,0,0,0.000000,6,0.000000,0.000000,0.087777,0,0,0,0,0,0,0
22,229999,76,220000,20,0,40,9999,0.065000,0,0,0.000000,6,0.000000,0.000000,0.110530,0,0,0,0,0,0,0
22,229999,77,220000,72,70000,40,9999,0.100000,0,0,0.000000,6,0.000000,0.000000,0.213003,0,0,0,0,0,0,0
22,229999,78,220000,72,150000,40,9999,0.100000,0,0,0.000000,6,0.000000,0.000000,0.269052,0,0,0,0,0,0,0
22,229999,79,220000,0,40000,40,9999,0.100000,0,0,0.000000,6,0.000000,0.000000,0.137703,0,0,0,0,0,0,0
22,229999,80,220000,0,40000,49,9999,0.100000,0,0,0.000000,6,4.000000,0.000000,7.682774,0,0,0,0,0,0,0
22,229999,81,220000,0,40000,40,9999,0.100000,0,0,0.000000,6,0.000000,0.000000,24.064389,0,0,0,0,0,0,0
22,229999,82,220000,72,70000,40,9999,0.100000,0,0,0.000000,6,0.000000,0.000000,0.090597,0,0,0,0,0,0,0
22,229999,83,220000,0,60000,40,9999,0.100000,0,0,0.000000,6,0.000000,0.000000,0.079405,0,0,0,0,0,0,0
22,229999,84,220000,20,0,40,9999,0.100000,0,0,0.000000,6,0.000000,0.000000,0.617600,0,0,0,0,0,0,0
22,229999,85,220000,20,0,40,9999,0.100000,0,0,0.000000,6,0.000000,0.000000,0.294333,0,0,0,0,0,0,0
22,229999,86,220000,0,40000,40,9999,0.100000,0,0,0.000000,6,0.000000,0.000000,0.107615,0,0,0,0,0,0,0
22,229999,87,220000,20,0,40,9999,0.100000,0,0,0.000000,6,0.000000,0.000000,2.564356,0,0,0,0,0,0,0
22,229999,88,220000,0,40000,40,9999,0.100000,0,0,0.000000,6,0.000000,0.000000,0.072246,0,0,0,0,0,0,0
22,229999,89,220000,0,60000,40,9999,0.100000,0,0,0.000000,6,0.000000,0.000000,0.087005,0,0,0,0,0,0,0
22,229999,90,220000,0,60000,40,9999,0.100000,0,0,0.000000,6,0.000000,0.000000,0.258920,0,0,0,0,0,0,0
22,229999,91,220000,20,0,49,9999,0.100000,0,0,0.000000,6,8.000000,0.000000,17.288401,0,0,0,0,0,0,0
22,229999,92,220000,72,150000,40,9999,0.100000,0,0,0.000000,6,0.000000,0.000000,1.425570,0,0,0,0,0,0,0
22,229999,93,220000,72,70000,40,9999,0.100000,0,0,0.000000,6,0.000000,0.000000,0.292225,0,0,0,0,0,0,0
22,229999,94,220000,72,150000,40,9999,0.100000,0,0,0.000000,6,0.000000,0.000000,1.737631,0,0,0,0,0,0,0
22,229999,95,220000,0,60000,40,9999,0.100000,0,0,0.000000,6,0.000000,0.000000,1.497876,0,0,0,0,0,0,0
22,229999,96,220000,0,40000,40,9999,0.100000,0,0,0.000000,6,0.000000,0.000000,0.102768,0,0,0,0,0,0,0
22,229999,97,220000,72,70000,40,9999,0.100000,0,0,0.000000,6,0.000000,0.000000,0.236662,0,0,0,0,0,0,0
22,229999,98,220000,0,40000,40,9999,0.100000,0,0,0.000000,6,0.000000,0.000000,0.373241,0,0,0,0,0,0,0
22,229999,99,220000,72,70000,40,9999,0.100000,0,0,0.000000,6,0.000000,0.000000,0.100693,0,0,0,0,0,0,0
23,239999,0,230000,0,40000,40,9999,0.100000,0,0,0.000000,6,0.000000,0.000000,0.482534,0,0,0,0,0,0,0
23,239999,1,230000,0,60000,40,9999,0.100000,0,0,0.000000,6,0.000000,0.000000,0.766281,0,0,0,0,0,0,0
23,239999,2,230000,4,10000,49,9999,0.100000,0,0,0.000000,6,1.000000,0.000000,2.006323,0,0,0,0,0,0,0
23,239999,3,230000,0,40000,40,9999,0.100000,0,0,0.000000,6,0.000000,0.000000,0.107248,0,0,0,0,0,0,0
23,239999,4,230000,20,0,40,9999,0.100000,0,0,0.000000,6,0.000000,0.000000,0.406440,0,0,0,0,0,0,0
23,239999,5,230000,4,10000,40,9999,0.100000,0,0,0.000000,6,0.000000,0.000000,1.212245,0,0,0,0,0,0,0
23,239999,6,230000,20,0,40,9999,0.100000,0,0,0.000000,6,0.000000,0.000000,0.144058,0,0,0,0,0,0,0
23,239999,7,230000,4,10000,40,9999,0.100000,0,0,0.000000,6,0.000000,0.000000,1.017362,0,0,0,0,0,0,0
23,239999,8,230000,72,70000,49,9999,0.100000,0,0,0.000000,6,5.000000,0.000000,6.596930,0,0,0,0,0,0,0
23,239999,9,230000,0,60000,40,9999,0.100000,0,0,0.000000,6,0.000000,0.000000,0.112268,0,0,0,0,0,0,0
23,239999,10,230000,4,10000,40,9999,0.100000,0,0,0.000000,6,0.000000,0.000000,0.439110,0,0,0,0,0,0,0
23,239999,11,230000,0,60000,40,9999,0.100000,0,0,0.000000,6,0.000000,0.000000,1.478047,0,0,0,0,0,0,0
23,239999,12,230000,4,10000,49,9999,0.100000,0,0,0.000000,6,8.000000,0.000000,18.221521,0,0,0,0,0,0,0
23,239999,13,230000,0,60000,40,9999,0.100000,0,0,0.000000,6,0.000000,0.000000,0.270952,0,0,0,0,0,0,0
23,239999,14,230000,72,150000,40,9999,0.100000,0,0,0.000000,6,0.000000,0.000000,0.144785,0,0,0,0,0,0,0
23,239999,15,230000,20,0,40,9999,0.100000,0,0,0.000000,6,0.000000,0.000000,3.627339,0,0,0,0,0,0,0
23,239999,16,230000,4,10000,40,9999,0.100000,0,0,0.000000,6,0.000000,0.000000,0.292046,0,0,0,0,0,0,0
23,239999,17,230000,72,150000,40,9999,0.100000,0,0,0.000000,6,0.000000,0.000000,0.094098,0,0,0,0,0,0,0
23,239999,18,230000,20,0,40,9999,0.100000,0,0,0.000000,6,0.000000,0.000000,0.195515,0,0,0,0,0,0,0
23,239999,19,230000,72,70000,40,9999,0.100000,0,0,0.000000,6,0.000000,0.000000,0.236763,0,0,0,0,0,0,0
23,239999,20,230000,72,70000,40,9999,0.100000,0,0,0.000000,6,0.000000,0.000000,0.643617,0,0,0,0,0,0,0
23,239999,21,230000,72,70000,40,9999,0.100000,0,0,0.000000,6,0.000000,0.000000,0.129792,0,0,0,0,0,0,0
23,239999,22,230000,0,40000,40,9999,0.100000,0,0,0.000000,6,0.000000,0.000000,0.097854,0,0,0,0,0,0,0
23,239999,23,230000,20,0,49,9999,0.100000,0,0,0.000000,6,1.000000,0.000000,24.483967,0,0,0,0,0,0,0
23,239999,24,230000,20,0,40,9999,0.100000,0,0,0.000000,6,0.000000,0.000000,0.259735,0,0,0,0,0,0,0
23,239999,25,230000,0,60000,40,9999,0.100000,0,0,0.000000,6,0.000000,0.000000,0.921553,0,0,0,0,0,0,0
23,239999,26,230000,20,0,40,9999,0.100000,0,0,0.000000,6,0.000000,0.000000,4.289549,0,0,0,0,0,0,0
23,239999,27,230000,72,150000,40,9999,0.100000,0,0,0.000000,6,0.000000,0.000000,0.660929,0,0,0,0,0,0,0
23,239999,28,230000,4,10000,40,9999,0.100000,0,0,0.000000,6,0.000000,0.000000,0.713026,0,0,0,0,0,0,0
23,239999,29,230000,20,0,40,9999,0.100000,0,0,0.000000,6,0.000000,0.000000,0.727539,0,0,0,0,0,0,0
23,239999,30,230000,72,150000,49,9999,0.100000,0,0,0.000000,6,5.000000,0.000000,6.255750,0,0,0,0,0,0,0
23,239999,31,230000,72,70000,40,9999,0.100000,0,0,0.000000,6,0.000000,0.000000,0.106418,0,0,0,0,0,0,0
23,239999,32,230000,72,70000,40,9999,0.100000,0,0,0.000000,6,0.000000,0.000000,0.244574,0,0,0,0,0,0,0
23,239999,33,230000,0,40000,40,9999,0.100000,0,0,0.000000,6,0.000000,0.000000,2.858767,0,0,0,0,0,0,0
23,239999,34,230000,0,60000,40,9999,0.100000,0,0,0.000000,6,0.000000,0.000000,0.085743,0,0,0,0,0,0,0
23,239999,35,230000,72,150000,40,9999,0.100000,0,0,0.000000,6,0.000000,0.000000,0.148433,0,0,0,0,0,0,0
23,239999,36,230000,72,70000,40,9999,0.100000,0,0,0.000000,6,0.000000,0.000000,1.579990,0,0,0,0,0,0,0
23,239999,37,230000,72,150000,40,9999,0.100000,0,0,0.000000,6,0.000000,0.000000,0.348728,0,0,0,0,0,0,0
23,239999,38,230000,0,60000,40,9999,0.100000,0,0,0.000000,6,0.000000,0.000000,0.144389,0,0,0,0,0,0,0
23,239999,39,230000,4,10000,40,9999,0.100000,0,0,0.000000,6,0.000000,0.000000,0.182529,0,0,0,0,0,0,0
23,239999,40,230000,0,40000,40,9999,0.100000,0,0,0.000000,6,0.000000,0.000000,2.658945,0,0,0,0,0,0,0
23,239999,41,230000,72,70000,40,9999,0.100000,0,0,0.000000,6,0.000000,0.000000,0.064753,0,0,0,0,0,0,0
23,239999,42,230000,72,70000,40,9999,0.100000,0,0,0.000000,6,0.000000,0.000000,0.718607,0,0,0,0,0,0,0
23,239999,43,230000,72,70000,49,9999,0.100000,0,0,0.000000,6,3.000000,0.000000,4.138512,0,0,0,0,0,0,0
23,239999,44,230000,0,60000,40,9999,0.100000,0,0,0.000000,6,0.000000,0.000000,1.040766,0,0,0,0,0,0,0
23,239999,45,230000,4,10000,40,9999,0.100000,0,0,0.000000,6,0.000000,0.000000,0.166836,0,0,0,0,0,0,0
23,239999,46,230000,0,60000,40,9999,0.100000,0,0,0.000000,6,0.000000,0.000000,0.238585,0,0,0,0,0,0,0
23,239999,47,230000,4,10000,40,9999,0.100000,0,0,0.000000,6,0.000000,0.000000,0.946096,0,0,0,0,0,0,0
23,239999,48,230000,0,40000,40,9999,0.100000,0,0,0.000000,6,0.000000,0.000000,7.240805,0,0,0,0,0,0,0
23,239999,49,230000,72,70000,40,9999,0.100000,0,0,0.000000,6,0.000000,0.000000,1.273263,0,0,0,0,0,0,0
23,239999,50,230000,72,70000,40,9999,0.100000,0,0,0.000000,6,0.000000,0.000000,0.997492,0,0,0,0,0,0,0
23,239999,51,230000,72,150000,40,9999,0.100000,0,0,0.000000,6,0.000000,0.000000,0.160078,0,0,0,0,0,0,0
23,239999,52,230000,20,0,40,9999,0.100000,0,0,0.000000,6,0.000000,0.000000,0.708306,0,0,0,0,0,0,0
23,239999,53,230000,20,0,40,9999,0.100000,0,0,0.000000,6,0.000000,0.000000,0.310564,0,0,0,0,0,0,0
23,239999,54,230000,4,10000,40,9999,0.100000,0,0,0.000000,6,0.000000,0.000000,0.159985,0,0,0,0,0,0,0
23,239999,55,230000,4,10000,40,9999,0.100000,0,0,0.000000,6,0.000000,0.000000,4.752793,0,0,0,0,0,0,0
23,239999,56,230000,0,40000,40,9999,0.100000,0,0,0.000000,6,0.000000,0.000000,2.313706,0,0,0,0,0,0,0
23,239999,57,230000,20,0,49,9999,0.100000,0,0,0.000000,6,5.000000,0.000000,6.041190,0,0,0,0,0,0,0
23,239999,58,230000,72,150000,49,9999,0.100000,0,0,0.000000,6,5.000000,0.000000,6.188335,0,0,0,0,0,0,0
23,239999,59,230000,0,60000,49,9999,0.100000,0,0,0.000000,6,1.000000,0.000000,4.666121,0,0,0,0,0,0,0
23,239999,60,230000,20,0,40,9999,0.100000,0,0,0.000000,6,0.000000,0.000000,0.810735,0,0,0,0,0,0,0
23,239999,61,230000,0,40000,40,9999,0.100000,0,0,0.000000,6,0.000000,0.000000,0.160112,0,0,0,0,0,0,0
23,239999,62,230000,0,40000,40,9999,0.100000,0,0,0.000000,6,0.000000,0.000000,1.235565,0,0,0,0,0,0,0
23,239999,63,230000,0,40000,49,9999,0.100000,0,0,0.000000,6,1.000000,0.000000,9.998333,0,0,0,0,0,0,0
23,239999,64,230000,0,40000,40,9999,0.100000,0,0,0.000000,6,0.000000,0.000000,0.432518,0,0,0,0,0,0,0
23,239999,65,230000,0,40000,49,9999,0.100000,0,0,0.000000,6,7.000000,0.000000,14.602586,0,0,0,0,0,0,0
23,239999,66,230000,4,10000,40,9999,0.100000,0,0,0.000000,6,0.000000,0.000000,0.377259,0,0,0,0,0,0,0
23,239999,67,230000,20,0,0,9999,0.100000,0,0,0.000000,6,0.000000,0.000000,0.285256,0,0,0,0,0,5,0
23,239999,68,230000,72,70000,40,9999,0.100000,0,0,0.000000,6,0.000000,0.000000,3.098058,0,0,0,0,0,0,0
23,239999,69,230000,0,40000,49,9999,0.100000,0,0,0.000000,6,4.000000,0.000000,8.830108,0,0,0,0,0,0,0
23,239999,70,230000,20,0,49,9999,0.100000,0,0,0.000000,6,2.000000,0.000000,5.546790,0,0,0,0,0,0,0
23,239999,71,230000,72,150000,40,9999,0.100000,0,0,0.000000,6,0.000000,0.000000,0.268925,0,0,0,0,0,0,0
23,239999,72,230000,20,0,49,9999,0.100000,0,0,0.000000,6,9.000000,0.000000,26.004838,0,0,0,0,0,0,0
23,239999,73,230000,4,10000,40,9999,0.100000,0,0,0.000000,6,0.000000,0.000000,0.290158,0,0,0,0,0,0,0
23,239999,74,230000,0,60000,40,9999,0.100000,0,0,0.000000,6,0.000000,0.000000,0.215053,0,0,0,0,0,0,0
23,239999,75,230000,72,70000,40,9999,0.100000,0,0,0.000000,6,0.000000,0.000000,0.088325,0,0,0,0,0,0,0
23,239999,76,230000,0,60000,40,9999,0.100000,0,0,0.000000,6,0.000000,0.000000,0.099888,0,0,0,0,0,0,0
23,239999,77,230000,20,0,49,9999,0.100000,0,0,0.000000,6,6.000000,0.000000,13.339338,0,0,0,0,0,0,0
23,239999,78,230000,72,70000,49,9999,0.100000,0,0,0.000000,6,5.000000,0.000000,6.359889,0,0,0,0,0,0,0
23,239999,79,230000,20,0,40,9999,0.100000,0,0,0.000000,6,0.000000,0.000000,0.141538,0,0,0,0,0,0,0
23,239999,80,230000,4,10000,40,9999,0.100000,0,0,0.000000,6,0.000000,0.000000,0.784274,0,0,0,0,0,0,0
23,239999,81,230000,4,10000,40,9999,0.100000,0,0,0.000000,6,0.000000,0.000000,23.930138,0,0,0,0,0,0,0
23,239999,82,230000,20,0,40,9999,0.100000,0,0,0.000000,6,0.000000,0.000000,0.087979,0,0,0,0,0,0,0
23,239999,83,230000,72,150000,40,9999,0.100000,0,0,0.000000,6,0.000000,0.000000,0.077319,0,0,0,0,0,0,0
23,239999,84,230000,0,40000,40,9999,0.100000,0,0,0.000000,6,0.000000,0.000000,0.610743,0,0,0,0,0,0,0
23,239999,85,230000,0,60000,40,9999,0.100000,0,0,0.000000,6,0.000000,0.000000,0.408312,0,0,0,0,0,0,0
23,239999,86,230000,0,60000,40,9999,0.100000,0,0,0.000000,6,0.000000,0.000000,0.111323,0,0,0,0,0,0,0
23,239999,87,230000,0,40000,49,9999,0.100000,0,0,0.000000,6,1.000000,0.000000,2.966311,0,0,0,0,0,0,0
23,239999,88,230000,72,150000,40,9999,0.100000,0,0,0.000000,6,0.000000,0.000000,0.071227,0,0,0,0,0,0,0
23,239999,89,230000,4,10000,40,9999,0.100000,0,0,0.000000,6,0.000000,0.000000,0.089498,0,0,0,0,0,0,0
23,239999,90,230000,0,60000,40,9999,0.100000,0,0,0.000000,6,0.000000,0.000000,0.303622,0,0,0,0,0,0,0
23,239999,91,230000,4,10000,40,9999,0.100000,0,0,0.000000,6,0.000000,0.000000,0.445900,0,0,0,0,0,0,0
23,239999,92,230000,72,150000,40,9999,0.100000,0,0,0.000000,6,0.000000,0.000000,0.786422,0,0,0,0,0,0,0
23,239999,93,230000,4,10000,40,9999,0.100000,0,0,0.000000,6,0.000000,0.000000,0.253801,0,0,0,0,0,0,0
23,239999,94,230000,72,150000,9,9999,0.100000,0,0,0.000000,6,5.000000,0.000000,7.670006,0,0,0,1,0,0,0
23,239999,95,230000,0,60000,40,9999,0.100000,0,0,0.000000,6,0.000000,0.000000,0.405666,0,0,0,0,0,0,0
23,239999,96,230000,72,150000,40,9999,0.100000,0,0,0.000000,6,0.000000,0.000000,0.093688,0,0,0,0,0,0,0
23,239999,97,230000,72,70000,40,9999,0.100000,0,0,0.000000,6,0.000000,0.000000,0.239116,0,0,0,0,0,0,0
23,239999,98,230000,4,10000,40,9999,0.100000,0,0,0.000000,6,0.000000,0.000000,0.763098,0,0,0,0,0,0,0
23,239999,99,230000,20,0,40,9999,0.100000,0,0,0.000000,6,0.000000,0.000000,0.148284,0,0,0,0,0,0,0
24,249999,0,240000,0,60000,40,9999,0.100000,0,0,0.000000,6,0.000000,0.000000,0.528197,0,0,0,0,0,0,0
24,249999,1,240000,72,70000,40,9999,0.100000,0,0,0.000000,6,0.000000,0.000000,2.518969,0,0,0,0,0,0,0
24,249999,2,240000,0,60000,40,9999,0.100000,0,0,0.000000,6,0.000000,0.000000,0.485642,0,0,0,0,0,0,0
24,249999,3,240000,72,150000,40,9999,0.100000,0,0,0.000000,6,0.000000,0.000000,0.162834,0,0,0,0,0,0,0
24,249999,4,240000,4,10000,40,9999,0.100000,0,0,0.000000,6,0.000000,0.000000,0.405625,0,0,0,0,0,0,0
24,249999,5,240000,72,70000,40,9999,0.100000,0,0,0.000000,6,0.000000,0.000000,1.219877,0,0,0,0,0,0,0
24,249999,6,240000,0,40000,40,9999,0.100000,0,0,0.000000,6,0.000000,0.000000,0.138036,0,0,0,0,0,0,0
24,249999,7,240000,0,40000,49,9999,0.100000,0,0,0.000000,6,4.000000,0.000000,9.242234,0,0,0,0,0,0,0
24,249999,8,240000,20,0,40,9999,0.100000,0,0,0.000000,6,0.000000,0.000000,0.656742,0,0,0,0,0,0,0
24,249999,9,240000,0,40000,40,9999,0.100000,0,0,0.000000,6,0.000000,0.000000,0.155543,0,0,0,0,0,0,0
24,249999,10,240000,72,150000,40,9999,0.100000,0,0,0.000000,6,0.000000,0.000000,0.401421,0,0,0,0,0,0,0
24,249999,11,240000,72,150000,40,9999,0.100000,0,0,0.000000,6,0.000000,0.000000,0.937548,0,0,0,0,0,0,0
24,249999,12,240000,4,10000,40,9999,0.100000,0,0,0.000000,6,0.000000,0.000000,0.285476,0,0,0,0,0,0,0
24,249999,13,240000,72,150000,40,9999,0.100000,0,0,0.000000,6,0.000000,0.000000,0.299276,0,0,0,0,0,0,0
24,249999,14,240000,4,10000,40,9999,0.100000,0,0,0.000000,6,0.000000,0.000000,0.278248,0,0,0,0,0,0,0
24,249999,15,240000,72,70000,40,9999,0.100000,0,0,0.000000,6,0.000000,0.000000,1.012810,0,0,0,0,0,0,0
24,249999,16,240000,4,10000,40,9999,0.100000,0,0,0.000000,6,0.000000,0.000000,0.255794,0,0,0,0,0,0,0
24,249999,17,240000,0,60000,40,9999,0.100000,0,0,0.000000,6,0.000000,0.000000,0.095359,0,0,0,0,0,0,0
24,249999,18,240000,72,70000,40,9999,0.100000,0,0,0.000000,6,0.000000,0.000000,0.202360,0,0,0,0,0,0,0
24,249999,19,240000,4,10000,40,9999,0.100000,0,0,0.000000,6,0.000000,0.000000,0.230839,0,0,0,0,0,0,0
24,249999,20,240000,0,60000,40,9999,0.100000,0,0,0.000000,6,0.000000,0.000000,0.730377,0,0,0,0,0,0,0
24,249999,21,240000,20,0,40,9999,0.100000,0,0,0.000000,6,0.000000,0.000000,0.209069,0,0,0,0,0,0,0
24,249999,22,240000,4,10000,40,9999,0.100000,0,0,0.000000,6,0.000000,0.000000,6.513030,0,0,0,0,0,0,0
24,249999,23,240000,72,150000,40,9999,0.100000,0,0,0.000000,6,0.000000,0.000000,12.072546,0,0,0,0,0,0,0
24,249999,24,240000,72,70000,40,9999,0.100000,0,0,0.000000,6,0.000000,0.000000,0.301324,0,0,0,0,0,0,0
24,249999,25,240000,0,60000,40,9999,0.100000,0,0,0.000000,6,0.000000,0.000000,1.216939,0,0,0,0,0,0,0
24,249999,26,240000,72,150000,40,9999,0.100000,0,0,0.000000,6,0.000000,0.000000,0.358445,0,0,0,0,0,0,0
24,249999,27,240000,0,60000,40,9999,0.100000,0,0,0.000000,6,0.000000,0.000000,0.710112,0,0,0,0,0,0,0
24,249999,28,240000,0,60000,40,9999,0.100000,0,0,0.000000,6,0.000000,0.000000,0.577402,0,0,0,0,0,0,0
24,249999,29,240000,72,70000,40,9999,0.100000,0,0,0.000000,6,0.000000,0.000000,0.728212,0,0,0,0,0,0,0
24,249999,30,240000,4,10000,40,9999,0.100000,0,0,0.000000,6,0.000000,0.000000,0.722303,0,0,0,0,0,0,0
24,249999,31,240000,4,10000,40,9999,0.100000,0,0,0.000000,6,0.000000,0.000000,0.106038,0,0,0,0,0,0,0
24,249999,32,240000,4,10000,40,9999,0.100000,0,0,0.000000,6,0.000000,0.000000,0.241433,0,0,0,0,0,0,0
24,249999,33,240000,0,60000,40,9999,0.100000,0,0,0.000000,6,0.000000,0.000000,0.247073,0,0,0,0,0,0,0
24,249999,34,240000,72,70000,40,9999,0.100000,0,0,0.000000,6,0.000000,0.000000,0.085315,0,0,0,0,0,0,0
24,249999,35,240000,72,70000,40,9999,0.100000,0,0,0.000000,6,0.000000,0.000000,1.055783,0,0,0,0,0,0,0
24,249999,36,240000,0,60000,40,9999,0.100000,0,0,0.000000,6,0.000000,0.000000,0.326782,0,0,0,0,0,0,0
24,249999,37,240000,72,70000,40,9999,0.100000,0,0,0.000000,6,0.000000,0.000000,0.295829,0,0,0,0,0,0,0
24,249999,38,240000,20,0,40,9999,0.100000,0,0,0.000000,6,0.000000,0.000000,0.151435,0,0,0,0,0,0,0
24,249999,39,240000,72,150000,40,9999,0.100000,0,0,0.000000,6,0.000000,0.000000,0.152902,0,0,0,0,0,0,0
24,249999,40,240000,72,70000,40,9999,0.100000,0,0,0.000000,6,0.000000,0.000000,1.107637,0,0,0,0,0,0,0
24,249999,41,240000,20,0,40,9999,0.100000,0,0,0.000000,6,0.000000,0.000000,0.056468,0,0,0,0,0,0,0
24,249999,42,240000,0,60000,40,9999,0.100000,0,0,0.000000,6,0.000000,0.000000,0.322506,0,0,0,0,0,0,0
24,249999,43,240000,72,150000,40,9999,0.100000,0,0,0.000000,6,0.000000,0.000000,5.238622,0,0,0,0,0,0,0
24,249999,44,240000,0,40000,40,9999,0.100000,0,0,0.000000,6,0.000000,0.000000,2.439936,0,0,0,0,0,0,0
24,249999,45,240000,72,70000,40,9999,0.100000,0,0,0.000000,6,0.000000,0.000000,0.168038,0,0,0,0,0,0,0
24,249999,46,240000,0,60000,40,9999,0.100000,0,0,0.000000,6,0.000000,0.000000,0.248652,0,0,0,0,0,0,0
24,249999,47,240000,20,0,40,9999,0.100000,0,0,0.000000,6,0.000000,0.000000,0.994828,0,0,0,0,0,0,0
24,249999,48,240000,0,60000,40,9999,0.100000,0,0,0.000000,6,0.000000,0.000000,0.199616,0,0,0,0,0,0,0
24,249999,49,240000,72,70000,40,9999,0.100000,0,0,0.000000,6,0.000000,0.000000,0.584233,0,0,0,0,0,0,0
24,249999,50,240000,0,60000,40,9999,0.100000,0,0,0.000000,6,0.000000,0.000000,0.201672,0,0,0,0,0,0,0
24,249999,51,240000,72,150000,40,9999,0.100000,0,0,0.000000,6,0.000000,0.000000,0.164039,0,0,0,0,0,0,0
24,249999,52,240000,72,70000,40,9999,0.100000,0,0,0.000000,6,0.000000,0.000000,0.748224,0,0,0,0,0,0,0
24,249999,53,240000,72,70000,40,9999,0.100000,0,0,0.000000,6,0.000000,0.000000,0.287096,0,0,0,0,0,0,0
24,249999,54,240000,20,0,40,9999,0.100000,0,0,0.000000,6,0.000000,0.000000,0.209691,0,0,0,0,0,0,0
24,249999,55,240000,4,10000,40,9999,0.100000,0,0,0.000000,6,0.000000,0.000000,0.313181,0,0,0,0,0,0,0
24,249999,56,240000,72,150000,40,9999,0.100000,0,0,0.000000,6,0.000000,0.000000,1.278547,0,0,0,0,0,0,0
24,249999,57,240000,0,40000,40,9999,0.100000,0,0,0.000000,6,0.000000,0.000000,0.509360,0,0,0,0,0,0,0
24,249999,58,240000,0,60000,40,9999,0.100000,0,0,0.000000,6,0.000000,0.000000,0.495108,0,0,0,0,0,0,0
24,249999,59,240000,4,10000,40,9999,0.100000,0,0,0.000000,6,0.000000,0.000000,4.731003,0,0,0,0,0,0,0
24,249999,60,240000,72,70000,40,9999,0.100000,0,0,0.000000,6,0.000000,0.000000,0.633734,0,0,0,0,0,0,0
24,249999,61,240000,72,150000,40,9999,0.100000,0,0,0.000000,6,0.000000,0.000000,0.148095,0,0,0,0,0,0,0
24,249999,62,240000,0,60000,40,9999,0.100000,0,0,0.000000,6,0.000000,0.000000,0.383232,0,0,0,0,0,0,0
24,249999,63,240000,0,60000,40,9999,0.100000,0,0,0.000000,6,0.000000,0.000000,6.736706,0,0,0,0,0,0,0
24,249999,64,240000,4,10000,40,9999,0.100000,0,0,0.000000,6,0.000000,0.000000,0.226519,0,0,0,0,0,0,0
24,249999,65,240000,4,10000,40,9999,0.100000,0,0,0.000000,6,0.000000,0.000000,0.424905,0,0,0,0,0,0,0
24,249999,66,240000,0,60000,40,9999,0.100000,0,0,0.000000,6,0.000000,0.000000,0.240692,0,0,0,0,0,0,0
24,249999,67,240000,72,70000,40,9999,0.100000,0,0,0.000000,6,0.000000,0.000000,0.525959,0,0,0,0,0,0,0
24,249999,68,240000,20,0,40,9999,0.100000,0,0,0.000000,6,0.000000,0.000000,3.196545,0,0,0,0,0,0,0
24,249999,69,240000,20,0,40,9999,0.100000,0,0,0.000000,6,0.000000,0.000000,1.698324,0,0,0,0,0,0,0
24,249999,70,240000,0,40000,40,9999,0.100000,0,0,0.000000,6,0.000000,0.000000,0.096185,0,0,0,0,0,0,0
24,249999,71,240000,72,150000,40,9999,0.100000,0,0,0.000000,6,0.000000,0.000000,0.265251,0,0,0,0,0,0,0
24,249999,72,240000,0,60000,40,9999,0.100000,0,0,0.000000,6,0.000000,0.000000,2.422850,0,0,0,0,0,0,0
24,249999,73,240000,72,70000,40,9999,0.100000,0,0,0.000000,6,0.000000,0.000000,0.268548,0,0,0,0,0,0,0
24,249999,74,240000,0,60000,40,9999,0.100000,0,0,0.000000,6,0.000000,0.000000,0.213931,0,0,0,0,0,0,0
24,249999,75,240000,0,40000,40,9999,0.100000,0,0,0.000000,6,0.000000,0.000000,0.087718,0,0,0,0,0,0,0
24,249999,76,240000,4,10000,40,9999,0.100000,0,0,0.000000,6,0.000000,0.000000,0.107944,0,0,0,0,0,0,0
24,249999,77,240000,0,40000,40,9999,0.100000,0,0,0.000000,6,0.000000,0.000000,0.317663,0,0,0,0,0,0,0
24,249999,78,240000,72,150000,40,9999,0.100000,0,0,0.000000,6,0.000000,0.000000,0.749081,0,0,0,0,0,0,0
24,249999,79,240000,20,0,40,9999,0.100000,0,0,0.000000,6,0.000000,0.000000,0.131111,0,0,0,0,0,0,0
24,249999,80,240000,72,70000,49,9999,0.100000,0,0,0.000000,6,1.000000,0.000000,3.709414,0,0,0,0,0,0,0
24,249999,81,240000,72,70000,40,9999,0.100000,0,0,0.000000,6,0.000000,0.000000,23.900569,0,0,0,0,0,0,0
24,249999,82,240000,4,10000,40,9999,0.100000,0,0,0.000000,6,0.000000,0.000000,0.089273,0,0,0,0,0,0,0
24,249999,83,240000,0,60000,49,9999,0.100000,0,0,0.000000,6,6.000000,0.000000,13.797687,0,0,0,0,0,0,0
24,249999,84,240000,4,10000,40,9999,0.100000,0,0,0.000000,6,0.000000,0.000000,0.599032,0,0,0,0,0,0,0
24,249999,85,240000,72,70000,40,9999,0.100000,0,0,0.000000,6,0.000000,0.000000,0.306734,0,0,0,0,0,0,0
24,249999,86,240000,0,60000,40,9999,0.135000,0,0,0.000000,6,0.000000,0.000000,0.111829,0,0,0,0,0,0,0
24,249999,87,240000,20,0,49,9999,0.100000,0,0,0.000000,6,1.000000,0.000000,4.514726,0,0,0,0,0,0,0
24,249999,88,240000,72,70000,40,9999,0.100000,0,0,0.000000,6,0.000000,0.000000,0.072568,0,0,0,0,0,0,0
24,249999,89,240000,4,10000,40,9999,0.065000,0,0,0.000000,6,0.000000,0.000000,0.089192,0,0,0,0,0,0,0
24,249999,90,240000,20,0,40,9999,0.100000,0,0,0.000000,6,0.000000,0.000000,0.385062,0,0,0,0,0,0,0
24,249999,91,240000,0,40000,40,9999,0.100000,0,0,0.000000,6,0.000000,0.000000,0.383385,0,0,0,0,0,0,0
24,249999,92,240000,4,10000,40,9999,0.100000,0,0,0.000000,6,0.000000,0.000000,0.542364,0,0,0,0,0,0,0
24,249999,93,240000,0,40000,40,9999,0.100000,0,0,0.000000,6,0.000000,0.000000,0.151656,0,0,0,0,0,0,0
24,249999,94,240000,0,60000,40,9999,0.100000,0,0,0.000000,6,0.000000,0.000000,0.268499,0,0,0,0,0,0,0
24,249999,95,240000,0,40000,40,9999,0.100000,0,0,0.000000,6,0.000000,0.000000,0.404212,0,0,0,0,0,0,0
24,249999,96,240000,0,40000,40,9999,0.100000,0,0,0.000000,6,0.000000,0.000000,0.093422,0,0,0,0,0,0,0
24,249999,97,240000,0,60000,40,9999,0.100000,0,0,0.000000,6,0.000000,0.000000,0.228318,0,0,0,0,0,0,0
24,249999,98,240000,72,150000,40,9999,0.100000,0,0,0.000000,6,0.000000,0.000000,0.551577,0,0,0,0,0,0,0
24,249999,99,240000,0,40000,40,9999,0.100000,0,0,0.000000,6,0.000000,0.000000,0.121958,0,0,0,0,0,0,0
25,259999,0,250000,4,10000,40,9999,0.100000,0,0,0.000000,6,0.000000,0.000000,0.432611,0,0,0,0,0,0,0
25,259999,1,250000,0,60000,40,9999,0.100000,0,0,0.000000,6,0.000000,0.000000,0.395215,0,0,0,0,0,0,0
25,259999,2,250000,72,70000,40,9999,0.100000,0,0,0.000000,6,0.000000,0.000000,0.503287,0,0,0,0,0,0,0
25,259999,3,250000,4,10000,40,9999,0.100000,0,0,0.000000,6,0.000000,0.000000,0.278040,0,0,0,0,0,0,0
25,259999,4,250000,0,40000,40,9999,0.100000,0,0,0.000000,6,0.000000,0.000000,0.415911,0,0,0,0,0,0,0
25,259999,5,250000,4,10000,49,9999,0.100000,0,0,0.000000,6,2.000000,0.000000,3.422768,0,0,0,0,0,0,0
25,259999,6,250000,72,70000,40,9999,0.100000,0,0,0.000000,6,0.000000,0.000000,0.136342,0,0,0,0,0,0,0
25,259999,7,250000,20,0,40,9999,0.100000,0,0,0.000000,6,0.000000,0.000000,0.292261,0,0,0,0,0,0,0
25,259999,8,250000,4,10000,40,9999,0.100000,0,0,0.000000,6,0.000000,0.000000,0.634302,0,0,0,0,0,0,0
25,259999,9,250000,0,40000,40,9999,0.100000,0,0,0.000000,6,0.000000,0.000000,0.101417,0,0,0,0,0,0,0
25,259999,10,250000,4,10000,40,9999,0.100000,0,0,0.000000,6,0.000000,0.000000,0.398564,0,0,0,0,0,0,0
25,259999,11,250000,20,0,49,9999,0.100000,0,0,0.000000,6,12.000000,0.000000,14.347560,0,0,0,0,0,0,0
25,259999,12,250000,0,40000,40,9999,0.100000,0,0,0.000000,6,0.000000,0.000000,0.276375,0,0,0,0,0,0,0
25,259999,13,250000,72,70000,49,9999,0.100000,0,0,0.000000,6,2.000000,0.000000,3.220895,0,0,0,0,0,0,0
25,259999,14,250000,4,10000,40,9999,0.100000,0,0,0.000000,6,0.000000,0.000000,0.142398,0,0,0,0,0,0,0
25,259999,15,250000,20,0,49,9999,0.100000,0,0,0.000000,6,1.000000,0.000000,3.039113,0,0,0,0,0,0,0
25,259999,16,250000,4,10000,40,9999,0.100000,0,0,0.000000,6,0.000000,0.000000,0.251714,0,0,0,0,0,0,0
25,259999,17,250000,4,10000,40,9999,0.100000,0,0,0.000000,6,0.000000,0.000000,0.094374,0,0,0,0,0,0,0
25,259999,18,250000,72,150000,40,9999,0.100000,0,0,0.000000,6,0.000000,0.000000,0.206302,0,0,0,0,0,0,0
25,259999,19,250000,20,0,40,9999,0.100000,0,0,0.000000,6,0.000000,0.000000,0.229945,0,0,0,0,0,0,0
25,259999,20,250000,72,70000,40,9999,0.100000,0,0,0.000000,6,0.000000,0.000000,0.222815,0,0,0,0,0,0,0
25,259999,21,250000,20,0,40,9999,0.100000,0,0,0.000000,6,0.000000,0.000000,0.207450,0,0,0,0,0,0,0
25,259999,22,250000,72,150000,40,9999,0.100000,0,0,0.000000,6,0.000000,0.000000,0.554927,0,0,0,0,0,0,0
25,259999,23,250000,4,10000,49,9999,0.100000,0,0,0.000000,6,1.000000,0.000000,13.988897,0,0,0,0,0,0,0
25,259999,24,250000,0,60000,40,9999,0.100000,0,0,0.000000,6,0.000000,0.000000,1.001009,0,0,0,0,0,0,0
25,259999,25,250000,0,60000,49,9999,0.100000,0,0,0.000000,6,3.000000,0.000000,8.511869,0,0,0,0,0,0,0
25,259999,26,250000,72,150000,40,9999,0.100000,0,0,0.000000,6,0.000000,0.000000,0.344362,0,0,0,0,0,0,0
25,259999,27,250000,0,40000,49,9999,0.065000,0,0,0.000000,6,2.000000,0.000000,3.123412,0,0,0,0,0,0,0
25,259999,28,250000,0,40000,49,9999,0.100000,0,0,0.000000,6,1.000000,0.000000,2.025181,0,0,0,0,0,0,0
25,259999,29,250000,0,60000,40,9999,0.100000,0,0,0.000000,6,0.000000,0.000000,0.401561,0,0,0,0,0,0,0
25,259999,30,250000,0,40000,40,9999,0.100000,0,0,0.000000,6,0.000000,0.000000,0.608793,0,0,0,0,0,0,0
25,259999,31,250000,0,40000,40,9999,0.100000,0,0,0.000000,6,0.000000,0.000000,0.673239,0,0,0,0,0,0,0
25,259999,32,250000,0,60000,40,9999,0.100000,0,0,0.000000,6,0.000000,0.000000,0.246772,0,0,0,0,0,0,0
25,259999,33,250000,20,0,40,9999,0.100000,0,0,0.000000,6,0.000000,0.000000,0.216629,0,0,0,0,0,0,0
25,259999,34,250000,72,70000,40,9999,0.100000,0,0,0.000000,6,0.000000,0.000000,0.086545,0,0,0,0,0,0,0
25,259999,35,250000,20,0,49,9999,0.100000,0,0,0.000000,6,4.000000,0.000000,10.616292,0,0,0,0,0,0,0
25,259999,36,250000,4,10000,40,9999,0.100000,0,0,0.000000,6,0.000000,0.000000,0.346402,0,0,0,0,0,0,0
25,259999,37,250000,72,150000,40,9999,0.100000,0,0,0.000000,6,0.000000,0.000000,0.366102,0,0,0,0,0,0,0
25,259999,38,250000,0,40000,40,9999,0.100000,0,0,0.000000,6,0.000000,0.000000,0.112379,0,0,0,0,0,0,0
25,259999,39,250000,20,0,49,9999,0.100000,0,0,0.000000,6,5.000000,0.000000,11.483437,0,0,0,0,0,0,0
25,259999,40,250000,0,40000,40,9999,0.100000,0,0,0.000000,6,0.000000,0.000000,1.129734,0,0,0,0,0,0,0
25,259999,41,250000,4,10000,40,9999,0.100000,0,0,0.000000,6,0.000000,0.000000,0.087995,0,0,0,0,0,0,0
25,259999,42,250000,72,70000,40,9999,0.100000,0,0,0.000000,6,0.000000,0.000000,0.299697,0,0,0,0,0,0,0
25,259999,43,250000,4,10000,40,9999,0.100000,0,0,0.000000,6,0.000000,0.000000,2.746103,0,0,0,0,0,0,0
25,259999,44,250000,0,60000,49,9999,0.100000,0,0,0.000000,6,1.000000,0.000000,2.388241,0,0,0,0,0,0,0
25,259999,45,250000,0,60000,40,9999,0.100000,0,0,0.000000,6,0.000000,0.000000,0.157883,0,0,0,0,0,0,0
25,259999,46,250000,72,70000,40,9999,0.100000,0,0,0.000000,6,0.000000,0.000000,0.239341,0,0,0,0,0,0,0
25,259999,47,250000,0,60000,40,9999,0.100000,0,0,0.000000,6,0.000000,0.000000,0.955653,0,0,0,0,0,0,0
25,259999,48,250000,20,0,40,9999,0.100000,0,0,0.000000,6,0.000000,0.000000,0.208940,0,0,0,0,0,0,0
25,259999,49,250000,0,40000,49,9999,0.100000,0,0,0.000000,6,1.000000,0.000000,1.784688,0,0,0,0,0,0,0
25,259999,50,250000,20,0,40,9999,0.100000,0,0,0.000000,6,0.000000,0.000000,0.159088,0,0,0,0,0,0,0
25,259999,51,250000,0,60000,40,9999,0.100000,0,0,0.000000,6,0.000000,0.000000,0.156486,0,0,0,0,0,0,0
25,259999,52,250000,0,40000,49,9999,0.100000,0,0,0.000000,6,8.000000,0.000000,17.199359,0,0,0,0,0,0,0
25,259999,53,250000,72,150000,40,9999,0.100000,0,0,0.000000,6,0.000000,0.000000,0.310822,0,0,0,0,0,0,0
25,259999,54,250000,20,0,40,9999,0.100000,0,0,0.000000,6,0.000000,0.000000,0.318753,0,0,0,0,0,0,0
25,259999,55,250000,0,60000,40,9999,0.100000,0,0,0.000000,6,0.000000,0.000000,0.253100,0,0,0,0,0,0,0
25,259999,56,250000,72,150000,40,9999,0.100000,0,0,0.000000,6,0.000000,0.000000,1.693291,0,0,0,0,0,0,0
25,259999,57,250000,72,70000,40,9999,0.100000,0,0,0.000000,6,0.000000,0.000000,0.219844,0,0,0,0,0,0,0
25,259999,58,250000,4,10000,40,9999,0.100000,0,0,0.000000,6,0.000000,0.000000,0.471642,0,0,0,0,0,0,0
25,259999,59,250000,20,0,49,9999,0.100000,0,0,0.000000,6,1.000000,0.000000,5.551006,0,0,0,0,0,0,0
25,259999,60,250000,0,40000,49,9999,0.100000,0,0,0.000000,6,1.000000,0.000000,1.990462,0,0,0,0,0,0,0
25,259999,61,250000,0,40000,40,9999,0.100000,0,0,0.000000,6,0.000000,0.000000,0.139539,0,0,0,0,0,0,0
25,259999,62,250000,0,60000,40,9999,0.100000,0,0,0.000000,6,0.000000,0.000000,0.234266,0,0,0,0,0,0,0
25,259999,63,250000,0,60000,40,9999,0.100000,0,0,0.000000,6,0.000000,0.000000,4.652689,0,0,0,0,0,0,0
25,259999,64,250000,0,40000,40,9999,0.100000,0,0,0.000000,6,0.000000,0.000000,0.338086,0,0,0,0,0,0,0
25,259999,65,250000,4,10000,40,9999,0.100000,0,0,0.000000,6,0.000000,0.000000,0.420797,0,0,0,0,0,0,0
25,259999,66,250000,4,10000,40,9999,0.100000,0,0,0.000000,6,0.000000,0.000000,0.258205,0,0,0,0,0,0,0
25,259999,67,250000,4,10000,40,9999,0.100000,0,0,0.000000,6,0.000000,0.000000,0.488787,0,0,0,0,0,0,0
25,259999,68,250000,4,10000,40,9999,0.100000,0,0,0.000000,6,0.000000,0.000000,2.999871,0,0,0,0,0,0,0
25,259999,69,250000,20,0,40,9999,0.100000,0,0,0.000000,6,0.000000,0.000000,21.402032,0,0,0,0,0,0,0
25,259999,70,250000,20,0,40,9999,0.100000,0,0,0.000000,6,0.000000,0.000000,0.106764,0,0,0,0,0,0,0
25,259999,71,250000,0,60000,40,9999,0.100000,0,0,0.000000,6,0.000000,0.000000,0.248715,0,0,0,0,0,0,0
25,259999,72,250000,0,60000,40,9999,0.100000,0,0,0.000000,6,0.000000,0.000000,0.217256,0,0,0,0,0,0,0
25,259999,73,250000,4,10000,40,9999,0.100000,0,0,0.000000,6,0.000000,0.000000,0.252974,0,0,0,0,0,0,0
25,259999,74,250000,4,10000,40,9999,0.100000,0,0,0.000000,6,0.000000,0.000000,0.356655,0,0,0,0,0,0,0
25,259999,75,250000,0,40000,40,9999,0.100000,0,0,0.000000,6,0.000000,0.000000,0.087369,0,0,0,0,0,0,0
25,259999,76,250000,4,10000,49,9999,0.100000,0,0,0.000000,6,2.000000,0.000000,2.868389,0,0,0,0,0,0,0
25,259999,77,250000,72,70000,40,9999,0.100000,0,0,0.000000,6,0.000000,0.000000,1.708273,0,0,0,0,0,0,0
25,259999,78,250000,72,150000,40,9999,0.100000,0,0,0.000000,6,0.000000,0.000000,0.813782,0,0,0,0,0,0,0
25,259999,79,250000,72,150000,40,9999,0.100000,0,0,0.000000,6,0.000000,0.000000,0.117657,0,0,0,0,0,0,0
25,259999,80,250000,72,150000,40,9999,0.100000,0,0,0.000000,6,0.000000,0.000000,1.282481,0,0,0,0,0,0,0
25,259999,81,250000,0,40000,40,9999,0.100000,0,0,0.000000,6,0.000000,0.000000,24.058752,0,0,0,0,0,0,0
25,259999,82,250000,72,70000,40,9999,0.100000,0,0,0.000000,6,0.000000,0.000000,0.086862,0,0,0,0,0,0,0
25,259999,83,250000,72,150000,40,9999,0.100000,0,0,0.000000,6,0.000000,0.000000,0.075203,0,0,0,0,0,0,0
25,259999,84,250000,0,40000,40,9999,0.100000,0,0,0.000000,6,0.000000,0.000000,0.608846,0,0,0,0,0,0,0
25,259999,85,250000,20,0,40,9999,0.100000,0,0,0.000000,6,0.000000,0.000000,0.271093,0,0,0,0,0,0,0
25,259999,86,250000,72,150000,40,9999,0.100000,0,0,0.000000,6,0.000000,0.000000,0.116803,0,0,0,0,0,0,0
25,259999,87,250000,72,70000,49,9999,0.100000,0,0,0.000000,6,1.000000,0.000000,5.073712,0,0,0,0,0,0,0
25,259999,88,250000,0,60000,40,9999,0.100000,0,0,0.000000,6,0.000000,0.000000,0.071235,0,0,0,0,0,0,0
25,259999,89,250000,0,60000,40,9999,0.100000,0,0,0.000000,6,0.000000,0.000000,0.089301,0,0,0,0,0,0,0
25,259999,90,250000,0,40000,40,9999,0.100000,0,0,0.000000,6,0.000000,0.000000,0.420946,0,0,0,0,0,0,0
25,259999,91,250000,72,150000,40,9999,0.100000,0,0,0.000000,6,0.000000,0.000000,0.396450,0,0,0,0,0,0,0
25,259999,92,250000,72,70000,40,9999,0.100000,0,0,0.000000,6,0.000000,0.000000,1.114485,0,0,0,0,0,0,0
25,259999,93,250000,72,70000,40,9999,0.100000,0,0,0.000000,6,0.000000,0.000000,0.195169,0,0,0,0,0,0,0
25,259999,94,250000,20,0,40,9999,0.100000,0,0,0.000000,6,0.000000,0.000000,0.228608,0,0,0,0,0,0,0
25,259999,95,250000,4,10000,49,9999,0.100000,0,0,0.000000,6,2.000000,0.000000,3.586552,0,0,0,0,0,0,0
25,259999,96,250000,72,150000,40,9999,0.100000,0,0,0.000000,6,0.000000,0.000000,0.096228,0,0,0,0,0,0,0
25,259999,97,250000,0,60000,40,9999,0.100000,0,0,0.000000,6,0.000000,0.000000,0.225510,0,0,0,0,0,0,0
25,259999,98,250000,0,40000,49,9999,0.100000,0,0,0.000000,6,3.000000,0.000000,22.576748,0,0,0,0,0,0,0
25,259999,99,250000,72,150000,49,9999,0.100000,0,0,0.000000,6,4.000000,0.000000,9.732929,0,0,0,0,0,0,0
26,269999,0,260000,72,150000,40,9999,0.100000,0,0,0.000000,6,0.000000,0.000000,0.420113,0,0,0,0,0,0,0
26,269999,1,260000,0,60000,40,9999,0.100000,0,0,0.000000,6,0.000000,0.000000,0.498847,0,0,0,0,0,0,0
26,269999,2,260000,4,10000,40,9999,0.100000,0,0,0.000000,6,0.000000,0.000000,0.537173,0,0,0,0,0,0,0
26,269999,3,260000,0,60000,40,9999,0.100000,0,0,0.000000,6,0.000000,0.000000,0.264288,0,0,0,0,0,0,0
26,269999,4,260000,20,0,40,9999,0.100000,0,0,0.000000,6,0.000000,0.000000,0.424223,0,0,0,0,0,0,0
26,269999,5,250000,4,10000,40,19999,0.100000,0,0,0.000000,6,0.000000,0.000000,0.779423,0,0,0,0,0,0,0
26,269999,6,260000,20,0,40,9999,0.100000,0,0,0.000000,6,0.000000,0.000000,0.132078,0,0,0,0,0,0,0
26,269999,7,260000,20,0,40,9999,0.100000,0,0,0.000000,6,0.000000,0.000000,0.769510,0,0,0,0,0,0,0
26,269999,8,260000,0,60000,40,9999,0.100000,0,0,0.000000,6,0.000000,0.000000,0.639592,0,0,0,0,0,0,0
26,269999,9,260000,72,70000,40,9999,0.100000,0,0,0.000000,6,0.000000,0.000000,0.103801,0,0,0,0,0,0,0
26,269999,10,260000,72,150000,40,9999,0.100000,0,0,0.000000,6,0.000000,0.000000,0.382075,0,0,0,0,0,0,0
26,269999,11,260000,0,40000,40,9999,0.100000,0,0,0.000000,6,0.000000,0.000000,0.173072,0,0,0,0,0,0,0
26,269999,12,260000,20,0,40,9999,0.100000,0,0,0.000000,6,0.000000,0.000000,0.282662,0,0,0,0,0,0,0
26,269999,13,260000,4,10000,40,9999,0.100000,0,0,0.000000,6,0.000000,0.000000,0.523461,0,0,0,0,0,0,0
26,269999,14,260000,0,60000,40,9999,0.100000,0,0,0.000000,6,0.000000,0.000000,0.138710,0,0,0,0,0,0,0
26,269999,15,260000,4,10000,40,9999,0.100000,0,0,0.000000,6,0.000000,0.000000,2.200638,0,0,0,0,0,0,0
26,269999,16,260000,20,0,40,9999,0.100000,0,0,0.000000,6,0.000000,0.000000,0.256810,0,0,0,0,0,0,0
26,269999,17,260000,72,70000,40,9999,0.100000,0,0,0.000000,6,0.000000,0.000000,0.093740,0,0,0,0,0,0,0
26,269999,18,260000,20,0,40,9999,0.100000,0,0,0.000000,6,0.000000,0.000000,0.206727,0,0,0,0,0,0,0
26,269999,19,260000,72,150000,40,9999,0.100000,0,0,0.000000,6,0.000000,0.000000,0.232154,0,0,0,0,0,0,0
26,269999,20,260000,72,150000,40,9999,0.100000,0,0,0.000000,6,0.000000,0.000000,0.232160,0,0,0,0,0,0,0
26,269999,21,260000,20,0,40,9999,0.065000,0,0,0.000000,6,0.000000,0.000000,0.256291,0,0,0,0,0,0,0
26,269999,22,260000,4,10000,40,9999,0.100000,0,0,0.000000,6,0.000000,0.000000,0.091759,0,0,0,0,0,0,0
26,269999,23,260000,72,150000,40,9999,0.100000,0,0,0.000000,6,0.000000,0.000000,11.334352,0,0,0,0,0,0,0
26,269999,24,260000,20,0,40,9999,0.100000,0,0,0.000000,6,0.000000,0.000000,0.508424,0,0,0,0,0,0,0
26,269999,25,260000,4,10000,40,9999,0.100000,0,0,0.000000,6,0.000000,0.000000,8.949527,0,0,0,0,0,0,0
26,269999,26,260000,4,10000,40,9999,0.100000,0,0,0.000000,6,0.000000,0.000000,0.256454,0,0,0,0,0,0,0
26,269999,27,260000,72,70000,40,9999,0.100000,0,0,0.000000,6,0.000000,0.000000,0.520172,0,0,0,0,0,0,0
26,269999,28,260000,0,40000,40,9999,0.100000,0,0,0.000000,6,0.000000,0.000000,0.558201,0,0,0,0,0,0,0
26,269999,29,260000,72,150000,40,9999,0.100000,0,0,0.000000,6,0.000000,0.000000,0.336653,0,0,0,0,0,0,0
26,269999,30,260000,72,150000,40,9999,0.100000,0,0,0.000000,6,0.000000,0.000000,0.558089,0,0,0,0,0,0,0
26,269999,31,260000,72,150000,40,9999,0.100000,0,0,0.000000,6,0.000000,0.000000,1.065398,0,0,0,0,0,0,0
26,269999,32,260000,72,70000,40,9999,0.100000,0,0,0.000000,6,0.000000,0.000000,0.234470,0,0,0,0,0,0,0
26,269999,33,260000,4,10000,40,9999,0.100000,0,0,0.000000,6,0.000000,0.000000,0.241657,0,0,0,0,0,0,0
26,269999,34,260000,72,150000,40,9999,0.100000,0,0,0.000000,6,0.000000,0.000000,0.085932,0,0,0,0,0,0,0
26,269999,35,260000,20,0,40,9999,0.100000,0,0,0.000000,6,0.000000,0.000000,4.714129,0,0,0,0,0,0,0
26,269999,36,260000,0,40000,40,9999,0.100000,0,0,0.000000,6,0.000000,0.000000,0.282140,0,0,0,0,0,0,0
26,269999,37,260000,0,60000,40,9999,0.100000,0,0,0.000000,6,0.000000,0.000000,3.664263,0,0,0,0,0,0,0
26,269999,38,260000,72,150000,40,9999,0.100000,0,0,0.000000,6,0.000000,0.000000,0.111645,0,0,0,0,0,0,0
26,269999,39,260000,72,70000,40,9999,0.100000,0,0,0.000000,6,0.000000,0.000000,0.086217,0,0,0,0,0,0,0
26,269999,40,260000,72,70000,40,9999,0.100000,0,0,0.000000,6,0.000000,0.000000,1.191885,0,0,0,0,0,0,0
26,269999,41,260000,72,150000,40,9999,0.100000,0,0,0.000000,6,0.000000,0.000000,0.089397,0,0,0,0,0,0,0
26,269999,42,260000,4,10000,40,9999,0.100000,0,0,0.000000,6,0.000000,0.000000,0.125542,0,0,0,0,0,0,0
26,269999,43,260000,20,0,40,9999,0.135000,0,0,0.000000,6,0.000000,0.000000,2.327099,0,0,0,0,0,0,0
26,269999,44,260000,0,40000,40,9999,0.100000,0,0,0.000000,6,0.000000,0.000000,0.792030,0,0,0,0,0,0,0
26,269999,45,260000,0,60000,40,9999,0.100000,0,0,0.000000,6,0.000000,0.000000,0.165727,0,0,0,0,0,0,0
26,269999,46,260000,72,70000,40,9999,0.100000,0,0,0.000000,6,0.000000,0.000000,0.235435,0,0,0,0,0,0,0
26,269999,47,260000,0,40000,40,9999,0.100000,0,0,0.000000,6,0.000000,0.000000,0.949149,0,0,0,0,0,0,0
26,269999,48,260000,20,0,40,9999,0.100000,0,0,0.000000,6,0.000000,0.000000,0.204609,0,0,0,0,0,0,0
26,269999,49,260000,72,70000,40,9999,0.100000,0,0,0.000000,6,0.000000,0.000000,0.636815,0,0,0,0,0,0,0
26,269999,50,260000,0,40000,40,9999,0.100000,0,0,0.000000,6,0.000000,0.000000,0.149462,0,0,0,0,0,0,0
26,269999,51,260000,20,0,40,9999,0.100000,0,0,0.000000,6,0.000000,0.000000,0.224515,0,0,0,0,0,0,0
26,269999,52,260000,0,40000,49,9999,0.100000,0,0,0.000000,6,8.000000,0.000000,17.194256,0,0,0,0,0,0,0
26,269999,53,260000,4,10000,40,9999,0.100000,0,0,0.000000,6,0.000000,0.000000,0.409441,0,0,0,0,0,0,0
26,269999,54,260000,0,40000,40,9999,0.100000,0,0,0.000000,6,0.000000,0.000000,0.431562,0,0,0,0,0,0,0
26,269999,55,260000,4,10000,40,9999,0.100000,0,0,0.000000,6,0.000000,0.000000,0.150859,0,0,0,0,0,0,0
26,269999,56,260000,72,150000,40,9999,0.100000,0,0,0.000000,6,0.000000,0.000000,13.564362,0,0,0,0,0,0,0
26,269999,57,260000,72,70000,40,9999,0.100000,0,0,0.000000,6,0.000000,0.000000,0.232400,0,0,0,0,0,0,0
26,269999,58,260000,0,60000,40,9999,0.100000,0,0,0.000000,6,0.000000,0.000000,0.462461,0,0,0,0,0,0,0
26,269999,59,260000,0,40000,49,9999,0.100000,0,0,0.000000,6,1.000000,0.000000,9.433147,0,0,0,0,0,0,0
26,269999,60,260000,20,0,40,9999,0.100000,0,0,0.000000,6,0.000000,0.000000,0.620676,0,0,0,0,0,0,0
26,269999,61,260000,4,10000,40,9999,0.100000,0,0,0.000000,6,0.000000,0.000000,0.166336,0,0,0,0,0,0,0
26,269999,62,260000,4,10000,40,9999,0.100000,0,0,0.000000,6,0.000000,0.000000,0.233646,0,0,0,0,0,0,0
26,269999,63,260000,0,60000,49,9999,0.100000,0,0,0.000000,6,1.000000,0.000000,8.213956,0,0,0,0,0,0,0
26,269999,64,260000,72,150000,40,9999,0.100000,0,0,0.000000,6,0.000000,0.000000,2.233401,0,0,0,0,0,0,0
26,269999,65,260000,4,10000,40,9999,0.100000,0,0,0.000000,6,0.000000,0.000000,0.454602,0,0,0,0,0,0,0
26,269999,66,260000,0,40000,40,9999,0.100000,0,0,0.000000,6,0.000000,0.000000,0.269087,0,0,0,0,0,0,0
26,269999,67,260000,72,70000,40,9999,0.100000,0,0,0.000000,6,0.000000,0.000000,0.273452,0,0,0,0,0,0,0
26,269999,68,260000,72,150000,40,9999,0.100000,0,0,0.000000,6,0.000000,0.000000,3.592803,0,0,0,0,0,0,0
26,269999,69,260000,0,40000,40,9999,0.100000,0,0,0.000000,6,0.000000,0.000000,21.274162,0,0,0,0,0,0,0
26,269999,70,260000,20,0,49,9999,0.100000,0,0,0.000000,6,2.000000,0.000000,5.543129,0,0,0,0,0,0,0
26,269999,71,260000,72,70000,40,9999,0.100000,0,0,0.000000,6,0.000000,0.000000,0.257628,0,0,0,0,0,0,0
26,269999,72,260000,20,0,40,9999,0.100000,0,0,0.000000,6,0.000000,0.000000,0.203640,0,0,0,0,0,0,0
26,269999,73,260000,72,150000,40,9999,0.100000,0,0,0.000000,6,0.000000,0.000000,0.252804,0,0,0,0,0,0,0
26,269999,74,260000,0,60000,40,9999,0.100000,0,0,0.000000,6,0.000000,0.000000,0.307945,0,0,0,0,0,0,0
26,269999,75,260000,72,70000,40,9999,0.100000,0,0,0.000000,6,0.000000,0.000000,0.643762,0,0,0,0,0,0,0
26,269999,76,260000,4,10000,40,9999,0.100000,0,0,0.000000,6,0.000000,0.000000,0.472915,0,0,0,0,0,0,0
26,269999,77,260000,20,0,40,9999,0.100000,0,0,0.000000,6,0.000000,0.000000,0.820456,0,0,0,0,0,0,0
26,269999,78,260000,20,0,40,9999,0.100000,0,0,0.000000,6,0.000000,0.000000,1.338481,0,0,0,0,0,0,0
26,269999,79,260000,20,0,40,9999,0.100000,0,0,0.000000,6,0.000000,0.000000,0.098913,0,0,0,0,0,0,0
26,269999,80,260000,72,70000,40,9999,0.100000,0,0,0.000000,6,0.000000,0.000000,0.399563,0,0,0,0,0,0,0
26,269999,81,260000,20,0,40,9999,0.100000,0,0,0.000000,6,0.000000,0.000000,23.916134,0,0,0,0,0,0,0
26,269999,82,260000,72,150000,40,9999,0.100000,0,0,0.000000,6,0.000000,0.000000,0.086868,0,0,0,0,0,0,0
26,269999,83,260000,0,40000,40,9999,0.100000,0,0,0.000000,6,0.000000,0.000000,0.080118,0,0,0,0,0,0,0
26,269999,84,260000,0,60000,40,9999,0.100000,0,0,0.000000,6,0.000000,0.000000,0.618944,0,0,0,0,0,0,0
26,269999,85,260000,0,60000,40,9999,0.100000,0,0,0.000000,6,0.000000,0.000000,0.439174,0,0,0,0,0,0,0
26,269999,86,260000,4,10000,40,9999,0.100000,0,0,0.000000,6,0.000000,0.000000,0.115208,0,0,0,0,0,0,0
26,269999,87,260000,0,40000,49,9999,0.100000,0,0,0.000000,6,2.000000,0.000000,7.264194,0,0,0,0,0,0,0
26,269999,88,260000,72,70000,40,9999,0.100000,0,0,0.000000,6,0.000000,0.000000,0.593898,0,0,0,0,0,0,0
26,269999,89,260000,4,10000,40,9999,0.100000,0,0,0.000000,6,0.000000,0.000000,0.091829,0,0,0,0,0,0,0
26,269999,90,260000,4,10000,40,9999,0.100000,0,0,0.000000,6,0.000000,0.000000,0.464801,0,0,0,0,0,0,0
26,269999,91,260000,72,150000,40,9999,0.100000,0,0,0.000000,6,0.000000,0.000000,0.386716,0,0,0,0,0,0,0
26,269999,92,260000,72,70000,49,9999,0.100000,0,0,0.000000,6,4.000000,0.000000,4.718774,0,0,0,0,0,0,0
26,269999,93,260000,72,70000,40,9999,0.100000,0,0,0.000000,6,0.000000,0.000000,0.145104,0,0,0,0,0,0,0
26,269999,94,260000,72,150000,40,9999,0.100000,0,0,0.000000,6,0.000000,0.000000,0.284224,0,0,0,0,0,0,0
26,269999,95,260000,0,60000,40,9999,0.100000,0,0,0.000000,6,0.000000,0.000000,1.547023,0,0,0,0,0,0,0
26,269999,96,260000,72,150000,40,9999,0.100000,0,0,0.000000,6,0.000000,0.000000,0.103846,0,0,0,0,0,0,0
26,269999,97,260000,4,10000,40,9999,0.100000,0,0,0.000000,6,0.000000,0.000000,0.241248,0,0,0,0,0,0,0
26,269999,98,260000,0,40000,40,9999,0.100000,0,0,0.000000,6,0.000000,0.000000,0.433667,0,0,0,0,0,0,0
26,269999,99,260000,0,60000,40,9999,0.100000,0,0,0.000000,6,0.000000,0.000000,0.134893,0,0,0,0,0,0,0
27,279999,0,270000,72,150000,49,9999,0.100000,0,0,0.000000,6,1.000000,0.000000,2.461047,0,0,0,0,0,0,0
27,279999,1,270000,72,70000,49,9999,0.100000,0,0,0.000000,6,1.000000,0.000000,1.756611,0,0,0,0,0,0,0
27,279999,2,270000,4,10000,40,9999,0.100000,0,0,0.000000,6,0.000000,0.000000,1.193395,0,0,0,0,0,0,0
27,279999,3,270000,72,150000,40,9999,0.100000,0,0,0.000000,6,0.000000,0.000000,0.550675,0,0,0,0,0,0,0
27,279999,4,270000,20,0,40,9999,0.100000,0,0,0.000000,6,0.000000,0.000000,0.406722,0,0,0,0,0,0,0
27,279999,5,270000,0,60000,40,9999,0.100000,0,0,0.000000,6,0.000000,0.000000,0.078418,0,0,0,0,0,0,0
27,279999,6,270000,0,60000,40,9999,0.100000,0,0,0.000000,6,0.000000,0.000000,0.136019,0,0,0,0,0,0,0
27,279999,7,270000,0,60000,40,9999,0.100000,0,0,0.000000,6,0.000000,0.000000,1.980851,0,0,0,0,0,0,0
27,279999,8,270000,72,150000,40,9999,0.100000,0,0,0.000000,6,0.000000,0.000000,0.562000,0,0,0,0,0,0,0
27,279999,9,270000,0,40000,40,9999,0.100000,0,0,0.000000,6,0.000000,0.000000,0.136796,0,0,0,0,0,0,0
27,279999,10,270000,4,10000,40,9999,0.100000,0,0,0.000000,6,0.000000,0.000000,0.393777,0,0,0,0,0,0,0
27,279999,11,270000,4,10000,40,9999,0.100000,0,0,0.000000,6,0.000000,0.000000,0.171326,0,0,0,0,0,0,0
27,279999,12,270000,4,10000,40,9999,0.100000,0,0,0.000000,6,0.000000,0.000000,0.290703,0,0,0,0,0,0,0
27,279999,13,270000,72,70000,40,9999,0.100000,0,0,0.000000,6,0.000000,0.000000,0.268926,0,0,0,0,0,0,0
27,279999,14,270000,0,40000,40,9999,0.100000,0,0,0.000000,6,0.000000,0.000000,0.169550,0,0,0,0,0,0,0
27,279999,15,270000,0,60000,49,9999,0.100000,0,0,0.000000,6,1.000000,0.000000,2.921309,0,0,0,0,0,0,0
27,279999,16,270000,72,70000,40,9999,0.100000,0,0,0.000000,6,0.000000,0.000000,0.895577,0,0,0,0,0,0,0
27,279999,17,270000,0,60000,40,9999,0.100000,0,0,0.000000,6,0.000000,0.000000,0.095120,0,0,0,0,0,0,0
27,279999,18,270000,4,10000,40,9999,0.100000,0,0,0.000000,6,0.000000,0.000000,0.201883,0,0,0,0,0,0,0
27,279999,19,270000,72,150000,40,9999,0.100000,0,0,0.000000,6,0.000000,0.000000,0.234371,0,0,0,0,0,0,0
27,279999,20,270000,0,60000,40,9999,0.135000,0,0,0.000000,6,0.000000,0.000000,0.362183,0,0,0,0,0,0,0
27,279999,21,270000,0,60000,40,9999,0.100000,0,0,0.000000,6,0.000000,0.000000,1.062112,0,0,0,0,0,0,0
27,279999,22,270000,4,10000,40,9999,0.100000,0,0,0.000000,6,0.000000,0.000000,0.131852,0,0,0,0,0,0,0
27,279999,23,270000,0,40000,49,9999,0.100000,0,0,0.000000,6,4.000000,0.000000,6.988097,0,0,0,0,0,0,0
27,279999,24,270000,0,60000,40,9999,0.100000,0,0,0.000000,6,0.000000,0.000000,0.272171,0,0,0,0,0,0,0
27,279999,25,270000,72,70000,49,9999,0.100000,0,0,0.000000,6,1.000000,0.000000,10.779762,0,0,0,0,0,0,0
27,279999,26,270000,20,0,40,9999,0.100000,0,0,0.000000,6,0.000000,0.000000,0.791387,0,0,0,0,0,0,0
27,279999,27,270000,4,10000,40,9999,0.100000,0,0,0.000000,6,0.000000,0.000000,0.120069,0,0,0,0,0,0,0
27,279999,28,270000,72,70000,40,9999,0.100000,0,0,0.000000,6,0.000000,0.000000,0.605453,0,0,0,0,0,0,0
27,279999,29,270000,72,70000,40,9999,0.100000,0,0,0.000000,6,0.000000,0.000000,0.466598,0,0,0,0,0,0,0
27,279999,30,270000,0,60000,40,9999,0.100000,0,0,0.000000,6,0.000000,0.000000,0.401538,0,0,0,0,0,0,0
27,279999,31,270000,72,150000,40,9999,0.100000,0,0,0.000000,6,0.000000,0.000000,1.244406,0,0,0,0,0,0,0
27,279999,32,270000,0,40000,40,9999,0.100000,0,0,0.000000,6,0.000000,0.000000,0.240516,0,0,0,0,0,0,0
27,279999,33,270000,20,0,40,9999,0.100000,0,0,0.000000,6,0.000000,0.000000,0.248887,0,0,0,0,0,0,0
27,279999,34,270000,0,60000,40,9999,0.100000,0,0,0.000000,6,0.000000,0.000000,0.085651,0,0,0,0,0,0,0
27,279999,35,270000,0,40000,40,9999,0.100000,0,0,0.000000,6,0.000000,0.000000,2.940175,0,0,0,0,0,0,0
27,279999,36,270000,72,70000,40,9999,0.100000,0,0,0.000000,6,0.000000,0.000000,0.922541,0,0,0,0,0,0,0
27,279999,37,270000,72,70000,40,9999,0.100000,0,0,0.000000,6,0.000000,0.000000,0.424764,0,0,0,0,0,0,0
27,279999,38,270000,0,60000,40,9999,0.100000,0,0,0.000000,6,0.000000,0.000000,0.186638,0,0,0,0,0,0,0
27,279999,39,270000,72,150000,40,9999,0.100000,0,0,0.000000,6,0.000000,0.000000,0.085477,0,0,0,0,0,0,0
27,279999,40,270000,20,0,40,9999,0.100000,0,0,0.000000,6,0.000000,0.000000,1.282998,0,0,0,0,0,0,0
27,279999,41,270000,0,40000,40,9999,0.100000,0,0,0.000000,6,0.000000,0.000000,0.087970,0,0,0,0,0,0,0
27,279999,42,270000,4,10000,40,9999,0.100000,0,0,0.000000,6,0.000000,0.000000,1.003794,0,0,0,0,0,0,0
27,279999,43,270000,72,150000,40,9999,0.100000,0,0,0.000000,6,0.000000,0.000000,2.557608,0,0,0,0,0,0,0
27,279999,44,270000,4,10000,40,9999,0.100000,0,0,0.000000,6,0.000000,0.000000,0.962868,0,0,0,0,0,0,0
27,279999,45,270000,20,0,40,9999,0.100000,0,0,0.000000,6,0.000000,0.000000,0.167703,0,0,0,0,0,0,0
27,279999,46,270000,72,150000,40,9999,0.100000,0,0,0.000000,6,0.000000,0.000000,0.245223,0,0,0,0,0,0,0
27,279999,47,270000,0,60000,40,9999,0.100000,0,0,0.000000,6,0.000000,0.000000,1.112730,0,0,0,0,0,0,0
27,279999,48,270000,4,10000,40,9999,0.100000,0,0,0.000000,6,0.000000,0.000000,0.215096,0,0,0,0,0,0,0
27,279999,49,270000,72,150000,40,9999,0.100000,0,0,0.000000,6,0.000000,0.000000,0.614046,0,0,0,0,0,0,0
27,279999,50,270000,20,0,40,9999,0.100000,0,0,0.000000,6,0.000000,0.000000,0.214660,0,0,0,0,0,0,0
27,279999,51,270000,4,10000,40,9999,0.100000,0,0,0.000000,6,0.000000,0.000000,0.181792,0,0,0,0,0,0,0
27,279999,52,270000,4,10000,49,9999,0.100000,0,0,0.000000,6,8.000000,0.000000,17.238105,0,0,0,0,0,0,0
27,279999,53,270000,20,0,40,9999,0.100000,0,0,0.000000,6,0.000000,0.000000,0.168732,0,0,0,0,0,0,0
27,279999,54,270000,20,0,49,9999,0.100000,0,0,0.000000,6,3.000000,0.000000,8.653618,0,0,0,0,0,0,0
27,279999,55,270000,4,10000,40,9999,0.100000,0,0,0.000000,6,0.000000,0.000000,1.206829,0,0,0,0,0,0,0
27,279999,56,270000,4,10000,49,9999,0.100000,0,0,0.000000,6,1.000000,0.000000,5.196068,0,0,0,0,0,0,0
27,279999,57,270000,20,0,40,9999,0.100000,0,0,0.000000,6,0.000000,0.000000,0.218064,0,0,0,0,0,0,0
27,279999,58,270000,0,40000,40,9999,0.100000,0,0,0.000000,6,0.000000,0.000000,0.496664,0,0,0,0,0,0,0
27,279999,59,270000,0,60000,49,9999,0.100000,0,0,0.000000,6,3.000000,0.000000,6.199102,0,0,0,0,0,0,0
27,279999,60,270000,4,10000,40,9999,0.100000,0,0,0.000000,6,0.000000,0.000000,0.614518,0,0,0,0,0,0,0
27,279999,61,270000,72,70000,40,9999,0.100000,0,0,0.000000,6,0.000000,0.000000,0.224368,0,0,0,0,0,0,0
27,279999,62,270000,72,70000,40,9999,0.100000,0,0,0.000000,6,0.000000,0.000000,0.242818,0,0,0,0,0,0,0
27,279999,63,270000,72,70000,49,9999,0.100000,0,0,0.000000,6,1.000000,0.000000,6.850887,0,0,0,0,0,0,0
27,279999,64,270000,72,150000,40,9999,0.100000,0,0,0.000000,6,0.000000,0.000000,1.067773,0,0,0,0,0,0,0
27,279999,65,270000,0,60000,40,9999,0.100000,0,0,0.000000,6,0.000000,0.000000,0.434061,0,0,0,0,0,0,0
27,279999,66,270000,72,70000,40,9999,0.100000,0,0,0.000000,6,0.000000,0.000000,0.379365,0,0,0,0,0,0,0
27,279999,67,270000,72,150000,40,9999,0.100000,0,0,0.000000,6,0.000000,0.000000,0.358341,0,0,0,0,0,0,0
27,279999,68,270000,0,40000,40,9999,0.100000,0,0,0.000000,6,0.000000,0.000000,3.241586,0,0,0,0,0,0,0
27,279999,69,270000,20,0,49,9999,0.100000,0,0,0.000000,6,4.000000,0.000000,29.137363,0,0,0,0,0,0,0
27,279999,70,270000,0,60000,40,9999,0.100000,0,0,0.000000,6,0.000000,0.000000,0.085636,0,0,0,0,0,0,0
27,279999,71,270000,20,0,40,9999,0.100000,0,0,0.000000,6,0.000000,0.000000,0.266548,0,0,0,0,0,0,0
27,279999,72,270000,0,40000,40,9999,0.100000,0,0,0.000000,6,0.000000,0.000000,0.214469,0,0,0,0,0,0,0
27,279999,73,270000,4,10000,40,9999,0.100000,0,0,0.000000,6,0.000000,0.000000,0.376689,0,0,0,0,0,0,0
27,279999,74,270000,20,0,40,9999,0.100000,0,0,0.000000,6,0.000000,0.000000,0.321458,0,0,0,0,0,0,0
27,279999,75,270000,20,0,40,9999,0.100000,0,0,0.000000,6,0.000000,0.000000,0.087447,0,0,0,0,0,0,0
27,279999,76,270000,0,60000,40,9999,0.100000,0,0,0.000000,6,0.000000,0.000000,0.172756,0,0,0,0,0,0,0
27,279999,77,270000,0,60000,40,9999,0.100000,0,0,0.000000,6,0.000000,0.000000,1.809347,0,0,0,0,0,0,0
27,279999,78,270000,0,60000,40,9999,0.100000,0,0,0.000000,6,0.000000,0.000000,0.929066,0,0,0,0,0,0,0
27,279999,79,270000,0,60000,40,9999,0.100000,0,0,0.000000,6,0.000000,0.000000,0.097657,0,0,0,0,0,0,0
27,279999,80,270000,4,10000,40,9999,0.100000,0,0,0.000000,6,0.000000,0.000000,0.090726,0,0,0,0,0,0,0
27,279999,81,270000,4,10000,40,9999,0.100000,0,0,0.000000,6,0.000000,0.000000,23.837181,0,0,0,0,0,0,0
27,279999,82,270000,72,70000,40,9999,0.100000,0,0,0.000000,6,0.000000,0.000000,0.086202,0,0,0,0,0,0,0
27,279999,83,270000,0,60000,40,9999,0.100000,0,0,0.000000,6,0.000000,0.000000,0.075379,0,0,0,0,0,0,0
27,279999,84,270000,72,150000,40,9999,0.100000,0,0,0.000000,6,0.000000,0.000000,0.611248,0,0,0,0,0,0,0
27,279999,85,270000,0,60000,40,9999,0.100000,0,0,0.000000,6,0.000000,0.000000,0.120682,0,0,0,0,0,0,0
27,279999,86,270000,0,60000,40,9999,0.100000,0,0,0.000000,6,0.000000,0.000000,0.117259,0,0,0,0,0,0,0
27,279999,87,270000,0,60000,49,9999,0.100000,0,0,0.000000,6,2.000000,0.000000,7.040945,0,0,0,0,0,0,0
27,279999,88,270000,4,10000,40,9999,0.100000,0,0,0.000000,6,0.000000,0.000000,0.139709,0,0,0,0,0,0,0
27,279999,89,270000,72,70000,40,9999,0.100000,0,0,0.000000,6,0.000000,0.000000,0.092597,0,0,0,0,0,0,0
27,279999,90,270000,0,60000,40,9999,0.100000,0,0,0.000000,6,0.000000,0.000000,0.464277,0,0,0,0,0,0,0
27,279999,91,270000,72,150000,40,9999,0.100000,0,0,0.000000,6,0.000000,0.000000,0.401343,0,0,0,0,0,0,0
27,279999,92,270000,72,150000,40,9999,0.100000,0,0,0.000000,6,0.000000,0.000000,12.098492,0,0,0,0,0,0,0
27,279999,93,270000,0,40000,49,9999,0.100000,0,0,0.000000,6,5.000000,0.000000,11.346906,0,0,0,0,0,0,0
27,279999,94,270000,4,10000,0,9999,0.100000,0,0,0.000000,6,0.000000,0.000000,0.898006,0,0,0,0,0,0,1
27,279999,95,270000,0,40000,40,9999,0.100000,0,0,0.000000,6,0.000000,0.000000,0.119724,0,0,0,0,0,0,0
27,279999,96,270000,4,10000,40,9999,0.100000,0,0,0.000000,6,0.000000,0.000000,0.097188,0,0,0,0,0,0,0
27,279999,97,270000,20,0,40,9999,0.100000,0,0,0.000000,6,0.000000,0.000000,0.234140,0,0,0,0,0,0,0
27,279999,98,270000,4,10000,40,9999,0.100000,0,0,0.000000,6,0.000000,0.000000,0.605025,0,0,0,0,0,0,0
27,279999,99,270000,72,70000,40,9999,0.100000,0,0,0.000000,6,0.000000,0.000000,0.263869,0,0,0,0,0,0,0
28,289999,0,280000,0,40000,40,9999,0.100000,0,0,0.000000,6,0.000000,0.000000,1.742050,0,0,0,0,0,0,0
28,289999,1,280000,0,40000,49,9999,0.100000,0,0,0.000000,6,1.000000,0.000000,3.599146,0,0,0,0,0,0,0
28,289999,2,280000,72,70000,40,9999,0.100000,0,0,0.000000,6,0.000000,0.000000,2.024020,0,0,0,0,0,0,0
28,289999,3,280000,4,10000,40,9999,0.100000,0,0,0.000000,6,0.000000,0.000000,0.513604,0,0,0,0,0,0,0
28,289999,4,280000,72,70000,40,9999,0.100000,0,0,0.000000,6,0.000000,0.000000,0.389858,0,0,0,0,0,0,0
28,289999,5,280000,0,40000,40,9999,0.100000,0,0,0.000000,6,0.000000,0.000000,0.070542,0,0,0,0,0,0,0
28,289999,6,280000,20,0,40,9999,0.100000,0,0,0.000000,6,0.000000,0.000000,0.143114,0,0,0,0,0,0,0
28,289999,7,280000,4,10000,40,9999,0.100000,0,0,0.000000,6,0.000000,0.000000,0.694276,0,0,0,0,0,0,0
28,289999,8,280000,4,10000,40,9999,0.100000,0,0,0.000000,6,0.000000,0.000000,0.565540,0,0,0,0,0,0,0
28,289999,9,280000,72,150000,40,9999,0.100000,0,0,0.000000,6,0.000000,0.000000,0.130170,0,0,0,0,0,0,0
28,289999,10,280000,20,0,40,9999,0.100000,0,0,0.000000,6,0.000000,0.000000,0.374720,0,0,0,0,0,0,0
28,289999,11,280000,72,150000,40,9999,0.100000,0,0,0.000000,6,0.000000,0.000000,0.180743,0,0,0,0,0,0,0
28,289999,12,280000,0,40000,40,9999,0.100000,0,0,0.000000,6,0.000000,0.000000,0.280376,0,0,0,0,0,0,0
28,289999,13,280000,4,10000,40,9999,0.100000,0,0,0.000000,6,0.000000,0.000000,0.229275,0,0,0,0,0,0,0
28,289999,14,280000,72,150000,40,9999,0.100000,0,0,0.000000,6,0.000000,0.000000,0.151843,0,0,0,0,0,0,0
28,289999,15,280000,4,10000,40,9999,0.100000,0,0,0.000000,6,0.000000,0.000000,1.363595,0,0,0,0,0,0,0
28,289999,16,280000,72,70000,49,9999,0.100000,0,0,0.000000,6,2.000000,0.000000,5.143283,0,0,0,0,0,0,0
28,289999,17,280000,0,40000,40,9999,0.100000,0,0,0.000000,6,0.000000,0.000000,0.094820,0,0,0,0,0,0,0
28,289999,18,280000,72,70000,40,9999,0.100000,0,0,0.000000,6,0.000000,0.000000,0.193409,0,0,0,0,0,0,0
28,289999,19,280000,4,10000,40,9999,0.100000,0,0,0.000000,6,0.000000,0.000000,0.234669,0,0,0,0,0,0,0
28,289999,20,280000,72,70000,40,9999,0.100000,0,0,0.000000,6,0.000000,0.000000,0.441991,0,0,0,0,0,0,0
28,289999,21,280000,20,0,40,9999,0.100000,0,0,0.000000,6,0.000000,0.000000,0.760352,0,0,0,0,0,0,0
28,289999,22,280000,20,0,40,9999,0.100000,0,0,0.000000,6,0.000000,0.000000,0.112512,0,0,0,0,0,0,0
28,289999,23,280000,0,60000,40,9999,0.100000,0,0,0.000000,6,0.000000,0.000000,0.161802,0,0,0,0,0,0,0
28,289999,24,280000,72,70000,40,9999,0.100000,0,0,0.000000,6,0.000000,0.000000,0.254004,0,0,0,0,0,0,0
28,289999,25,280000,0,60000,49,9999,0.100000,0,0,0.000000,6,2.000000,0.000000,9.221550,0,0,0,0,0,0,0
28,289999,26,280000,4,10000,40,9999,0.100000,0,0,0.000000,6,0.000000,0.000000,0.195922,0,0,0,0,0,0,0
28,289999,27,280000,72,150000,40,9999,0.100000,0,0,0.000000,6,0.000000,0.000000,0.112122,0,0,0,0,0,0,0
28,289999,28,280000,72,150000,40,9999,0.100000,0,0,0.000000,6,0.000000,0.000000,0.356133,0,0,0,0,0,0,0
28,289999,29,280000,0,60000,40,9999,0.100000,0,0,0.000000,6,0.000000,0.000000,0.385351,0,0,0,0,0,0,0
28,289999,30,280000,20,0,40,9999,0.100000,0,0,0.000000,6,0.000000,0.000000,0.249442,0,0,0,0,0,0,0
28,289999,31,280000,0,40000,40,9999,0.100000,0,0,0.000000,6,0.000000,0.000000,0.257494,0,0,0,0,0,0,0
28,289999,32,280000,20,0,40,9999,0.100000,0,0,0.000000,6,0.000000,0.000000,0.235330,0,0,0,0,0,0,0
28,289999,33,280000,20,0,40,9999,0.100000,0,0,0.000000,6,0.000000,0.000000,0.242035,0,0,0,0,0,0,0
28,289999,34,280000,20,0,40,9999,0.100000,0,0,0.000000,6,0.000000,0.000000,0.085090,0,0,0,0,0,0,0
28,289999,35,280000,72,70000,40,9999,0.100000,0,0,0.000000,6,0.000000,0.000000,0.256815,0,0,0,0,0,0,0
28,289999,36,280000,20,0,40,9999,0.100000,0,0,0.000000,6,0.000000,0.000000,0.164023,0,0,0,0,0,0,0
28,289999,37,280000,0,40000,40,9999,0.100000,0,0,0.000000,6,0.000000,0.000000,0.086442,0,0,0,0,0,0,0
28,289999,38,280000,0,60000,40,9999,0.100000,0,0,0.000000,6,0.000000,0.000000,0.180919,0,0,0,0,0,0,0
28,289999,39,280000,0,40000,40,9999,0.100000,0,0,0.000000,6,0.000000,0.000000,0.082189,0,0,0,0,0,0,0
28,289999,40,280000,4,10000,49,9999,0.100000,0,0,0.000000,6,3.000000,0.000000,5.843952,0,0,0,0,0,0,0
28,289999,41,280000,0,60000,40,9999,0.100000,0,0,0.000000,6,0.000000,0.000000,0.085374,0,0,0,0,0,0,0
28,289999,42,280000,72,150000,40,9999,0.100000,0,0,0.000000,6,0.000000,0.000000,0.144284,0,0,0,0,0,0,0
28,289999,43,280000,0,40000,40,9999,0.065000,0,0,0.000000,6,0.000000,0.000000,3.502160,0,0,0,0,0,0,0
28,289999,44,280000,0,40000,40,9999,0.100000,0,0,0.000000,6,0.000000,0.000000,0.651307,0,0,0,0,0,0,0
28,289999,45,280000,0,60000,40,9999,0.100000,0,0,0.000000,6,0.000000,0.000000,0.165555,0,0,0,0,0,0,0
28,289999,46,280000,0,60000,40,9999,0.100000,0,0,0.000000,6,0.000000,0.000000,0.242869,0,0,0,0,0,0,0
28,289999,47,280000,72,70000,40,9999,0.100000,0,0,0.000000,6,0.000000,0.000000,0.650285,0,0,0,0,0,0,0
28,289999,48,280000,4,10000,40,9999,0.100000,0,0,0.000000,6,0.000000,0.000000,0.220924,0,0,0,0,0,0,0
28,289999,49,280000,4,10000,40,9999,0.100000,0,0,0.000000,6,0.000000,0.000000,0.429338,0,0,0,0,0,0,0
28,289999,50,280000,20,0,40,9999,0.100000,0,0,0.000000,6,0.000000,0.000000,0.187966,0,0,0,0,0,0,0
28,289999,51,280000,4,10000,40,9999,0.100000,0,0,0.000000,6,0.000000,0.000000,0.505456,0,0,0,0,0,0,0
28,289999,52,280000,20,0,40,9999,0.100000,0,0,0.000000,6,0.000000,0.000000,0.509530,0,0,0,0,0,0,0
28,289999,53,280000,72,70000,40,9999,0.100000,0,0,0.000000,6,0.000000,0.000000,0.132457,0,0,0,0,0,0,0
28,289999,54,280000,72,150000,40,9999,0.100000,0,0,0.000000,6,0.000000,0.000000,0.162085,0,0,0,0,0,0,0
28,289999,55,280000,0,40000,40,9999,0.100000,0,0,0.000000,6,0.000000,0.000000,0.277586,0,0,0,0,0,0,0
28,289999,56,280000,0,40000,40,9999,0.100000,0,0,0.000000,6,0.000000,0.000000,1.671325,0,0,0,0,0,0,0
28,289999,57,280000,0,40000,40,9999,0.100000,0,0,0.000000,6,0.000000,0.000000,0.213675,0,0,0,0,0,0,0
28,289999,58,280000,72,150000,40,9999,0.100000,0,0,0.000000,6,0.000000,0.000000,0.480980,0,0,0,0,0,0,0
28,289999,59,280000,20,0,40,9999,0.100000,0,0,0.000000,6,0.000000,0.000000,0.779325,0,0,0,0,0,0,0
28,289999,60,280000,4,10000,40,9999,0.100000,0,0,0.000000,6,0.000000,0.000000,0.429672,0,0,0,0,0,0,0
28,289999,61,280000,0,60000,40,9999,0.100000,0,0,0.000000,6,0.000000,0.000000,0.224935,0,0,0,0,0,0,0
28,289999,62,280000,72,150000,40,9999,0.100000,0,0,0.000000,6,0.000000,0.000000,0.238421,0,0,0,0,0,0,0
28,289999,63,280000,4,10000,49,9999,0.100000,0,0,0.000000,6,1.000000,0.000000,4.351954,0,0,0,0,0,0,0
28,289999,64,280000,0,60000,40,9999,0.100000,0,0,0.000000,6,0.000000,0.000000,0.670580,0,0,0,0,0,0,0
28,289999,65,280000,20,0,40,9999,0.100000,0,0,0.000000,6,0.000000,0.000000,0.417977,0,0,0,0,0,0,0
28,289999,66,280000,4,10000,40,9999,0.100000,0,0,0.000000,6,0.000000,0.000000,0.357498,0,0,0,0,0,0,0
28,289999,67,280000,20,0,40,9999,0.100000,0,0,0.000000,6,0.000000,0.000000,0.407184,0,0,0,0,0,0,0
28,289999,68,280000,72,70000,40,9999,0.100000,0,0,0.000000,6,0.000000,0.000000,3.240927,0,0,0,0,0,0,0
28,289999,69,280000,4,10000,40,9999,0.100000,0,0,0.000000,6,0.000000,0.000000,21.279705,0,0,0,0,0,0,0
28,289999,70,280000,4,10000,40,9999,0.100000,0,0,0.000000,6,0.000000,0.000000,0.100354,0,0,0,0,0,0,0
28,289999,71,280000,72,150000,40,9999,0.100000,0,0,0.000000,6,0.000000,0.000000,0.265653,0,0,0,0,0,0,0
28,289999,72,280000,0,60000,40,9999,0.100000,0,0,0.000000,6,0.000000,0.000000,0.224146,0,0,0,0,0,0,0
28,289999,73,280000,0,40000,40,9999,0.100000,0,0,0.000000,6,0.000000,0.000000,0.332671,0,0,0,0,0,0,0
28,289999,74,280000,20,0,40,9999,0.100000,0,0,0.000000,6,0.000000,0.000000,0.307738,0,0,0,0,0,0,0
28,289999,75,280000,0,60000,40,9999,0.100000,0,0,0.000000,6,0.000000,0.000000,0.087247,0,0,0,0,0,0,0
28,289999,76,280000,4,10000,40,9999,0.100000,0,0,0.000000,6,0.000000,0.000000,0.187855,0,0,0,0,0,0,0
28,289999,77,280000,72,150000,40,9999,0.100000,0,0,0.000000,6,0.000000,0.000000,0.256283,0,0,0,0,0,0,0
28,289999,78,280000,0,40000,40,9999,0.100000,0,0,0.000000,6,0.000000,0.000000,0.334495,0,0,0,0,0,0,0
28,289999,79,280000,0,40000,40,9999,0.100000,0,0,0.000000,6,0.000000,0.000000,0.167134,0,0,0,0,0,0,0
28,289999,80,280000,0,60000,40,9999,0.100000,0,0,0.000000,6,0.000000,0.000000,0.051813,0,0,0,0,0,0,0
28,289999,81,280000,72,150000,40,9999,0.100000,0,0,0.000000,6,0.000000,0.000000,24.002220,0,0,0,0,0,0,0
28,289999,82,280000,72,70000,40,9999,0.100000,0,0,0.000000,6,0.000000,0.000000,0.084914,0,0,0,0,0,0,0
28,289999,83,280000,0,40000,40,9999,0.100000,0,0,0.000000,6,0.000000,0.000000,0.075931,0,0,0,0,0,0,0
28,289999,84,280000,20,0,40,9999,0.100000,0,0,0.000000,6,0.000000,0.000000,0.609376,0,0,0,0,0,0,0
28,289999,85,280000,72,70000,40,9999,0.100000,0,0,0.000000,6,0.000000,0.000000,0.088553,0,0,0,0,0,0,0
28,289999,86,280000,72,150000,40,9999,0.100000,0,0,0.000000,6,0.000000,0.000000,0.114366,0,0,0,0,0,0,0
28,289999,87,280000,0,40000,40,9999,0.100000,0,0,0.000000,6,0.000000,0.000000,0.822861,0,0,0,0,0,0,0
28,289999,88,280000,0,60000,40,9999,0.100000,0,0,0.000000,6,0.000000,0.000000,0.380982,0,0,0,0,0,0,0
28,289999,89,280000,0,60000,40,9999,0.100000,0,0,0.000000,6,0.000000,0.000000,0.091813,0,0,0,0,0,0,0
28,289999,90,280000,72,70000,40,9999,0.100000,0,0,0.000000,6,0.000000,0.000000,0.505054,0,0,0,0,0,0,0
28,289999,91,280000,72,70000,40,9999,0.100000,0,0,0.000000,6,0.000000,0.000000,0.379887,0,0,0,0,0,0,0
28,289999,92,280000,0,60000,40,9999,0.100000,0,0,0.000000,6,0.000000,0.000000,0.988197,0,0,0,0,0,0,0
28,289999,93,280000,4,10000,40,9999,0.100000,0,0,0.000000,6,0.000000,0.000000,0.077993,0,0,0,0,0,0,0
28,289999,94,280000,4,10000,40,9999,0.100000,0,0,0.000000,6,0.000000,0.000000,0.997199,0,0,0,0,0,0,0
28,289999,95,280000,0,40000,40,9999,0.100000,0,0,0.000000,6,0.000000,0.000000,0.074490,0,0,0,0,0,0,0
28,289999,96,280000,0,60000,40,9999,0.100000,0,0,0.000000,6,0.000000,0.000000,0.101344,0,0,0,0,0,0,0
28,289999,97,280000,20,0,40,9999,0.100000,0,0,0.000000,6,0.000000,0.000000,0.220358,0,0,0,0,0,0,0
28,289999,98,280000,0,60000,40,9999,0.100000,0,0,0.000000,6,0.000000,0.000000,0.353392,0,0,0,0,0,0,0
28,289999,99,280000,20,0,40,9999,0.100000,0,0,0.000000,6,0.000000,0.000000,0.128436,0,0,0,0,0,0,0
29,299999,0,290000,4,10000,40,9999,0.100000,0,0,0.000000,6,0.000000,0.000000,1.035111,0,0,0,0,0,0,0
29,299999,1,290000,4,10000,40,9999,0.100000,0,0,0.000000,6,0.000000,0.000000,6.941269,0,0,0,0,0,0,0
29,299999,2,290000,4,10000,40,9999,0.100000,0,0,0.000000,6,0.000000,0.000000,2.700151,0,0,0,0,0,0,0
29,299999,3,290000,0,40000,40,9999,0.100000,0,0,0.000000,6,0.000000,0.000000,0.498126,0,0,0,0,0,0,0
29,299999,4,290000,0,60000,40,9999,0.100000,0,0,0.000000,6,0.000000,0.000000,0.391203,0,0,0,0,0,0,0
29,299999,5,290000,20,0,40,9999,0.100000,0,0,0.000000,6,0.000000,0.000000,0.076440,0,0,0,0,0,0,0
29,299999,6,290000,72,70000,40,9999,0.100000,0,0,0.000000,6,0.000000,0.000000,0.149620,0,0,0,0,0,0,0
29,299999,7,290000,20,0,40,9999,0.100000,0,0,0.000000,6,0.000000,0.000000,0.240295,0,0,0,0,0,0,0
29,299999,8,290000,4,10000,40,9999,0.100000,0,0,0.000000,6,0.000000,0.000000,0.497966,0,0,0,0,0,0,0
29,299999,9,290000,72,70000,40,9999,0.100000,0,0,0.000000,6,0.000000,0.000000,0.127690,0,0,0,0,0,0,0
29,299999,10,290000,72,70000,40,9999,0.100000,0,0,0.000000,6,0.000000,0.000000,0.389021,0,0,0,0,0,0,0
29,299999,11,290000,0,40000,40,9999,0.100000,0,0,0.000000,6,0.000000,0.000000,0.197284,0,0,0,0,0,0,0
29,299999,12,290000,0,40000,40,9999,0.100000,0,0,0.000000,6,0.000000,0.000000,0.282082,0,0,0,0,0,0,0
29,299999,13,290000,0,60000,40,9999,0.100000,0,0,0.000000,6,0.000000,0.000000,0.226779,0,0,0,0,0,0,0
29,299999,14,290000,0,40000,40,9999,0.100000,0,0,0.000000,6,0.000000,0.000000,0.139914,0,0,0,0,0,0,0
29,299999,15,290000,72,70000,40,9999,0.100000,0,0,0.000000,6,0.000000,0.000000,1.351509,0,0,0,0,0,0,0
29,299999,16,290000,0,40000,49,9999,0.100000,0,0,0.000000,6,1.000000,0.000000,2.619458,0,0,0,0,0,0,0
29,299999,17,290000,72,150000,40,9999,0.100000,0,0,0.000000,6,0.000000,0.000000,0.094167,0,0,0,0,0,0,0
29,299999,18,290000,20,0,40,9999,0.100000,0,0,0.000000,6,0.000000,0.000000,0.198427,0,0,0,0,0,0,0
29,299999,19,290000,0,60000,40,9999,0.100000,0,0,0.000000,6,0.000000,0.000000,0.232431,0,0,0,0,0,0,0
29,299999,20,290000,72,150000,40,9999,0.100000,0,0,0.000000,6,0.000000,0.000000,0.398317,0,0,0,0,0,0,0
29,299999,21,290000,20,0,40,9999,0.100000,0,0,0.000000,6,0.000000,0.000000,1.012184,0,0,0,0,0,0,0
29,299999,22,290000,0,40000,40,9999,0.100000,0,0,0.000000,6,0.000000,0.000000,0.108371,0,0,0,0,0,0,0
29,299999,23,290000,0,40000,40,9999,0.100000,0,0,0.000000,6,0.000000,0.000000,0.300998,0,0,0,0,0,0,0
29,299999,24,290000,72,150000,40,9999,0.100000,0,0,0.000000,6,0.000000,0.000000,0.260985,0,0,0,0,0,0,0
29,299999,25,290000,4,10000,40,9999,0.100000,0,0,0.000000,6,0.000000,0.000000,1.440042,0,0,0,0,0,0,0
29,299999,26,290000,4,10000,40,9999,0.100000,0,0,0.000000,6,0.000000,0.000000,0.565468,0,0,0,0,0,0,0
29,299999,27,290000,4,10000,40,9999,0.100000,0,0,0.000000,6,0.000000,0.000000,0.115625,0,0,0,0,0,0,0
29,299999,28,290000,20,0,49,9999,0.100000,0,0,0.000000,6,1.000000,0.000000,1.251409,0,0,0,0,0,0,0
29,299999,29,290000,4,10000,40,9999,0.100000,0,0,0.000000,6,0.000000,0.000000,0.384128,0,0,0,0,0,0,0
29,299999,30,290000,72,150000,40,9999,0.100000,0,0,0.000000,6,0.000000,0.000000,0.236969,0,0,0,0,0,0,0
29,299999,31,290000,72,150000,40,9999,0.100000,0,0,0.000000,6,0.000000,0.000000,0.661944,0,0,0,0,0,0,0
29,299999,32,290000,72,70000,40,9999,0.100000,0,0,0.000000,6,0.000000,0.000000,0.242726,0,0,0,0,0,0,0
29,299999,33,290000,72,150000,40,9999,0.100000,0,0,0.000000,6,0.000000,0.000000,0.247277,0,0,0,0,0,0,0
29,299999,34,290000,0,60000,40,9999,0.100000,0,0,0.000000,6,0.000000,0.000000,0.085572,0,0,0,0,0,0,0
29,299999,35,290000,20,0,40,9999,0.100000,0,0,0.000000,6,0.000000,0.000000,0.577667,0,0,0,0,0,0,0
29,299999,36,290000,0,40000,40,9999,0.100000,0,0,0.000000,6,0.000000,0.000000,0.476649,0,0,0,0,0,0,0
29,299999,37,290000,0,60000,40,9999,0.100000,0,0,0.000000,6,0.000000,0.000000,0.089126,0,0,0,0,0,0,0
29,299999,38,290000,0,40000,40,9999,0.100000,0,0,0.000000,6,0.000000,0.000000,0.178758,0,0,0,0,0,0,0
29,299999,39,290000,72,150000,40,9999,0.100000,0,0,0.000000,6,0.000000,0.000000,0.083956,0,0,0,0,0,0,0
29,299999,40,290000,0,60000,40,9999,0.100000,0,0,0.000000,6,0.000000,0.000000,3.223592,0,0,0,0,0,0,0
29,299999,41,290000,72,150000,40,9999,0.100000,0,0,0.000000,6,0.000000,0.000000,0.086548,0,0,0,0,0,0,0
29,299999,42,290000,0,60000,40,9999,0.100000,0,0,0.000000,6,0.000000,0.000000,0.430328,0,0,0,0,0,0,0
29,299999,43,290000,72,70000,40,9999,0.100000,0,0,0.000000,6,0.000000,0.000000,1.121631,0,0,0,0,0,0,0
29,299999,44,290000,4,10000,49,9999,0.100000,0,0,0.000000,6,1.000000,0.000000,1.477488,0,0,0,0,0,0,0
29,299999,45,290000,4,10000,40,9999,0.100000,0,0,0.000000,6,0.000000,0.000000,0.161836,0,0,0,0,0,0,0
29,299999,46,290000,72,70000,40,9999,0.100000,0,0,0.000000,6,0.000000,0.000000,0.242222,0,0,0,0,0,0,0
29,299999,47,290000,72,150000,40,9999,0.100000,0,0,0.000000,6,0.000000,0.000000,0.415505,0,0,0,0,0,0,0
29,299999,48,290000,72,70000,40,9999,0.100000,0,0,0.000000,6,0.000000,0.000000,0.222947,0,0,0,0,0,0,0
29,299999,49,290000,72,70000,49,9999,0.100000,0,0,0.000000,6,1.000000,0.000000,1.319741,0,0,0,0,0,0,0
29,299999,50,290000,20,0,40,9999,0.100000,0,0,0.000000,6,0.000000,0.000000,0.179460,0,0,0,0,0,0,0
29,299999,51,290000,4,10000,40,9999,0.100000,0,0,0.000000,6,0.000000,0.000000,0.149056,0,0,0,0,0,0,0
29,299999,52,290000,72,150000,49,9999,0.100000,0,0,0.000000,6,7.000000,0.000000,16.258622,0,0,0,0,0,0,0
29,299999,53,290000,20,0,40,9999,0.100000,0,0,0.000000,6,0.000000,0.000000,0.134740,0,0,0,0,0,0,0
29,299999,54,290000,0,40000,40,9999,0.100000,0,0,0.000000,6,0.000000,0.000000,0.232323,0,0,0,0,0,0,0
29,299999,55,290000,0,40000,40,9999,0.100000,0,0,0.000000,6,0.000000,0.000000,0.604236,0,0,0,0,0,0,0
29,299999,56,290000,0,60000,40,9999,0.100000,0,0,0.000000,6,0.000000,0.000000,2.331357,0,0,0,0,0,0,0
29,299999,57,290000,0,60000,40,9999,0.100000,0,0,0.000000,6,0.000000,0.000000,0.208136,0,0,0,0,0,0,0
29,299999,58,290000,20,0,40,9999,0.100000,0,0,0.000000,6,0.000000,0.000000,0.472159,0,0,0,0,0,0,0
29,299999,59,290000,0,40000,40,9999,0.100000,0,0,0.000000,6,0.000000,0.000000,0.951103,0,0,0,0,0,0,0
29,299999,60,290000,72,70000,49,9999,0.100000,0,0,0.000000,6,1.000000,0.000000,1.288821,0,0,0,0,0,0,0
29,299999,61,290000,0,40000,40,9999,0.100000,0,0,0.000000,6,0.000000,0.000000,0.287680,0,0,0,0,0,0,0
29,299999,62,290000,0,40000,40,9999,0.100000,0,0,0.000000,6,0.000000,0.000000,0.248366,0,0,0,0,0,0,0
29,299999,63,290000,72,150000,40,9999,0.100000,0,0,0.000000,6,0.000000,0.000000,5.675336,0,0,0,0,0,0,0
29,299999,64,290000,72,70000,40,9999,0.100000,0,0,0.000000,6,0.000000,0.000000,0.688597,0,0,0,0,0,0,0
29,299999,65,290000,20,0,40,9999,0.100000,0,0,0.000000,6,0.000000,0.000000,0.430154,0,0,0,0,0,0,0
29,299999,66,290000,4,10000,40,9999,0.100000,0,0,0.000000,6,0.000000,0.000000,0.251986,0,0,0,0,0,0,0
29,299999,67,290000,0,60000,40,9999,0.100000,0,0,0.000000,6,0.000000,0.000000,0.374335,0,0,0,0,0,0,0
29,299999,68,290000,0,60000,40,9999,0.100000,0,0,0.000000,6,0.000000,0.000000,2.965362,0,0,0,0,0,0,0
29,299999,69,290000,72,150000,40,9999,0.100000,0,0,0.000000,6,0.000000,0.000000,21.251758,0,0,0,0,0,0,0
29,299999,70,290000,72,70000,40,9999,0.100000,0,0,0.000000,6,0.000000,0.000000,0.083387,0,0,0,0,0,0,0
29,299999,71,290000,72,70000,40,9999,0.100000,0,0,0.000000,6,0.000000,0.000000,0.253813,0,0,0,0,0,0,0
29,299999,72,290000,0,60000,40,9999,0.100000,0,0,0.000000,6,0.000000,0.000000,0.226175,0,0,0,0,0,0,0
29,299999,73,290000,72,70000,40,9999,0.100000,0,0,0.000000,6,0.000000,0.000000,0.296053,0,0,0,0,0,0,0
29,299999,74,290000,72,150000,40,9999,0.100000,0,0,0.000000,6,0.000000,0.000000,0.315981,0,0,0,0,0,0,0
29,299999,75,290000,0,40000,40,9999,0.100000,0,0,0.000000,6,0.000000,0.000000,0.087464,0,0,0,0,0,0,0
29,299999,76,290000,72,150000,40,9999,0.100000,0,0,0.000000,6,0.000000,0.000000,0.188318,0,0,0,0,0,0,0
29,299999,77,290000,20,0,40,9999,0.100000,0,0,0.000000,6,0.000000,0.000000,0.265630,0,0,0,0,0,0,0
29,299999,78,290000,0,60000,40,9999,0.100000,0,0,0.000000,6,0.000000,0.000000,0.201911,0,0,0,0,0,0,0
29,299999,79,290000,4,10000,40,9999,0.100000,0,0,0.000000,6,0.000000,0.000000,0.115251,0,0,0,0,0,0,0
29,299999,80,290000,0,40000,40,9999,0.100000,0,0,0.000000,6,0.000000,0.000000,0.052727,0,0,0,0,0,0,0
29,299999,81,290000,0,60000,40,9999,0.100000,0,0,0.000000,6,0.000000,0.000000,23.919112,0,0,0,0,0,0,0
29,299999,82,290000,20,0,40,9999,0.100000,0,0,0.000000,6,0.000000,0.000000,0.081889,0,0,0,0,0,0,0
29,299999,83,290000,4,10000,40,9999,0.100000,0,0,0.000000,6,0.000000,0.000000,1.076576,0,0,0,0,0,0,0
29,299999,84,290000,0,40000,40,9999,0.100000,0,0,0.000000,6,0.000000,0.000000,0.622806,0,0,0,0,0,0,0
29,299999,85,290000,0,40000,40,9999,0.100000,0,0,0.000000,6,0.000000,0.000000,0.158992,0,0,0,0,0,0,0
29,299999,86,290000,0,60000,40,9999,0.100000,0,0,0.000000,6,0.000000,0.000000,0.115542,0,0,0,0,0,0,0
29,299999,87,290000,72,70000,40,9999,0.100000,0,0,0.000000,6,0.000000,0.000000,1.033629,0,0,0,0,0,0,0
29,299999,88,290000,0,60000,40,9999,0.100000,0,0,0.000000,6,0.000000,0.000000,0.290934,0,0,0,0,0,0,0
29,299999,89,290000,0,60000,40,9999,0.100000,0,0,0.000000,6,0.000000,0.000000,0.093196,0,0,0,0,0,0,0
29,299999,90,290000,0,60000,40,9999,0.100000,0,0,0.000000,6,0.000000,0.000000,0.599649,0,0,0,0,0,0,0
29,299999,91,290000,20,0,40,9999,0.100000,0,0,0.000000,6,0.000000,0.000000,0.377030,0,0,0,0,0,0,0
29,299999,92,290000,72,150000,40,9999,0.100000,0,0,0.000000,6,0.000000,0.000000,0.636846,0,0,0,0,0,0,0
29,299999,93,290000,20,0,40,9999,0.100000,0,0,0.000000,6,0.000000,0.000000,0.072542,0,0,0,0,0,0,0
29,299999,94,290000,20,0,40,9999,0.100000,0,0,0.000000,6,0.000000,0.000000,0.958146,0,0,0,0,0,0,0
29,299999,95,290000,20,0,40,9999,0.100000,0,0,0.000000,6,0.000000,0.000000,0.084708,0,0,0,0,0,0,0
29,299999,96,290000,72,150000,40,9999,0.100000,0,0,0.000000,6,0.000000,0.000000,0.103940,0,0,0,0,0,0,0
29,299999,97,290000,0,60000,40,9999,0.100000,0,0,0.000000,6,0.000000,0.000000,0.230074,0,0,0,0,0,0,0
29,299999,98,290000,72,70000,49,9999,0.100000,0,0,0.000000,6,1.000000,0.000000,1.225824,0,0,0,0,0,0,0
29,299999,99,290000,72,150000,40,9999,0.100000,0,0,0.000000,6,0.000000,0.000000,0.148826,0,0,0,0,0,0,0
30,309999,0,300000,4,10000,40,9999,0.100000,0,0,0.000000,6,0.000000,0.000000,0.560919,0,0,0,0,0,0,0
30,309999,1,300000,72,70000,40,9999,0.100000,0,0,0.000000,6,0.000000,0.000000,0.179446,0,0,0,0,0,0,0
30,309999,2,300000,0,40000,40,9999,0.100000,0,0,0.000000,6,0.000000,0.000000,1.724040,0,0,0,0,0,0,0
30,309999,3,300000,4,10000,40,9999,0.100000,0,0,0.000000,6,0.000000,0.000000,0.426844,0,0,0,0,0,0,0
30,309999,4,300000,72,150000,40,9999,0.100000,0,0,0.000000,6,0.000000,0.000000,0.385512,0,0,0,0,0,0,0
30,309999,5,300000,72,70000,40,9999,0.100000,0,0,0.000000,6,0.000000,0.000000,0.091270,0,0,0,0,0,0,0
30,309999,6,300000,72,70000,40,9999,0.100000,0,0,0.000000,6,0.000000,0.000000,0.147909,0,0,0,0,0,0,0
30,309999,7,300000,0,60000,40,9999,0.100000,0,0,0.000000,6,0.000000,0.000000,0.181975,0,0,0,0,0,0,0
30,309999,8,300000,20,0,40,9999,0.100000,0,0,0.000000,6,0.000000,0.000000,0.501736,0,0,0,0,0,0,0
30,309999,9,300000,72,70000,40,9999,0.100000,0,0,0.000000,6,0.000000,0.000000,0.130953,0,0,0,0,0,0,0
30,309999,10,300000,72,70000,40,9999,0.100000,0,0,0.000000,6,0.000000,0.000000,0.389950,0,0,0,0,0,0,0
30,309999,11,300000,0,60000,40,9999,0.100000,0,0,0.000000,6,0.000000,0.000000,0.180900,0,0,0,0,0,0,0
30,309999,12,300000,4,10000,40,9999,0.100000,0,0,0.000000,6,0.000000,0.000000,0.284784,0,0,0,0,0,0,0
30,309999,13,300000,4,10000,40,9999,0.100000,0,0,0.000000,6,0.000000,0.000000,0.253320,0,0,0,0,0,0,0
30,309999,14,300000,0,40000,40,9999,0.100000,0,0,0.000000,6,0.000000,0.000000,0.175755,0,0,0,0,0,0,0
30,309999,15,300000,72,150000,40,9999,0.100000,0,0,0.000000,6,0.000000,0.000000,0.862652,0,0,0,0,0,0,0
30,309999,16,300000,72,70000,40,9999,0.100000,0,0,0.000000,6,0.000000,0.000000,3.175443,0,0,0,0,0,0,0
30,309999,17,300000,0,60000,40,9999,0.100000,0,0,0.000000,6,0.000000,0.000000,0.094797,0,0,0,0,0,0,0
30,309999,18,300000,20,0,40,9999,0.100000,0,0,0.000000,6,0.000000,0.000000,0.236551,0,0,0,0,0,0,0
30,309999,19,300000,20,0,40,9999,0.100000,0,0,0.000000,6,0.000000,0.000000,0.232736,0,0,0,0,0,0,0
30,309999,20,300000,0,40000,40,9999,0.100000,0,0,0.000000,6,0.000000,0.000000,0.299725,0,0,0,0,0,0,0
30,309999,21,300000,4,10000,40,9999,0.100000,0,0,0.000000,6,0.000000,0.000000,0.743172,0,0,0,0,0,0,0
30,309999,22,300000,72,150000,40,9999,0.100000,0,0,0.000000,6,0.000000,0.000000,0.364144,0,0,0,0,0,0,0
30,309999,23,300000,72,150000,49,9999,0.100000,0,0,0.000000,6,1.000000,0.000000,3.093005,0,0,0,0,0,0,0
30,309999,24,300000,0,40000,40,9999,0.100000,0,0,0.000000,6,0.000000,0.000000,0.255561,0,0,0,0,0,0,0
30,309999,25,300000,72,70000,49,9999,0.100000,0,0,0.000000,6,2.000000,0.000000,9.837349,0,0,0,0,0,0,0
30,309999,26,300000,72,70000,40,9999,0.100000,0,0,0.000000,6,0.000000,0.000000,0.604647,0,0,0,0,0,0,0
30,309999,27,300000,0,60000,40,9999,0.100000,0,0,0.000000,6,0.000000,0.000000,0.134041,0,0,0,0,0,0,0
30,309999,28,300000,0,40000,40,9999,0.100000,0,0,0.000000,6,0.000000,0.000000,3.252412,0,0,0,0,0,0,0
30,309999,29,300000,4,10000,40,9999,0.100000,0,0,0.000000,6,0.000000,0.000000,0.381819,0,0,0,0,0,0,0
30,309999,30,300000,4,10000,40,9999,0.100000,0,0,0.000000,6,0.000000,0.000000,0.228003,0,0,0,0,0,0,0
30,309999,31,300000,0,40000,40,9999,0.100000,0,0,0.000000,6,0.000000,0.000000,1.784065,0,0,0,0,0,0,0
30,309999,32,300000,20,0,40,9999,0.100000,0,0,0.000000,6,0.000000,0.000000,0.231831,0,0,0,0,0,0,0
30,309999,33,300000,72,150000,40,9999,0.100000,0,0,0.000000,6,0.000000,0.000000,0.252241,0,0,0,0,0,0,0
30,309999,34,300000,72,70000,40,9999,0.100000,0,0,0.000000,6,0.000000,0.000000,0.085840,0,0,0,0,0,0,0
30,309999,35,300000,20,0,40,9999,0.100000,0,0,0.000000,6,0.000000,0.000000,1.085896,0,0,0,0,0,0,0
30,309999,36,300000,20,0,40,9999,0.100000,0,0,0.000000,6,0.000000,0.000000,0.524117,0,0,0,0,0,0,0
30,309999,37,300000,72,70000,40,9999,0.100000,0,0,0.000000,6,0.000000,0.000000,0.095358,0,0,0,0,0,0,0
30,309999,38,300000,72,70000,40,9999,0.100000,0,0,0.000000,6,0.000000,0.000000,0.162826,0,0,0,0,0,0,0
30,309999,39,300000,4,10000,40,9999,0.100000,0,0,0.000000,6,0.000000,0.000000,0.084425,0,0,0,0,0,0,0
30,309999,40,300000,72,70000,40,9999,0.100000,0,0,0.000000,6,0.000000,0.000000,3.281601,0,0,0,0,0,0,0
30,309999,41,300000,0,60000,40,9999,0.100000,0,0,0.000000,6,0.000000,0.000000,0.086648,0,0,0,0,0,0,0
30,309999,42,300000,4,10000,40,9999,0.100000,0,0,0.000000,6,0.000000,0.000000,0.457483,0,0,0,0,0,0,0
30,309999,43,300000,72,150000,40,9999,0.100000,0,0,0.000000,6,0.000000,0.000000,0.640072,0,0,0,0,0,0,0
30,309999,44,300000,0,60000,40,9999,0.100000,0,0,0.000000,6,0.000000,0.000000,1.914040,0,0,0,0,0,0,0
30,309999,45,300000,72,70000,40,9999,0.100000,0,0,0.000000,6,0.000000,0.000000,0.171978,0,0,0,0,0,0,0
30,309999,46,300000,72,150000,40,9999,0.100000,0,0,0.000000,6,0.000000,0.000000,0.243291,0,0,0,0,0,0,0
30,309999,47,300000,0,60000,40,9999,0.100000,0,0,0.000000,6,0.000000,0.000000,0.434826,0,0,0,0,0,0,0
30,309999,48,300000,72,70000,40,9999,0.100000,0,0,0.000000,6,0.000000,0.000000,0.220287,0,0,0,0,0,0,0
30,309999,49,300000,72,150000,40,9999,0.100000,0,0,0.000000,6,0.000000,0.000000,0.840844,0,0,0,0,0,0,0
30,309999,50,300000,72,70000,40,9999,0.100000,0,0,0.000000,6,0.000000,0.000000,0.166564,0,0,0,0,0,0,0
30,309999,51,300000,0,60000,40,9999,0.100000,0,0,0.000000,6,0.000000,0.000000,0.881972,0,0,0,0,0,0,0
30,309999,52,300000,72,150000,40,9999,0.100000,0,0,0.000000,6,0.000000,0.000000,0.332547,0,0,0,0,0,0,0
30,309999,53,300000,4,10000,40,9999,0.100000,0,0,0.000000,6,0.000000,0.000000,0.137342,0,0,0,0,0,0,0
30,309999,54,300000,72,150000,40,9999,0.100000,0,0,0.000000,6,0.000000,0.000000,0.247155,0,0,0,0,0,0,0
30,309999,55,300000,4,10000,40,9999,0.100000,0,0,0.000000,6,0.000000,0.000000,0.633493,0,0,0,0,0,0,0
30,309999,56,300000,0,60000,40,9999,0.100000,0,0,0.000000,6,0.000000,0.000000,2.414114,0,0,0,0,0,0,0
30,309999,57,300000,4,10000,49,9999,0.100000,0,0,0.000000,6,5.000000,0.000000,11.852678,0,0,0,0,0,0,0
30,309999,58,300000,0,60000,40,9999,0.100000,0,0,0.000000,6,0.000000,0.000000,0.472052,0,0,0,0,0,0,0
30,309999,59,300000,4,10000,40,9999,0.100000,0,0,0.000000,6,0.000000,0.000000,0.784379,0,0,0,0,0,0,0
30,309999,60,300000,0,40000,40,9999,0.100000,0,0,0.000000,6,0.000000,0.000000,1.147467,0,0,0,0,0,0,0
30,309999,61,300000,0,40000,40,9999,0.100000,0,0,0.000000,6,0.000000,0.000000,0.489475,0,0,0,0,0,0,0
30,309999,62,300000,72,70000,40,9999,0.135000,0,0,0.000000,6,0.000000,0.000000,0.235199,0,0,0,0,0,0,0
30,309999,63,300000,72,150000,40,9999,0.100000,0,0,0.000000,6,0.000000,0.000000,6.040979,0,0,0,0,0,0,0
30,309999,64,300000,0,40000,49,9999,0.100000,0,0,0.000000,6,1.000000,0.000000,3.869318,0,0,0,0,0,0,0
30,309999,65,300000,0,60000,40,9999,0.100000,0,0,0.000000,6,0.000000,0.000000,0.414811,0,0,0,0,0,0,0
30,309999,66,300000,20,0,40,9999,0.100000,0,0,0.000000,6,0.000000,0.000000,0.231538,0,0,0,0,0,0,0
30,309999,67,300000,72,70000,40,9999,0.100000,0,0,0.000000,6,0.000000,0.000000,0.495239,0,0,0,0,0,0,0
30,309999,68,300000,72,70000,40,9999,0.100000,0,0,0.000000,6,0.000000,0.000000,3.194083,0,0,0,0,0,0,0
30,309999,69,300000,72,150000,40,9999,0.100000,0,0,0.000000,6,0.000000,0.000000,21.094904,0,0,0,0,0,0,0
30,309999,70,300000,72,70000,40,9999,0.100000,0,0,0.000000,6,0.000000,0.000000,0.093878,0,0,0,0,0,0,0
30,309999,71,300000,72,70000,40,9999,0.100000,0,0,0.000000,6,0.000000,0.000000,0.259927,0,0,0,0,0,0,0
30,309999,72,300000,72,70000,40,9999,0.100000,0,0,0.000000,6,0.000000,0.000000,0.220136,0,0,0,0,0,0,0
30,309999,73,300000,0,60000,40,9999,0.100000,0,0,0.000000,6,0.000000,0.000000,0.251416,0,0,0,0,0,0,0
30,309999,74,300000,0,40000,40,9999,0.100000,0,0,0.000000,6,0.000000,0.000000,0.313650,0,0,0,0,0,0,0
30,309999,75,300000,72,150000,40,9999,0.100000,0,0,0.000000,6,0.000000,0.000000,0.086947,0,0,0,0,0,0,0
30,309999,76,300000,4,10000,40,9999,0.100000,0,0,0.000000,6,0.000000,0.000000,0.209718,0,0,0,0,0,0,0
30,309999,77,300000,4,10000,40,9999,0.100000,0,0,0.000000,6,0.000000,0.000000,0.295243,0,0,0,0,0,0,0
30,309999,78,300000,4,10000,40,9999,0.100000,0,0,0.000000,6,0.000000,0.000000,0.200171,0,0,0,0,0,0,0
30,309999,79,300000,72,150000,40,9999,0.100000,0,0,0.000000,6,0.000000,0.000000,0.104724,0,0,0,0,0,0,0
30,309999,80,300000,0,40000,40,9999,0.100000,0,0,0.000000,6,0.000000,0.000000,0.058219,0,0,0,0,0,0,0
30,309999,81,300000,0,40000,40,9999,0.100000,0,0,0.000000,6,0.000000,0.000000,23.926514,0,0,0,0,0,0,0
30,309999,82,300000,20,0,40,9999,0.100000,0,0,0.000000,6,0.000000,0.000000,0.081843,0,0,0,0,0,0,0
30,309999,83,300000,0,40000,40,9999,0.100000,0,0,0.000000,6,0.000000,0.000000,0.073995,0,0,0,0,0,0,0
30,309999,84,300000,0,60000,40,9999,0.100000,0,0,0.000000,6,0.000000,0.000000,0.610170,0,0,0,0,0,0,0
30,309999,85,300000,20,0,40,9999,0.100000,0,0,0.000000,6,0.000000,0.000000,0.161356,0,0,0,0,0,0,0
30,309999,86,300000,4,10000,40,9999,0.100000,0,0,0.000000,6,0.000000,0.000000,0.114257,0,0,0,0,0,0,0
30,309999,87,300000,0,40000,40,9999,0.100000,0,0,0.000000,6,0.000000,0.000000,1.046902,0,0,0,0,0,0,0
30,309999,88,300000,72,70000,40,9999,0.100000,0,0,0.000000,6,0.000000,0.000000,0.548609,0,0,0,0,0,0,0
30,309999,89,300000,0,40000,40,9999,0.100000,0,0,0.000000,6,0.000000,0.000000,0.096796,0,0,0,0,0,0,0
30,309999,90,300000,0,40000,40,9999,0.100000,0,0,0.000000,6,0.000000,0.000000,0.609205,0,0,0,0,0,0,0
30,309999,91,300000,72,70000,40,9999,0.100000,0,0,0.000000,6,0.000000,0.000000,0.394833,0,0,0,0,0,0,0
30,309999,92,300000,72,150000,40,9999,0.100000,0,0,0.000000,6,0.000000,0.000000,0.341076,0,0,0,0,0,0,0
30,309999,93,300000,72,70000,40,9999,0.100000,0,0,0.000000,6,0.000000,0.000000,0.078159,0,0,0,0,0,0,0
30,309999,94,300000,4,10000,40,9999,0.100000,0,0,0.000000,6,0.000000,0.000000,0.576650,0,0,0,0,0,0,0
30,309999,95,300000,72,70000,40,9999,0.100000,0,0,0.000000,6,0.000000,0.000000,0.099957,0,0,0,0,0,0,0
30,309999,96,300000,20,0,40,9999,0.100000,0,0,0.000000,6,0.000000,0.000000,0.096139,0,0,0,0,0,0,0
30,309999,97,300000,0,60000,40,9999,0.100000,0,0,0.000000,6,0.000000,0.000000,0.247845,0,0,0,0,0,0,0
30,309999,98,300000,72,70000,40,9999,0.100000,0,0,0.000000,6,0.000000,0.000000,1.176421,0,0,0,0,0,0,0
30,309999,99,300000,72,70000,40,9999,0.100000,0,0,0.000000,6,0.000000,0.000000,0.150361,0,0,0,0,0,0,0
31,319999,0,310000,20,0,40,9999,0.100000,0,0,0.000000,6,0.000000,0.000000,0.597687,0,0,0,0,0,0,0
31,319999,1,310000,20,0,40,9999,0.100000,0,0,0.000000,6,0.000000,0.000000,0.177572,0,0,0,0,0,0,0
31,319999,2,310000,0,60000,40,9999,0.100000,0,0,0.000000,6,0.000000,0.000000,1.664670,0,0,0,0,0,0,0
31,319999,3,310000,4,10000,40,9999,0.100000,0,0,0.000000,6,0.000000,0.000000,0.517295,0,0,0,0,0,0,0
31,319999,4,310000,20,0,40,9999,0.100000,0,0,0.000000,6,0.000000,0.000000,0.401296,0,0,0,0,0,0,0
31,319999,5,310000,72,150000,40,9999,0.100000,0,0,0.000000,6,0.000000,0.000000,0.082097,0,0,0,0,0,0,0
31,319999,6,310000,72,70000,40,9999,0.100000,0,0,0.000000,6,0.000000,0.000000,0.143703,0,0,0,0,0,0,0
31,319999,7,310000,0,60000,49,9999,0.100000,0,0,0.000000,6,3.000000,0.000000,5.151442,0,0,0,0,0,0,0
31,319999,8,310000,0,40000,40,9999,0.100000,0,0,0.000000,6,0.000000,0.000000,0.612338,0,0,0,0,0,0,0
31,319999,9,310000,0,40000,40,9999,0.100000,0,0,0.000000,6,0.000000,0.000000,0.139700,0,0,0,0,0,0,0
31,319999,10,310000,4,10000,40,9999,0.100000,0,0,0.000000,6,0.000000,0.000000,0.395649,0,0,0,0,0,0,0
31,319999,11,310000,20,0,40,9999,0.100000,0,0,0.000000,6,0.000000,0.000000,0.178668,0,0,0,0,0,0,0
31,319999,12,310000,0,60000,40,9999,0.100000,0,0,0.000000,6,0.000000,0.000000,0.272213,0,0,0,0,0,0,0
31,319999,13,310000,72,150000,40,9999,0.100000,0,0,0.000000,6,0.000000,0.000000,0.233906,0,0,0,0,0,0,0
31,319999,14,310000,72,150000,40,9999,0.100000,0,0,0.000000,6,0.000000,0.000000,1.058569,0,0,0,0,0,0,0
31,319999,15,310000,0,40000,40,9999,0.100000,0,0,0.000000,6,0.000000,0.000000,0.882733,0,0,0,0,0,0,0
31,319999,16,310000,0,60000,40,9999,0.100000,0,0,0.000000,6,0.000000,0.000000,1.971373,0,0,0,0,0,0,0
31,319999,17,310000,20,0,40,9999,0.100000,0,0,0.000000,6,0.000000,0.000000,0.094349,0,0,0,0,0,0,0
31,319999,18,310000,72,150000,40,9999,0.100000,0,0,0.000000,6,0.000000,0.000000,0.210167,0,0,0,0,0,0,0
31,319999,19,310000,4,10000,40,9999,0.100000,0,0,0.000000,6,0.000000,0.000000,0.239696,0,0,0,0,0,0,0
31,319999,20,310000,72,70000,40,9999,0.100000,0,0,0.000000,6,0.000000,0.000000,0.340097,0,0,0,0,0,0,0
31,319999,21,310000,0,60000,49,9999,0.100000,0,0,0.000000,6,1.000000,0.000000,3.473271,0,0,0,0,0,0,0
31,319999,22,310000,0,60000,40,9999,0.100000,0,0,0.000000,6,0.000000,0.000000,0.340634,0,0,0,0,0,0,0
31,319999,23,310000,20,0,40,9999,0.100000,0,0,0.000000,6,0.000000,0.000000,0.222464,0,0,0,0,0,0,0
31,319999,24,310000,4,10000,40,9999,0.100000,0,0,0.000000,6,0.000000,0.000000,0.288594,0,0,0,0,0,0,0
31,319999,25,310000,72,150000,49,9999,0.100000,0,0,0.000000,6,1.000000,0.000000,6.123582,0,0,0,0,0,0,0
31,319999,26,310000,20,0,49,9999,0.100000,0,0,0.000000,6,2.000000,0.000000,5.963071,0,0,0,0,0,0,0
31,319999,27,310000,4,10000,40,9999,0.100000,0,0,0.000000,6,0.000000,0.000000,0.127025,0,0,0,0,0,0,0
31,319999,28,310000,0,40000,40,9999,0.100000,0,0,0.000000,6,0.000000,0.000000,3.424025,0,0,0,0,0,0,0
31,319999,29,310000,0,60000,40,9999,0.100000,0,0,0.000000,6,0.000000,0.000000,0.382917,0,0,0,0,0,0,0
31,319999,30,310000,4,10000,40,9999,0.100000,0,0,0.000000,6,0.000000,0.000000,0.376365,0,0,0,0,0,0,0
31,319999,31,310000,72,150000,40,9999,0.100000,0,0,0.000000,6,0.000000,0.000000,0.175865,0,0,0,0,0,0,0
31,319999,32,310000,72,150000,40,9999,0.100000,0,0,0.000000,6,0.000000,0.000000,0.235338,0,0,0,0,0,0,0
31,319999,33,310000,0,60000,40,9999,0.100000,0,0,0.000000,6,0.000000,0.000000,0.240379,0,0,0,0,0,0,0
31,319999,34,310000,20,0,40,9999,0.100000,0,0,0.000000,6,0.000000,0.000000,0.084518,0,0,0,0,0,0,0
31,319999,35,310000,72,70000,40,9999,0.100000,0,0,0.000000,6,0.000000,0.000000,0.204554,0,0,0,0,0,0,0
31,319999,36,310000,4,10000,9,9999,0.100000,0,0,34.210526,6,2.000000,0.000000,4.743837,0,0,0,0,0,0,1
31,319999,37,310000,72,70000,40,9999,0.100000,0,0,0.000000,6,0.000000,0.000000,0.095412,0,0,0,0,0,0,0
31,319999,38,310000,72,70000,40,9999,0.100000,0,0,0.000000,6,0.000000,0.000000,0.192745,0,0,0,0,0,0,0
31,319999,39,310000,0,40000,40,9999,0.100000,0,0,0.000000,6,0.000000,0.000000,0.084083,0,0,0,0,0,0,0
31,319999,40,310000,0,60000,40,9999,0.100000,0,0,0.000000,6,0.000000,0.000000,3.303171,0,0,0,0,0,0,0
31,319999,41,310000,72,70000,40,9999,0.100000,0,0,0.000000,6,0.000000,0.000000,0.084780,0,0,0,0,0,0,0
31,319999,42,310000,0,60000,49,9999,0.100000,0,0,0.000000,6,2.000000,0.000000,3.754991,0,0,0,0,0,0,0
31,319999,43,310000,0,60000,40,9999,0.100000,0,0,0.000000,6,0.000000,0.000000,0.822186,0,0,0,0,0,0,0
31,319999,44,310000,4,10000,40,9999,0.100000,0,0,0.000000,6,0.000000,0.000000,4.063785,0,0,0,0,0,0,0
31,319999,45,310000,72,70000,40,9999,0.100000,0,0,0.000000,6,0.000000,0.000000,0.168484,0,0,0,0,0,0,0
31,319999,46,310000,0,40000,40,9999,0.100000,0,0,0.000000,6,0.000000,0.000000,0.239946,0,0,0,0,0,0,0
31,319999,47,310000,4,10000,40,9999,0.100000,0,0,0.000000,6,0.000000,0.000000,0.418290,0,0,0,0,0,0,0
31,319999,48,310000,72,70000,40,9999,0.100000,0,0,0.000000,6,0.000000,0.000000,0.243433,0,0,0,0,0,0,0
31,319999,49,310000,4,10000,40,9999,0.100000,0,0,0.000000,6,0.000000,0.000000,2.750038,0,0,0,0,0,0,0
31,319999,50,310000,72,70000,40,9999,0.100000,0,0,0.000000,6,0.000000,0.000000,0.194321,0,0,0,0,0,0,0
31,319999,51,310000,0,40000,49,9999,0.100000,0,0,0.000000,6,11.000000,0.000000,14.104578,0,0,0,0,0,0,0
31,319999,52,310000,0,60000,40,9999,0.100000,0,0,0.000000,6,0.000000,0.000000,0.312379,0,0,0,0,0,0,0
31,319999,53,310000,72,70000,40,9999,0.100000,0,0,0.000000,6,0.000000,0.000000,0.135569,0,0,0,0,0,0,0
31,319999,54,310000,72,150000,40,9999,0.100000,0,0,0.000000,6,0.000000,0.000000,0.295369,0,0,0,0,0,0,0
31,319999,55,310000,72,70000,49,9999,0.100000,0,0,0.000000,6,2.000000,0.000000,5.344296,0,0,0,0,0,0,0
31,319999,56,310000,4,10000,40,9999,0.100000,0,0,0.000000,6,0.000000,0.000000,2.534079,0,0,0,0,0,0,0
31,319999,57,310000,4,10000,40,9999,0.100000,0,0,0.000000,6,0.000000,0.000000,0.211796,0,0,0,0,0,0,0
31,319999,58,310000,20,0,40,9999,0.100000,0,0,0.000000,6,0.000000,0.000000,0.444969,0,0,0,0,0,0,0
31,319999,59,310000,72,70000,40,9999,0.100000,0,0,0.000000,6,0.000000,0.000000,0.777975,0,0,0,0,0,0,0
31,319999,60,310000,72,70000,40,9999,0.100000,0,0,0.000000,6,0.000000,0.000000,4.714373,0,0,0,0,0,0,0
31,319999,61,310000,4,10000,40,9999,0.100000,0,0,0.000000,6,0.000000,0.000000,0.883407,0,0,0,0,0,0,0
31,319999,62,310000,72,70000,40,9999,0.100000,0,0,0.000000,6,0.000000,0.000000,0.248431,0,0,0,0,0,0,0
31,319999,63,310000,0,40000,49,9999,0.100000,0,0,0.000000,6,1.000000,0.000000,5.972531,0,0,0,0,0,0,0
31,319999,64,310000,72,70000,40,9999,0.100000,0,0,0.000000,6,0.000000,0.000000,1.896785,0,0,0,0,0,0,0
31,319999,65,310000,0,60000,40,9999,0.100000,0,0,0.000000,6,0.000000,0.000000,0.434389,0,0,0,0,0,0,0
31,319999,66,310000,20,0,40,9999,0.100000,0,0,0.000000,6,0.000000,0.000000,0.292377,0,0,0,0,0,0,0
31,319999,67,310000,72,150000,40,9999,0.100000,0,0,0.000000,6,0.000000,0.000000,0.433517,0,0,0,0,0,0,0
31,319999,68,310000,4,10000,40,9999,0.100000,0,0,0.000000,6,0.000000,0.000000,3.376584,0,0,0,0,0,0,0
31,319999,69,310000,72,70000,40,9999,0.100000,0,0,0.000000,6,0.000000,0.000000,1.350444,0,0,0,0,0,0,0
31,319999,70,310000,4,10000,40,9999,0.100000,0,0,0.000000,6,0.000000,0.000000,0.359309,0,0,0,0,0,0,0
31,319999,71,310000,4,10000,40,9999,0.100000,0,0,0.000000,6,0.000000,0.000000,0.257049,0,0,0,0,0,0,0
31,319999,72,310000,0,60000,40,9999,0.100000,0,0,0.000000,6,0.000000,0.000000,0.212648,0,0,0,0,0,0,0
31,319999,73,310000,72,70000,40,9999,0.100000,0,0,0.000000,6,0.000000,0.000000,0.339767,0,0,0,0,0,0,0
31,319999,74,310000,4,10000,40,9999,0.100000,0,0,0.000000,6,0.000000,0.000000,0.554407,0,0,0,0,0,0,0
31,319999,75,310000,72,70000,40,9999,0.100000,0,0,0.000000,6,0.000000,0.000000,0.087429,0,0,0,0,0,0,0
31,319999,76,310000,72,70000,40,9999,0.100000,0,0,0.000000,6,0.000000,0.000000,0.195403,0,0,0,0,0,0,0
31,319999,77,310000,0,40000,40,9999,0.100000,0,0,0.000000,6,0.000000,0.000000,0.275945,0,0,0,0,0,0,0
31,319999,78,310000,20,0,40,9999,0.100000,0,0,0.000000,6,0.000000,0.000000,0.290057,0,0,0,0,0,0,0
31,319999,79,310000,72,150000,40,9999,0.100000,0,0,0.000000,6,0.000000,0.000000,0.102382,0,0,0,0,0,0,0
31,319999,80,310000,4,10000,40,9999,0.100000,0,0,0.000000,6,0.000000,0.000000,0.060706,0,0,0,0,0,0,0
31,319999,81,310000,72,150000,40,9999,0.100000,0,0,0.000000,6,0.000000,0.000000,23.898584,0,0,0,0,0,0,0
31,319999,82,310000,4,10000,40,9999,0.100000,0,0,0.000000,6,0.000000,0.000000,0.078941,0,0,0,0,0,0,0
31,319999,83,310000,4,10000,49,9999,0.100000,0,0,0.000000,6,6.000000,0.000000,13.819134,0,0,0,0,0,0,0
31,319999,84,310000,72,150000,40,9999,0.100000,0,0,0.000000,6,0.000000,0.000000,0.632431,0,0,0,0,0,0,0
31,319999,85,310000,72,70000,40,9999,0.100000,0,0,0.000000,6,0.000000,0.000000,0.068626,0,0,0,0,0,0,0
31,319999,86,310000,0,60000,40,9999,0.100000,0,0,0.000000,6,0.000000,0.000000,0.108658,0,0,0,0,0,0,0
31,319999,87,310000,72,150000,40,9999,0.100000,0,0,0.000000,6,0.000000,0.000000,0.816399,0,0,0,0,0,0,0
31,319999,88,310000,72,70000,40,9999,0.100000,0,0,0.000000,6,0.000000,0.000000,0.212362,0,0,0,0,0,0,0
31,319999,89,310000,72,70000,40,9999,0.100000,0,0,0.000000,6,0.000000,0.000000,0.319117,0,0,0,0,0,0,0
31,319999,90,310000,0,60000,40,9999,0.100000,0,0,0.000000,6,0.000000,0.000000,0.685236,0,0,0,0,0,0,0
31,319999,91,310000,72,70000,40,9999,0.100000,0,0,0.000000,6,0.000000,0.000000,0.430493,0,0,0,0,0,0,0
31,319999,92,310000,20,0,40,9999,0.100000,0,0,0.000000,6,0.000000,0.000000,0.290788,0,0,0,0,0,0,0
31,319999,93,310000,0,40000,40,9999,0.100000,0,0,0.000000,6,0.000000,0.000000,0.073494,0,0,0,0,0,0,0
31,319999,94,310000,72,70000,40,9999,0.100000,0,0,0.000000,6,0.000000,0.000000,0.568936,0,0,0,0,0,0,0
31,319999,95,310000,0,60000,40,9999,0.100000,0,0,0.000000,6,0.000000,0.000000,0.098510,0,0,0,0,0,0,0
31,319999,96,310000,72,150000,40,9999,0.100000,0,0,0.000000,6,0.000000,0.000000,0.107348,0,0,0,0,0,0,0
31,319999,97,310000,4,10000,40,9999,0.100000,0,0,0.000000,6,0.000000,0.000000,0.234843,0,0,0,0,0,0,0
31,319999,98,310000,0,40000,40,9999,0.100000,0,0,0.000000,6,0.000000,0.000000,1.323144,0,0,0,0,0,0,0
31,319999,99,310000,72,70000,40,9999,0.100000,0,0,0.000000,6,0.000000,0.000000,0.157662,0,0,0,0,0,0,0
32,329999,0,320000,72,150000,40,9999,0.100000,0,0,0.000000,6,0.000000,0.000000,0.978256,0,0,0,0,0,0,0
32,329999,1,320000,0,60000,40,9999,0.100000,0,0,0.000000,6,0.000000,0.000000,0.288303,0,0,0,0,0,0,0
32,329999,2,320000,72,70000,40,9999,0.100000,0,0,0.000000,6,0.000000,0.000000,1.515928,0,0,0,0,0,0,0
32,329999,3,320000,20,0,40,9999,0.100000,0,0,0.000000,6,0.000000,0.000000,0.566782,0,0,0,0,0,0,0
32,329999,4,320000,20,0,40,9999,0.100000,0,0,0.000000,6,0.000000,0.000000,0.377580,0,0,0,0,0,0,0
32,329999,5,320000,0,60000,40,9999,0.100000,0,0,0.000000,6,0.000000,0.000000,0.086928,0,0,0,0,0,0,0
32,329999,6,320000,0,60000,40,9999,0.100000,0,0,0.000000,6,0.000000,0.000000,0.140642,0,0,0,0,0,0,0
32,329999,7,320000,72,150000,49,9999,0.100000,0,0,0.000000,6,11.000000,0.000000,13.495309,0,0,0,0,0,0,0
32,329999,8,320000,0,40000,40,9999,0.100000,0,0,0.000000,6,0.000000,0.000000,0.563267,0,0,0,0,0,0,0
32,329999,9,320000,20,0,40,9999,0.100000,0,0,0.000000,6,0.000000,0.000000,0.141608,0,0,0,0,0,0,0
32,329999,10,320000,4,10000,40,9999,0.135000,0,0,0.000000,6,0.000000,0.000000,0.416688,0,0,0,0,0,0,0
32,329999,11,320000,72,70000,40,9999,0.100000,0,0,0.000000,6,0.000000,0.000000,0.189614,0,0,0,0,0,0,0
32,329999,12,320000,0,40000,40,9999,0.100000,0,0,0.000000,6,0.000000,0.000000,0.296076,0,0,0,0,0,0,0
32,329999,13,320000,72,70000,40,9999,0.100000,0,0,0.000000,6,0.000000,0.000000,0.232273,0,0,0,0,0,0,0
32,329999,14,320000,0,60000,40,9999,0.100000,0,0,0.000000,6,0.000000,0.000000,0.568721,0,0,0,0,0,0,0
32,329999,15,320000,72,150000,40,9999,0.100000,0,0,0.000000,6,0.000000,0.000000,1.080053,0,0,0,0,0,0,0
32,329999,16,320000,20,0,40,9999,0.100000,0,0,0.000000,6,0.000000,0.000000,4.381446,0,0,0,0,0,0,0
32,329999,17,320000,72,150000,40,9999,0.100000,0,0,0.000000,6,0.000000,0.000000,0.093666,0,0,0,0,0,0,0
32,329999,18,320000,72,150000,40,9999,0.100000,0,0,0.000000,6,0.000000,0.000000,0.194715,0,0,0,0,0,0,0
32,329999,19,320000,72,70000,40,9999,0.100000,0,0,0.000000,6,0.000000,0.000000,0.237693,0,0,0,0,0,0,0
32,329999,20,320000,0,60000,40,9999,0.100000,0,0,0.000000,6,0.000000,0.000000,0.363498,0,0,0,0,0,0,0
32,329999,21,320000,4,10000,40,9999,0.100000,0,0,0.000000,6,0.000000,0.000000,1.042174,0,0,0,0,0,0,0
32,329999,22,320000,4,10000,40,9999,0.100000,0,0,0.000000,6,0.000000,0.000000,0.503196,0,0,0,0,0,0,0
32,329999,23,320000,4,10000,40,9999,0.100000,0,0,0.000000,6,0.000000,0.000000,0.211676,0,0,0,0,0,0,0
32,329999,24,320000,0,40000,40,9999,0.100000,0,0,0.000000,6,0.000000,0.000000,0.358031,0,0,0,0,0,0,0
32,329999,25,320000,20,0,49,9999,0.100000,0,0,0.000000,6,1.000000,0.000000,8.547807,0,0,0,0,0,0,0
32,329999,26,320000,0,60000,49,9999,0.100000,0,0,0.000000,6,2.000000,0.000000,8.669490,0,0,0,0,0,0,0
32,329999,27,320000,20,0,40,9999,0.100000,0,0,0.000000,6,0.000000,0.000000,0.129342,0,0,0,0,0,0,0
32,329999,28,320000,0,60000,40,9999,0.100000,0,0,0.000000,6,0.000000,0.000000,1.160234,0,0,0,0,0,0,0
32,329999,29,320000,72,70000,40,9999,0.100000,0,0,0.000000,6,0.000000,0.000000,0.387332,0,0,0,0,0,0,0
32,329999,30,320000,72,70000,40,9999,0.100000,0,0,0.000000,6,0.000000,0.000000,0.416539,0,0,0,0,0,0,0
32,329999,31,320000,0,40000,40,9999,0.100000,0,0,0.000000,6,0.000000,0.000000,0.224360,0,0,0,0,0,0,0
32,329999,32,320000,20,0,40,9999,0.100000,0,0,0.000000,6,0.000000,0.000000,0.237816,0,0,0,0,0,0,0
32,329999,33,320000,20,0,40,9999,0.100000,0,0,0.000000,6,0.000000,0.000000,0.226845,0,0,0,0,0,0,0
32,329999,34,320000,0,60000,40,9999,0.100000,0,0,0.000000,6,0.000000,0.000000,0.083995,0,0,0,0,0,0,0
32,329999,35,320000,72,70000,40,9999,0.100000,0,0,0.000000,6,0.000000,0.000000,0.324876,0,0,0,0,0,0,0
32,329999,36,320000,4,10000,49,9999,0.100000,0,0,0.000000,6,1.000000,0.000000,2.139191,0,0,0,0,0,0,0
32,329999,37,320000,20,0,40,9999,0.100000,0,0,0.000000,6,0.000000,0.000000,0.118946,0,0,0,0,0,0,0
32,329999,38,320000,72,150000,40,9999,0.100000,0,0,0.000000,6,0.000000,0.000000,0.186334,0,0,0,0,0,0,0
32,329999,39,320000,4,10000,40,9999,0.100000,0,0,0.000000,6,0.000000,0.000000,0.083471,0,0,0,0,0,0,0
32,329999,40,320000,0,60000,40,9999,0.100000,0,0,0.000000,6,0.000000,0.000000,0.542251,0,0,0,0,0,0,0
32,329999,41,320000,0,60000,40,9999,0.100000,0,0,0.000000,6,0.000000,0.000000,0.083253,0,0,0,0,0,0,0
32,329999,42,320000,20,0,40,9999,0.100000,0,0,0.000000,6,0.000000,0.000000,1.564103,0,0,0,0,0,0,0
32,329999,43,320000,72,150000,40,9999,0.100000,0,0,0.000000,6,0.000000,0.000000,0.175698,0,0,0,0,0,0,0
32,329999,44,320000,4,10000,49,9999,0.100000,0,0,0.000000,6,17.000000,0.000000,17.982216,0,0,0,0,0,0,0
32,329999,45,320000,4,10000,40,9999,0.100000,0,0,0.000000,6,0.000000,0.000000,0.170976,0,0,0,0,0,0,0
32,329999,46,320000,4,10000,40,9999,0.100000,0,0,0.000000,6,0.000000,0.000000,0.240037,0,0,0,0,0,0,0
32,329999,47,320000,20,0,40,9999,0.100000,0,0,0.000000,6,0.000000,0.000000,0.442254,0,0,0,0,0,0,0
32,329999,48,320000,20,0,40,9999,0.100000,0,0,0.000000,6,0.000000,0.000000,0.267673,0,0,0,0,0,0,0
32,329999,49,320000,20,0,40,9999,0.100000,0,0,0.000000,6,0.000000,0.000000,0.590968,0,0,0,0,0,0,0
32,329999,50,320000,4,10000,40,9999,0.100000,0,0,0.000000,6,0.000000,0.000000,0.181358,0,0,0,0,0,0,0
32,329999,51,320000,4,10000,49,9999,0.100000,0,0,0.000000,6,3.000000,0.000000,6.990345,0,0,0,0,0,0,0
32,329999,52,320000,72,70000,40,9999,0.100000,0,0,0.000000,6,0.000000,0.000000,0.337724,0,0,0,0,0,0,0
32,329999,53,320000,72,150000,40,9999,0.100000,0,0,0.000000,6,0.000000,0.000000,0.153251,0,0,0,0,0,0,0
32,329999,54,320000,72,70000,40,9999,0.100000,0,0,0.000000,6,0.000000,0.000000,0.152511,0,0,0,0,0,0,0
32,329999,55,320000,20,0,49,9999,0.100000,0,0,0.000000,6,2.000000,0.000000,10.303603,0,0,0,0,0,0,0
32,329999,56,320000,20,0,40,9999,0.100000,0,0,0.000000,6,0.000000,0.000000,2.747471,0,0,0,0,0,0,0
32,329999,57,320000,4,10000,40,9999,0.100000,0,0,0.000000,6,0.000000,0.000000,0.267988,0,0,0,0,0,0,0
32,329999,58,320000,72,150000,40,9999,0.100000,0,0,0.000000,6,0.000000,0.000000,0.468196,0,0,0,0,0,0,0
32,329999,59,320000,0,40000,40,9999,0.100000,0,0,0.000000,6,0.000000,0.000000,0.943492,0,0,0,0,0,0,0
32,329999,60,320000,20,0,40,9999,0.100000,0,0,0.000000,6,0.000000,0.000000,1.345153,0,0,0,0,0,0,0
32,329999,61,320000,20,0,40,9999,0.100000,0,0,0.000000,6,0.000000,0.000000,0.580516,0,0,0,0,0,0,0
32,329999,62,320000,4,10000,40,9999,0.100000,0,0,0.000000,6,0.000000,0.000000,0.269998,0,0,0,0,0,0,0
32,329999,63,320000,0,60000,49,9999,0.100000,0,0,0.000000,6,1.000000,0.000000,5.851973,0,0,0,0,0,0,0
32,329999,64,320000,72,70000,40,9999,0.100000,0,0,0.000000,6,0.000000,0.000000,0.147106,0,0,0,0,0,0,0
32,329999,65,320000,4,10000,40,9999,0.100000,0,0,0.000000,6,0.000000,0.000000,0.387963,0,0,0,0,0,0,0
32,329999,66,320000,72,150000,40,9999,0.100000,0,0,0.000000,6,0.000000,0.000000,0.218804,0,0,0,0,0,0,0
32,329999,67,320000,0,40000,40,9999,0.100000,0,0,0.000000,6,0.000000,0.000000,0.504433,0,0,0,0,0,0,0
32,329999,68,320000,4,10000,40,9999,0.100000,0,0,0.000000,6,0.000000,0.000000,3.107595,0,0,0,0,0,0,0
32,329999,69,320000,0,60000,40,9999,0.100000,0,0,0.000000,6,0.000000,0.000000,0.229544,0,0,0,0,0,0,0
32,329999,70,320000,72,150000,49,9999,0.100000,0,0,0.000000,6,1.000000,0.000000,1.506281,0,0,0,0,0,0,0
32,329999,71,320000,0,40000,40,9999,0.100000,0,0,0.000000,6,0.000000,0.000000,0.266191,0,0,0,0,0,0,0
32,329999,72,320000,0,40000,40,9999,0.100000,0,0,0.000000,6,0.000000,0.000000,0.214852,0,0,0,0,0,0,0
32,329999,73,320000,72,150000,40,9999,0.100000,0,0,0.000000,6,0.000000,0.000000,0.314584,0,0,0,0,0,0,0
32,329999,74,320000,72,150000,40,9999,0.100000,0,0,0.000000,6,0.000000,0.000000,0.302303,0,0,0,0,0,0,0
32,329999,75,310000,72,70000,40,19999,0.100000,0,0,0.000000,6,0.000000,0.000000,0.086065,0,0,0,0,0,0,0
32,329999,76,320000,0,40000,40,9999,0.100000,0,0,0.000000,6,0.000000,0.000000,0.203309,0,0,0,0,0,0,0
32,329999,77,320000,0,40000,40,9999,0.100000,0,0,0.000000,6,0.000000,0.000000,0.330023,0,0,0,0,0,0,0
32,329999,78,320000,0,60000,40,9999,0.100000,0,0,0.000000,6,0.000000,0.000000,0.317350,0,0,0,0,0,0,0
32,329999,79,320000,4,10000,40,9999,0.100000,0,0,0.000000,6,0.000000,0.000000,0.102593,0,0,0,0,0,0,0
32,329999,80,320000,4,10000,40,9999,0.100000,0,0,0.000000,6,0.000000,0.000000,0.084642,0,0,0,0,0,0,0
32,329999,81,320000,0,40000,40,9999,0.100000,0,0,0.000000,6,0.000000,0.000000,23.952573,0,0,0,0,0,0,0
32,329999,82,320000,72,150000,40,9999,0.100000,0,0,0.000000,6,0.000000,0.000000,0.078008,0,0,0,0,0,0,0
32,329999,83,320000,72,150000,40,9999,0.100000,0,0,0.000000,6,0.000000,0.000000,0.073936,0,0,0,0,0,0,0
32,329999,84,320000,20,0,40,9999,0.100000,0,0,0.000000,6,0.000000,0.000000,0.634655,0,0,0,0,0,0,0
32,329999,85,320000,0,40000,40,9999,0.100000,0,0,0.000000,6,0.000000,0.000000,0.089638,0,0,0,0,0,0,0
32,329999,86,320000,0,60000,40,9999,0.100000,0,0,0.000000,6,0.000000,0.000000,0.111959,0,0,0,0,0,0,0
32,329999,87,320000,20,0,40,9999,0.100000,0,0,0.000000,6,0.000000,0.000000,0.993465,0,0,0,0,0,0,0
32,329999,88,320000,72,70000,40,9999,0.100000,0,0,0.000000,6,0.000000,0.000000,0.087686,0,0,0,0,0,0,0
32,329999,89,320000,0,60000,40,9999,0.100000,0,0,0.000000,6,0.000000,0.000000,1.402745,0,0,0,0,0,0,0
32,329999,90,320000,72,150000,40,9999,0.100000,0,0,0.000000,6,0.000000,0.000000,0.557373,0,0,0,0,0,0,0
32,329999,91,320000,72,70000,40,9999,0.100000,0,0,0.000000,6,0.000000,0.000000,0.448260,0,0,0,0,0,0,0
32,329999,92,320000,0,60000,40,9999,0.100000,0,0,0.000000,6,0.000000,0.000000,0.408551,0,0,0,0,0,0,0
32,329999,93,320000,72,150000,40,9999,0.100000,0,0,0.000000,6,0.000000,0.000000,0.079601,0,0,0,0,0,0,0
32,329999,94,320000,0,40000,40,9999,0.100000,0,0,0.000000,6,0.000000,0.000000,0.608408,0,0,0,0,0,0,0
32,329999,95,320000,20,0,40,9999,0.100000,0,0,0.000000,6,0.000000,0.000000,0.105078,0,0,0,0,0,0,0
32,329999,96,320000,72,70000,40,9999,0.100000,0,0,0.000000,6,0.000000,0.000000,0.097213,0,0,0,0,0,0,0
32,329999,97,320000,72,150000,40,9999,0.100000,0,0,0.000000,6,0.000000,0.000000,0.222146,0,0,0,0,0,0,0
32,329999,98,320000,72,70000,49,9999,0.100000,0,0,0.000000,6,7.000000,0.000000,17.381573,0,0,0,0,0,0,0
32,329999,99,320000,20,0,40,9999,0.100000,0,0,0.000000,6,0.000000,0.000000,0.126256,0,0,0,0,0,0,0
33,339999,0,330000,72,150000,40,9999,0.100000,0,0,0.000000,6,0.000000,0.000000,1.376531,0,0,0,0,0,0,0
33,339999,1,330000,4,10000,40,9999,0.100000,0,0,0.000000,6,0.000000,0.000000,0.215673,0,0,0,0,0,0,0
33,339999,2,330000,20,0,40,9999,0.100000,0,0,0.000000,6,0.000000,0.000000,0.446795,0,0,0,0,0,0,0
33,339999,3,330000,20,0,40,9999,0.100000,0,0,0.000000,6,0.000000,0.000000,0.181144,0,0,0,0,0,0,0
33,339999,4,330000,4,10000,40,9999,0.100000,0,0,0.000000,6,0.000000,0.000000,0.409191,0,0,0,0,0,0,0
33,339999,5,330000,20,0,40,9999,0.100000,0,0,0.000000,6,0.000000,0.000000,0.082935,0,0,0,0,0,0,0
33,339999,6,330000,4,10000,40,9999,0.100000,0,0,0.000000,6,0.000000,0.000000,0.139774,0,0,0,0,0,0,0
33,339999,7,330000,4,10000,49,9999,0.100000,0,0,0.000000,6,5.000000,0.000000,10.394933,0,0,0,0,0,0,0
33,339999,8,330000,0,60000,40,9999,0.100000,0,0,0.000000,6,0.000000,0.000000,0.538844,0,0,0,0,0,0,0
33,339999,9,330000,4,10000,40,9999,0.100000,0,0,0.000000,6,0.000000,0.000000,0.123225,0,0,0,0,0,0,0
33,339999,10,330000,0,40000,40,9999,0.100000,0,0,0.000000,6,0.000000,0.000000,0.565928,0,0,0,0,0,0,0
33,339999,11,330000,0,40000,40,9999,0.100000,0,0,0.000000,6,0.000000,0.000000,0.176766,0,0,0,0,0,0,0
33,339999,12,330000,72,70000,40,9999,0.100000,0,0,0.000000,6,0.000000,0.000000,0.279181,0,0,0,0,0,0,0
33,339999,13,330000,72,150000,40,9999,0.100000,0,0,0.000000,6,0.000000,0.000000,0.221832,0,0,0,0,0,0,0
33,339999,14,330000,0,60000,40,9999,0.100000,0,0,0.000000,6,0.000000,0.000000,0.423031,0,0,0,0,0,0,0
33,339999,15,330000,0,40000,40,9999,0.100000,0,0,0.000000,6,0.000000,0.000000,1.052608,0,0,0,0,0,0,0
33,339999,16,330000,72,70000,40,9999,0.100000,0,0,0.000000,6,0.000000,0.000000,1.270515,0,0,0,0,0,0,0
33,339999,17,330000,4,10000,40,9999,0.100000,0,0,0.000000,6,0.000000,0.000000,0.094872,0,0,0,0,0,0,0
33,339999,18,330000,4,10000,40,9999,0.100000,0,0,0.000000,6,0.000000,0.000000,0.191392,0,0,0,0,0,0,0
33,339999,19,330000,72,70000,40,9999,0.100000,0,0,0.000000,6,0.000000,0.000000,0.228582,0,0,0,0,0,0,0
33,339999,20,330000,72,150000,40,9999,0.100000,0,0,0.000000,6,0.000000,0.000000,0.820747,0,0,0,0,0,0,0
33,339999,21,330000,0,60000,40,9999,0.100000,0,0,0.000000,6,0.000000,0.000000,0.350668,0,0,0,0,0,0,0
33,339999,22,330000,4,10000,40,9999,0.100000,0,0,0.000000,6,0.000000,0.000000,0.485229,0,0,0,0,0,0,0
33,339999,23,330000,72,150000,40,9999,0.100000,0,0,0.000000,6,0.000000,0.000000,0.216343,0,0,0,0,0,0,0
33,339999,24,330000,0,60000,40,9999,0.100000,0,0,0.000000,6,0.000000,0.000000,0.369863,0,0,0,0,0,0,0
33,339999,25,330000,72,150000,49,9999,0.100000,0,0,0.000000,6,1.000000,0.000000,5.798152,0,0,0,0,0,0,0
33,339999,26,330000,20,0,49,9999,0.100000,0,0,0.000000,6,2.000000,0.000000,9.292202,0,0,0,0,0,0,0
33,339999,27,330000,0,60000,40,9999,0.100000,0,0,0.000000,6,0.000000,0.000000,0.124987,0,0,0,0,0,0,0
33,339999,28,330000,72,150000,49,9999,0.100000,0,0,0.000000,6,1.000000,0.000000,1.884621,0,0,0,0,0,0,0
33,339999,29,330000,20,0,40,9999,0.100000,0,0,0.000000,6,0.000000,0.000000,0.291183,0,0,0,0,0,0,0
33,339999,30,330000,20,0,40,9999,0.100000,0,0,0.000000,6,0.000000,0.000000,0.453387,0,0,0,0,0,0,0
33,339999,31,330000,72,150000,40,9999,0.100000,0,0,0.000000,6,0.000000,0.000000,0.386577,0,0,0,0,0,0,0
33,339999,32,330000,72,70000,40,9999,0.100000,0,0,0.000000,6,0.000000,0.000000,0.239033,0,0,0,0,0,0,0
33,339999,33,330000,20,0,40,9999,0.100000,0,0,0.000000,6,0.000000,0.000000,0.215901,0,0,0,0,0,0,0
33,339999,34,330000,72,70000,40,9999,0.100000,0,0,0.000000,6,0.000000,0.000000,0.082639,0,0,0,0,0,0,0
33,339999,35,330000,72,150000,40,9999,0.100000,0,0,0.000000,6,0.000000,0.000000,2.332053,0,0,0,0,0,0,0
33,339999,36,330000,0,60000,49,9999,0.100000,0,0,0.000000,6,7.000000,0.000000,16.781838,0,0,0,0,0,0,0
33,339999,37,330000,20,0,40,9999,0.100000,0,0,0.000000,6,0.000000,0.000000,0.105740,0,0,0,0,0,0,0
33,339999,38,330000,0,60000,40,9999,0.100000,0,0,0.000000,6,0.000000,0.000000,0.134682,0,0,0,0,0,0,0
33,339999,39,330000,20,0,40,9999,0.100000,0,0,0.000000,6,0.000000,0.000000,0.084342,0,0,0,0,0,0,0
33,339999,40,330000,20,0,40,9999,0.100000,0,0,0.000000,6,0.000000,0.000000,0.081392,0,0,0,0,0,0,0
33,339999,41,330000,0,60000,40,9999,0.100000,0,0,0.000000,6,0.000000,0.000000,0.084781,0,0,0,0,0,0,0
33,339999,42,330000,20,0,40,9999,0.100000,0,0,0.000000,6,0.000000,0.000000,1.311588,0,0,0,0,0,0,0
33,339999,43,330000,72,70000,40,9999,0.100000,0,0,0.000000,6,0.000000,0.000000,0.688848,0,0,0,0,0,0,0
33,339999,44,330000,72,70000,40,9999,0.100000,0,0,0.000000,6,0.000000,0.000000,0.231056,0,0,0,0,0,0,0
33,339999,45,330000,20,0,40,9999,0.100000,0,0,0.000000,6,0.000000,0.000000,0.170798,0,0,0,0,0,0,0
33,339999,46,330000,0,60000,40,9999,0.100000,0,0,0.000000,6,0.000000,0.000000,0.240008,0,0,0,0,0,0,0
33,339999,47,330000,4,10000,40,9999,0.100000,0,0,0.000000,6,0.000000,0.000000,0.463835,0,0,0,0,0,0,0
33,339999,48,330000,0,40000,40,9999,0.100000,0,0,0.000000,6,0.000000,0.000000,0.247031,0,0,0,0,0,0,0
33,339999,49,330000,0,40000,49,9999,0.100000,0,0,0.000000,6,16.000000,0.000000,19.372282,0,0,0,0,0,0,0
33,339999,50,330000,4,10000,40,9999,0.100000,0,0,0.000000,6,0.000000,0.000000,0.136915,0,0,0,0,0,0,0
33,339999,51,330000,0,40000,40,9999,0.100000,0,0,0.000000,6,0.000000,0.000000,4.558362,0,0,0,0,0,0,0
33,339999,52,330000,0,60000,40,9999,0.100000,0,0,0.000000,6,0.000000,0.000000,0.364077,0,0,0,0,0,0,0
33,339999,53,330000,20,0,40,9999,0.100000,0,0,0.000000,6,0.000000,0.000000,0.144941,0,0,0,0,0,0,0
33,339999,54,330000,72,150000,40,9999,0.100000,0,0,0.000000,6,0.000000,0.000000,0.712913,0,0,0,0,0,0,0
33,339999,55,330000,0,60000,40,9999,0.100000,0,0,0.000000,6,0.000000,0.000000,1.408644,0,0,0,0,0,0,0
33,339999,56,330000,72,70000,40,9999,0.100000,0,0,0.000000,6,0.000000,0.000000,2.204461,0,0,0,0,0,0,0
33,339999,57,330000,0,60000,40,9999,0.100000,0,0,0.000000,6,0.000000,0.000000,0.258973,0,0,0,0,0,0,0
33,339999,58,320000,72,150000,40,19999,0.100000,0,0,0.000000,6,0.000000,0.000000,0.473391,0,0,0,0,0,0,0
33,339999,59,330000,72,150000,40,9999,0.100000,0,0,0.000000,6,0.000000,0.000000,0.628655,0,0,0,0,0,0,0
33,339999,60,330000,0,60000,40,9999,0.100000,0,0,0.000000,6,0.000000,0.000000,9.121429,0,0,0,0,0,0,0
33,339999,61,330000,0,40000,40,9999,0.100000,0,0,0.000000,6,0.000000,0.000000,0.168234,0,0,0,0,0,0,0
33,339999,62,330000,4,10000,40,9999,0.100000,0,0,0.000000,6,0.000000,0.000000,0.290994,0,0,0,0,0,0,0
33,339999,63,330000,72,150000,40,9999,0.100000,0,0,0.000000,6,0.000000,0.000000,0.205479,0,0,0,0,0,0,0
33,339999,64,330000,0,60000,40,9999,0.100000,0,0,0.000000,6,0.000000,0.000000,0.147561,0,0,0,0,0,0,0
33,339999,65,330000,0,40000,40,9999,0.100000,0,0,0.000000,6,0.000000,0.000000,0.408025,0,0,0,0,0,0,0
33,339999,66,330000,72,70000,40,9999,0.100000,0,0,0.000000,6,0.000000,0.000000,0.212766,0,0,0,0,0,0,0
33,339999,67,330000,0,40000,40,9999,0.100000,0,0,0.000000,6,0.000000,0.000000,0.432894,0,0,0,0,0,0,0
33,339999,68,330000,0,40000,40,9999,0.100000,0,0,0.000000,6,0.000000,0.000000,3.093486,0,0,0,0,0,0,0
33,339999,69,330000,72,150000,40,9999,0.100000,0,0,0.000000,6,0.000000,0.000000,0.242266,0,0,0,0,0,0,0
33,339999,70,330000,72,150000,49,9999,0.100000,0,0,0.000000,6,1.000000,0.000000,1.927485,0,0,0,0,0,0,0
33,339999,71,330000,72,150000,40,9999,0.100000,0,0,0.000000,6,0.000000,0.000000,0.260158,0,0,0,0,0,0,0
33,339999,72,330000,72,150000,40,9999,0.100000,0,0,0.000000,6,0.000000,0.000000,0.220067,0,0,0,0,0,0,0
33,339999,73,330000,72,70000,40,9999,0.100000,0,0,0.000000,6,0.000000,0.000000,0.344899,0,0,0,0,0,0,0
33,339999,74,330000,4,10000,40,9999,0.100000,0,0,0.000000,6,0.000000,0.000000,0.207817,0,0,0,0,0,0,0
33,339999,75,330000,4,10000,40,9999,0.100000,0,0,0.000000,6,0.000000,0.000000,0.095320,0,0,0,0,0,0,0
33,339999,76,330000,4,10000,40,9999,0.100000,0,0,0.000000,6,0.000000,0.000000,0.189980,0,0,0,0,0,0,0
33,339999,77,330000,72,150000,40,9999,0.100000,0,0,0.000000,6,0.000000,0.000000,0.327304,0,0,0,0,0,0,0
33,339999,78,330000,20,0,40,9999,0.100000,0,0,0.000000,6,0.000000,0.000000,0.250351,0,0,0,0,0,0,0
33,339999,79,330000,0,60000,40,9999,0.100000,0,0,0.000000,6,0.000000,0.000000,0.101522,0,0,0,0,0,0,0
33,339999,80,330000,4,10000,40,9999,0.100000,0,0,0.000000,6,0.000000,0.000000,0.065440,0,0,0,0,0,0,0
33,339999,81,330000,4,10000,40,9999,0.100000,0,0,0.000000,6,0.000000,0.000000,24.046730,0,0,0,0,0,0,0
33,339999,82,330000,72,150000,40,9999,0.100000,0,0,0.000000,6,0.000000,0.000000,0.076773,0,0,0,0,0,0,0
33,339999,83,330000,72,150000,40,9999,0.100000,0,0,0.000000,6,0.000000,0.000000,0.079973,0,0,0,0,0,0,0
33,339999,84,330000,72,70000,40,9999,0.100000,0,0,0.000000,6,0.000000,0.000000,0.655174,0,0,0,0,0,0,0
33,339999,85,330000,0,60000,40,9999,0.100000,0,0,0.000000,6,0.000000,0.000000,0.072765,0,0,0,0,0,0,0
33,339999,86,330000,20,0,40,9999,0.100000,0,0,0.000000,6,0.000000,0.000000,0.110025,0,0,0,0,0,0,0
33,339999,87,330000,20,0,40,9999,0.100000,0,0,0.000000,6,0.000000,0.000000,0.644972,0,0,0,0,0,0,0
33,339999,88,330000,4,10000,40,9999,0.100000,0,0,0.000000,6,0.000000,0.000000,0.098550,0,0,0,0,0,0,0
33,339999,89,330000,72,70000,49,9999,0.100000,0,0,0.000000,6,1.000000,0.000000,1.989882,0,0,0,0,0,0,0
33,339999,90,330000,0,60000,40,9999,0.100000,0,0,0.000000,6,0.000000,0.000000,0.727691,0,0,0,0,0,0,0
33,339999,91,330000,0,40000,40,9999,0.100000,0,0,0.000000,6,0.000000,0.000000,0.670541,0,0,0,0,0,0,0
33,339999,92,330000,4,10000,40,9999,0.100000,0,0,0.000000,6,0.000000,0.000000,0.420925,0,0,0,0,0,0,0
33,339999,93,330000,0,60000,40,9999,0.100000,0,0,0.000000,6,0.000000,0.000000,0.078427,0,0,0,0,0,0,0
33,339999,94,330000,72,70000,40,9999,0.100000,0,0,0.000000,6,0.000000,0.000000,1.987574,0,0,0,0,0,0,0
33,339999,95,330000,72,70000,40,9999,0.100000,0,0,0.000000,6,0.000000,0.000000,0.103673,0,0,0,0,0,0,0
33,339999,96,330000,72,150000,40,9999,0.100000,0,0,0.000000,6,0.000000,0.000000,0.088435,0,0,0,0,0,0,0
33,339999,97,330000,0,60000,40,9999,0.100000,0,0,0.000000,6,0.000000,0.000000,0.237079,0,0,0,0,0,0,0
33,339999,98,330000,20,0,40,9999,0.100000,0,0,0.000000,6,0.000000,0.000000,1.529697,0,0,0,0,0,0,0
33,339999,99,330000,72,150000,40,9999,0.100000,0,0,0.000000,6,0.000000,0.000000,0.126898,0,0,0,0,0,0,0
34,349999,0,340000,72,150000,40,9999,0.100000,0,0,0.000000,6,0.000000,0.000000,1.474093,0,0,0,0,0,0,0
34,349999,1,340000,20,0,40,9999,0.100000,0,0,0.000000,6,0.000000,0.000000,0.218198,0,0,0,0,0,0,0
34,349999,2,340000,4,10000,40,9999,0.100000,0,0,0.000000,6,0.000000,0.000000,0.590808,0,0,0,0,0,0,0
34,349999,3,340000,0,40000,40,9999,0.100000,0,0,0.000000,6,0.000000,0.000000,0.239085,0,0,0,0,0,0,0
34,349999,4,340000,0,60000,40,9999,0.100000,0,0,0.000000,6,0.000000,0.000000,0.412457,0,0,0,0,0,0,0
34,349999,5,340000,0,60000,40,9999,0.100000,0,0,0.000000,6,0.000000,0.000000,0.098258,0,0,0,0,0,0,0
34,349999,6,340000,72,150000,40,9999,0.135000,0,0,0.000000,6,0.000000,0.000000,0.138360,0,0,0,0,0,0,0
34,349999,7,340000,0,40000,49,9999,0.100000,0,0,0.000000,6,1.000000,0.000000,1.361928,0,0,0,0,0,0,0
34,349999,8,340000,4,10000,40,9999,0.100000,0,0,0.000000,6,0.000000,0.000000,0.535900,0,0,0,0,0,0,0
34,349999,9,340000,72,70000,40,9999,0.100000,0,0,0.000000,6,0.000000,0.000000,0.131371,0,0,0,0,0,0,0
34,349999,10,340000,0,40000,40,9999,0.100000,0,0,0.000000,6,0.000000,0.000000,1.087506,0,0,0,0,0,0,0
34,349999,11,340000,72,70000,40,9999,0.100000,0,0,0.000000,6,0.000000,0.000000,0.171390,0,0,0,0,0,0,0
34,349999,12,340000,0,40000,40,9999,0.100000,0,0,0.000000,6,0.000000,0.000000,0.290442,0,0,0,0,0,0,0
34,349999,13,340000,20,0,40,9999,0.100000,0,0,0.000000,6,0.000000,0.000000,0.233133,0,0,0,0,0,0,0
34,349999,14,340000,4,10000,40,9999,0.100000,0,0,0.000000,6,0.000000,0.000000,0.526200,0,0,0,0,0,0,0
34,349999,15,340000,0,40000,40,9999,0.100000,0,0,0.000000,6,0.000000,0.000000,1.061816,0,0,0,0,0,0,0
34,349999,16,340000,4,10000,40,9999,0.100000,0,0,0.000000,6,0.000000,0.000000,1.550599,0,0,0,0,0,0,0
34,349999,17,340000,72,150000,40,9999,0.100000,0,0,0.000000,6,0.000000,0.000000,0.095269,0,0,0,0,0,0,0
34,349999,18,340000,72,70000,40,9999,0.100000,0,0,0.000000,6,0.000000,0.000000,0.211731,0,0,0,0,0,0,0
34,349999,19,340000,0,60000,40,9999,0.100000,0,0,0.000000,6,0.000000,0.000000,0.236447,0,0,0,0,0,0,0
34,349999,20,340000,72,70000,40,9999,0.100000,0,0,0.000000,6,0.000000,0.000000,1.065181,0,0,0,0,0,0,0
34,349999,21,340000,20,0,40,9999,0.100000,0,0,0.000000,6,0.000000,0.000000,0.359646,0,0,0,0,0,0,0
34,349999,22,340000,20,0,40,9999,0.100000,0,0,0.000000,6,0.000000,0.000000,0.536276,0,0,0,0,0,0,0
34,349999,23,340000,20,0,40,9999,0.100000,0,0,0.000000,6,0.000000,0.000000,0.235197,0,0,0,0,0,0,0
34,349999,24,340000,20,0,0,9999,0.100000,0,0,0.000000,6,0.000000,0.000000,0.422371,0,0,0,1,0,0,0
34,349999,25,340000,72,70000,49,9999,0.100000,0,0,0.000000,6,1.000000,0.000000,8.872030,0,0,0,0,0,0,0
34,349999,26,340000,0,60000,40,9999,0.100000,0,0,0.000000,6,0.000000,0.000000,0.097608,0,0,0,0,0,0,0
34,349999,27,340000,72,70000,40,9999,0.100000,0,0,0.000000,6,0.000000,0.000000,0.126946,0,0,0,0,0,0,0
34,349999,28,340000,0,40000,49,9999,0.100000,0,0,0.000000,6,1.000000,0.000000,1.546404,0,0,0,0,0,0,0
34,349999,29,340000,0,60000,40,9999,0.100000,0,0,0.000000,6,0.000000,0.000000,0.324663,0,0,0,0,0,0,0
34,349999,30,340000,72,70000,40,9999,0.100000,0,0,0.000000,6,0.000000,0.000000,0.606753,0,0,0,0,0,0,0
34,349999,31,340000,72,150000,40,9999,0.100000,0,0,0.000000,6,0.000000,0.000000,0.328293,0,0,0,0,0,0,0
34,349999,32,340000,4,10000,40,9999,0.100000,0,0,0.000000,6,0.000000,0.000000,0.236384,0,0,0,0,0,0,0
34,349999,33,340000,0,60000,40,9999,0.100000,0,0,0.000000,6,0.000000,0.000000,0.224188,0,0,0,0,0,0,0
34,349999,34,340000,72,150000,40,9999,0.100000,0,0,0.000000,6,0.000000,0.000000,0.081846,0,0,0,0,0,0,0
34,349999,35,340000,20,0,40,9999,0.100000,0,0,0.000000,6,0.000000,0.000000,0.308973,0,0,0,0,0,0,0
34,349999,36,340000,72,70000,9,9999,0.100000,0,0,0.000000,6,2.000000,0.000000,2.909703,0,0,0,1,0,0,0
34,349999,37,340000,0,60000,40,9999,0.100000,0,0,0.000000,6,0.000000,0.000000,0.146572,0,0,0,0,0,0,0
34,349999,38,340000,20,0,40,9999,0.100000,0,0,0.000000,6,0.000000,0.000000,0.137815,0,0,0,0,0,0,0
34,349999,39,340000,0,40000,49,9999,0.100000,0,0,0.000000,6,6.000000,0.000000,13.560352,0,0,0,0,0,0,0
34,349999,40,340000,72,150000,40,9999,0.100000,0,0,0.000000,6,0.000000,0.000000,0.083012,0,0,0,0,0,0,0
34,349999,41,340000,4,10000,40,9999,0.100000,0,0,0.000000,6,0.000000,0.000000,0.084277,0,0,0,0,0,0,0
34,349999,42,340000,0,40000,9,9999,0.100000,0,0,0.000000,6,2.000000,0.000000,6.493302,0,0,0,1,0,0,0
34,349999,43,340000,4,10000,40,9999,0.100000,0,0,0.000000,6,0.000000,0.000000,0.419969,0,0,0,0,0,0,0
34,349999,44,340000,0,60000,40,9999,0.100000,0,0,0.000000,6,0.000000,0.000000,0.237754,0,0,0,0,0,0,0
34,349999,45,340000,72,70000,40,9999,0.100000,0,0,0.000000,6,0.000000,0.000000,0.171969,0,0,0,0,0,0,0
34,349999,46,340000,0,40000,40,9999,0.100000,0,0,0.000000,6,0.000000,0.000000,0.246783,0,0,0,0,0,0,0
34,349999,47,340000,4,10000,40,9999,0.100000,0,0,0.000000,6,0.000000,0.000000,0.442301,0,0,0,0,0,0,0
34,349999,48,340000,4,10000,40,9999,0.100000,0,0,0.000000,6,0.000000,0.000000,0.253950,0,0,0,0,0,0,0
34,349999,49,340000,0,60000,49,9999,0.100000,0,0,0.000000,6,2.000000,0.000000,2.728063,0,0,0,0,0,0,0
34,349999,50,340000,4,10000,40,9999,0.100000,0,0,0.000000,6,0.000000,0.000000,0.138666,0,0,0,0,0,0,0
34,349999,51,340000,0,60000,49,9999,0.100000,0,0,0.000000,6,1.000000,0.000000,4.205358,0,0,0,0,0,0,0
34,349999,52,340000,0,40000,40,9999,0.100000,0,0,0.000000,6,0.000000,0.000000,0.344856,0,0,0,0,0,0,0
34,349999,53,340000,20,0,40,9999,0.100000,0,0,0.000000,6,0.000000,0.000000,0.170052,0,0,0,0,0,0,0
34,349999,54,340000,72,150000,40,9999,0.100000,0,0,0.000000,6,0.000000,0.000000,0.849072,0,0,0,0,0,0,0
34,349999,55,340000,72,150000,40,9999,0.100000,0,0,0.000000,6,0.000000,0.000000,0.090582,0,0,0,0,0,0,0
34,349999,56,340000,72,150000,40,9999,0.100000,0,0,0.000000,6,0.000000,0.000000,2.505936,0,0,0,0,0,0,0
34,349999,57,340000,4,10000,40,9999,0.100000,0,0,0.000000,6,0.000000,0.000000,0.213136,0,0,0,0,0,0,0
34,349999,58,340000,20,0,40,9999,0.100000,0,0,0.000000,6,0.000000,0.000000,0.457284,0,0,0,0,0,0,0
34,349999,59,340000,0,40000,40,9999,0.100000,0,0,0.000000,6,0.000000,0.000000,1.867554,0,0,0,0,0,0,0
34,349999,60,340000,72,70000,49,9999,0.100000,0,0,0.000000,6,1.000000,0.000000,4.460764,0,0,0,0,0,0,0
34,349999,61,340000,72,150000,40,9999,0.100000,0,0,0.000000,6,0.000000,0.000000,0.153112,0,0,0,0,0,0,0
34,349999,62,340000,72,150000,40,9999,0.100000,0,0,0.000000,6,0.000000,0.000000,0.279339,0,0,0,0,0,0,0
34,349999,63,340000,0,40000,40,9999,0.100000,0,0,0.000000,6,0.000000,0.000000,0.207391,0,0,0,0,0,0,0
34,349999,64,340000,0,40000,40,9999,0.100000,0,0,0.000000,6,0.000000,0.000000,0.137835,0,0,0,0,0,0,0
34,349999,65,340000,4,10000,40,9999,0.100000,0,0,0.000000,6,0.000000,0.000000,0.422677,0,0,0,0,0,0,0
34,349999,66,340000,72,150000,40,9999,0.100000,0,0,0.000000,6,0.000000,0.000000,0.203476,0,0,0,0,0,0,0
34,349999,67,340000,4,10000,40,9999,0.100000,0,0,0.000000,6,0.000000,0.000000,0.615502,0,0,0,0,0,0,0
34,349999,68,340000,20,0,40,9999,0.100000,0,0,0.000000,6,0.000000,0.000000,3.264768,0,0,0,0,0,0,0
34,349999,69,340000,4,10000,40,9999,0.100000,0,0,0.000000,6,0.000000,0.000000,0.229987,0,0,0,0,0,0,0
34,349999,70,340000,4,10000,40,9999,0.100000,0,0,0.000000,6,0.000000,0.000000,0.704887,0,0,0,0,0,0,0
34,349999,71,340000,20,0,40,9999,0.100000,0,0,0.000000,6,0.000000,0.000000,0.263952,0,0,0,0,0,0,0
34,349999,72,340000,72,150000,40,9999,0.100000,0,0,0.000000,6,0.000000,0.000000,0.228509,0,0,0,0,0,0,0
34,349999,73,340000,72,150000,40,9999,0.100000,0,0,0.000000,6,0.000000,0.000000,0.342466,0,0,0,0,0,0,0
34,349999,74,340000,0,60000,40,9999,0.100000,0,0,0.000000,6,0.000000,0.000000,0.339205,0,0,0,0,0,0,0
34,349999,75,340000,0,40000,40,9999,0.100000,0,0,0.000000,6,0.000000,0.000000,0.087354,0,0,0,0,0,0,0
34,349999,76,340000,0,60000,40,9999,0.100000,0,0,0.000000,6,0.000000,0.000000,0.199841,0,0,0,0,0,0,0
34,349999,77,340000,0,40000,40,9999,0.100000,0,0,0.000000,6,0.000000,0.000000,0.312727,0,0,0,0,0,0,0
34,349999,78,340000,72,70000,40,9999,0.100000,0,0,0.000000,6,0.000000,0.000000,0.282774,0,0,0,0,0,0,0
34,349999,79,340000,0,40000,40,9999,0.100000,0,0,0.000000,6,0.000000,0.000000,0.098678,0,0,0,0,0,0,0
34,349999,80,340000,4,10000,40,9999,0.100000,0,0,0.000000,6,0.000000,0.000000,0.127640,0,0,0,0,0,0,0
34,349999,81,340000,72,150000,49,9999,0.100000,0,0,0.000000,6,5.000000,0.000000,35.447233,0,0,0,0,0,0,0
34,349999,82,340000,0,40000,40,9999,0.100000,0,0,0.000000,6,0.000000,0.000000,0.074276,0,0,0,0,0,0,0
34,349999,83,340000,0,40000,40,9999,0.100000,0,0,0.000000,6,0.000000,0.000000,0.075105,0,0,0,0,0,0,0
34,349999,84,340000,4,10000,40,9999,0.100000,0,0,0.000000,6,0.000000,0.000000,0.633974,0,0,0,0,0,0,0
34,349999,85,340000,0,60000,40,9999,0.100000,0,0,0.000000,6,0.000000,0.000000,0.127054,0,0,0,0,0,0,0
34,349999,86,340000,0,40000,40,9999,0.100000,0,0,0.000000,6,0.000000,0.000000,0.111268,0,0,0,0,0,0,0
34,349999,87,340000,0,40000,40,9999,0.100000,0,0,0.000000,6,0.000000,0.000000,0.711768,0,0,0,0,0,0,0
34,349999,88,340000,72,150000,40,9999,0.100000,0,0,0.000000,6,0.000000,0.000000,0.096246,0,0,0,0,0,0,0
34,349999,89,340000,0,40000,40,9999,0.100000,0,0,0.000000,6,0.000000,0.000000,0.641792,0,0,0,0,0,0,0
34,349999,90,340000,20,0,40,9999,0.100000,0,0,0.000000,6,0.000000,0.000000,1.296622,0,0,0,0,0,0,0
34,349999,91,340000,4,10000,40,9999,0.100000,0,0,0.000000,6,0.000000,0.000000,1.149620,0,0,0,0,0,0,0
34,349999,92,340000,4,10000,40,9999,0.100000,0,0,0.000000,6,0.000000,0.000000,0.477873,0,0,0,0,0,0,0
34,349999,93,340000,0,40000,40,9999,0.100000,0,0,0.000000,6,0.000000,0.000000,0.079487,0,0,0,0,0,0,0
34,349999,94,340000,0,40000,40,9999,0.100000,0,0,0.000000,6,0.000000,0.000000,1.956599,0,0,0,0,0,0,0
34,349999,95,340000,0,40000,40,9999,0.100000,0,0,0.000000,6,0.000000,0.000000,0.103070,0,0,0,0,0,0,0
34,349999,96,340000,0,60000,40,9999,0.100000,0,0,0.000000,6,0.000000,0.000000,0.090775,0,0,0,0,0,0,0
34,349999,97,340000,20,0,40,9999,0.100000,0,0,0.000000,6,0.000000,0.000000,0.245573,0,0,0,0,0,0,0
34,349999,98,340000,4,10000,49,9999,0.100000,0,0,0.000000,6,1.000000,0.000000,1.547959,0,0,0,0,0,0,0
34,349999,99,340000,72,150000,40,9999,0.100000,0,0,0.000000,6,0.000000,0.000000,0.115223,0,0,0,0,0,0,0
35,359999,0,350000,0,40000,40,9999,0.100000,0,0,0.000000,6,0.000000,0.000000,1.452860,0,0,0,0,0,0,0
35,359999,1,350000,4,10000,40,9999,0.100000,0,0,0.000000,6,0.000000,0.000000,0.672044,0,0,0,0,0,0,0
35,359999,2,350000,20,0,40,9999,0.100000,0,0,0.000000,6,0.000000,0.000000,0.579684,0,0,0,0,0,0,0
35,359999,3,350000,0,60000,40,9999,0.100000,0,0,0.000000,6,0.000000,0.000000,0.129468,0,0,0,0,0,0,0
35,359999,4,350000,72,150000,40,9999,0.100000,0,0,0.000000,6,0.000000,0.000000,0.408513,0,0,0,0,0,0,0
35,359999,5,350000,72,150000,40,9999,0.100000,0,0,0.000000,6,0.000000,0.000000,0.101958,0,0,0,0,0,0,0
35,359999,6,350000,72,150000,40,9999,0.100000,0,0,0.000000,6,0.000000,0.000000,0.133557,0,0,0,0,0,0,0
35,359999,7,350000,72,150000,49,9999,0.100000,0,0,0.000000,6,2.000000,0.000000,3.157619,0,0,0,0,0,0,0
35,359999,8,350000,72,150000,40,9999,0.100000,0,0,0.000000,6,0.000000,0.000000,0.649954,0,0,0,0,0,0,0
35,359999,9,350000,0,40000,40,9999,0.100000,0,0,0.000000,6,0.000000,0.000000,0.120517,0,0,0,0,0,0,0
35,359999,10,350000,20,0,40,9999,0.100000,0,0,0.000000,6,0.000000,0.000000,0.717993,0,0,0,0,0,0,0
35,359999,11,350000,20,0,40,9999,0.100000,0,0,0.000000,6,0.000000,0.000000,0.173393,0,0,0,0,0,0,0
35,359999,12,350000,0,40000,40,9999,0.100000,0,0,0.000000,6,0.000000,0.000000,1.609563,0,0,0,0,0,0,0
35,359999,13,350000,0,60000,40,9999,0.100000,0,0,0.000000,6,0.000000,0.000000,0.242575,0,0,0,0,0,0,0
35,359999,14,350000,4,10000,40,9999,0.100000,0,0,0.000000,6,0.000000,0.000000,0.438245,0,0,0,0,0,0,0
35,359999,15,350000,0,60000,40,9999,0.100000,0,0,0.000000,6,0.000000,0.000000,0.957965,0,0,0,0,0,0,0
35,359999,16,350000,72,70000,40,9999,0.100000,0,0,0.000000,6,0.000000,0.000000,1.544425,0,0,0,0,0,0,0
35,359999,17,350000,20,0,40,9999,0.100000,0,0,0.000000,6,0.000000,0.000000,0.095662,0,0,0,0,0,0,0
35,359999,18,350000,72,70000,40,9999,0.100000,0,0,0.000000,6,0.000000,0.000000,0.205496,0,0,0,0,0,0,0
35,359999,19,350000,20,0,40,9999,0.100000,0,0,0.000000,6,0.000000,0.000000,0.233429,0,0,0,0,0,0,0
35,359999,20,350000,72,70000,40,9999,0.100000,0,0,0.000000,6,0.000000,0.000000,0.301898,0,0,0,0,0,0,0
35,359999,21,350000,4,10000,49,9999,0.100000,0,0,0.000000,6,2.000000,0.000000,4.083340,0,0,0,0,0,0,0
35,359999,22,350000,72,70000,40,9999,0.100000,0,0,0.000000,6,0.000000,0.000000,0.540707,0,0,0,0,0,0,0
35,359999,23,350000,72,70000,40,9999,0.100000,0,0,0.000000,6,0.000000,0.000000,0.221554,0,0,0,0,0,0,0
35,359999,24,350000,72,70000,40,9999,0.100000,0,0,0.000000,6,0.000000,0.000000,0.278738,0,0,0,0,0,0,0
35,359999,25,350000,20,0,49,9999,0.100000,0,0,0.000000,6,1.000000,0.000000,9.313657,0,0,0,0,0,0,0
35,359999,26,350000,72,70000,40,9999,0.100000,0,0,0.000000,6,0.000000,0.000000,0.095631,0,0,0,0,0,0,0
35,359999,27,350000,4,10000,40,9999,0.100000,0,0,0.000000,6,0.000000,0.000000,0.129929,0,0,0,0,0,0,0
35,359999,28,350000,20,0,40,9999,0.100000,0,0,0.000000,6,0.000000,0.000000,0.664409,0,0,0,0,0,0,0
35,359999,29,350000,4,10000,40,9999,0.100000,0,0,0.000000,6,0.000000,0.000000,0.281806,0,0,0,0,0,0,0
35,359999,30,350000,20,0,40,9999,0.100000,0,0,0.000000,6,0.000000,0.000000,0.289321,0,0,0,0,0,0,0
35,359999,31,350000,0,60000,40,9999,0.100000,0,0,0.000000,6,0.000000,0.000000,0.611787,0,0,0,0,0,0,0
35,359999,32,350000,72,70000,40,9999,0.100000,0,0,0.000000,6,0.000000,0.000000,0.239080,0,0,0,0,0,0,0
35,359999,33,350000,20,0,40,9999,0.100000,0,0,0.000000,6,0.000000,0.000000,0.217805,0,0,0,0,0,0,0
35,359999,34,350000,72,150000,40,9999,0.100000,0,0,0.000000,6,0.000000,0.000000,0.081309,0,0,0,0,0,0,0
35,359999,35,350000,0,60000,40,9999,0.100000,0,0,0.000000,6,0.000000,0.000000,0.633046,0,0,0,0,0,0,0
35,359999,36,350000,72,150000,49,9999,0.100000,0,0,0.000000,6,2.000000,0.000000,6.643455,0,0,0,0,0,0,0
35,359999,37,350000,0,40000,40,9999,0.100000,0,0,0.000000,6,0.000000,0.000000,0.157130,0,0,0,0,0,0,0
35,359999,38,350000,72,70000,40,9999,0.100000,0,0,0.000000,6,0.000000,0.000000,0.129575,0,0,0,0,0,0,0
35,359999,39,350000,0,40000,40,9999,0.100000,0,0,0.000000,6,0.000000,0.000000,0.083798,0,0,0,0,0,0,0
35,359999,40,350000,72,70000,40,9999,0.100000,0,0,0.000000,6,0.000000,0.000000,0.084409,0,0,0,0,0,0,0
35,359999,41,350000,0,60000,40,9999,0.100000,0,0,0.000000,6,0.000000,0.000000,0.083261,0,0,0,0,0,0,0
35,359999,42,350000,20,0,49,9999,0.100000,0,0,0.000000,6,3.000000,0.000000,20.956157,0,0,0,0,0,0,0
35,359999,43,350000,4,10000,40,9999,0.100000,0,0,0.000000,6,0.000000,0.000000,0.793683,0,0,0,0,0,0,0
35,359999,44,350000,72,70000,40,9999,0.100000,0,0,0.000000,6,0.000000,0.000000,0.245103,0,0,0,0,0,0,0
35,359999,45,350000,4,10000,40,9999,0.100000,0,0,0.000000,6,0.000000,0.000000,0.193511,0,0,0,0,0,0,0
35,359999,46,350000,4,10000,40,9999,0.100000,0,0,0.000000,6,0.000000,0.000000,0.240104,0,0,0,0,0,0,0
35,359999,47,350000,0,60000,40,9999,0.100000,0,0,0.000000,6,0.000000,0.000000,0.453635,0,0,0,0,0,0,0
35,359999,48,350000,72,70000,40,9999,0.100000,0,0,0.000000,6,0.000000,0.000000,0.253143,0,0,0,0,0,0,0
35,359999,49,350000,20,0,49,9999,0.100000,0,0,0.000000,6,1.000000,0.000000,8.478218,0,0,0,0,0,0,0
35,359999,50,350000,20,0,40,9999,0.100000,0,0,0.000000,6,0.000000,0.000000,0.122631,0,0,0,0,0,0,0
35,359999,51,350000,0,60000,49,9999,0.100000,0,0,0.000000,6,6.000000,0.000000,8.886812,0,0,0,0,0,0,0
35,359999,52,350000,72,70000,40,9999,0.100000,0,0,0.000000,6,0.000000,0.000000,0.352388,0,0,0,0,0,0,0
35,359999,53,350000,20,0,40,9999,0.100000,0,0,0.000000,6,0.000000,0.000000,0.180485,0,0,0,0,0,0,0
35,359999,54,350000,72,70000,40,9999,0.100000,0,0,0.000000,6,0.000000,0.000000,3.091246,0,0,0,0,0,0,0
35,359999,55,350000,20,0,40,9999,0.100000,0,0,0.000000,6,0.000000,0.000000,0.090725,0,0,0,0,0,0,0
35,359999,56,350000,0,40000,40,9999,0.100000,0,0,0.000000,6,0.000000,0.000000,2.646845,0,0,0,0,0,0,0
35,359999,57,350000,72,150000,40,9999,0.100000,0,0,0.000000,6,0.000000,0.000000,0.198699,0,0,0,0,0,0,0
35,359999,58,350000,20,0,40,9999,0.100000,0,0,0.000000,6,0.000000,0.000000,0.441671,0,0,0,0,0,0,0
35,359999,59,350000,20,0,40,9999,0.100000,0,0,0.000000,6,0.000000,0.000000,3.201819,0,0,0,0,0,0,0
35,359999,60,350000,0,40000,40,9999,0.100000,0,0,0.000000,6,0.000000,0.000000,4.815878,0,0,0,0,0,0,0
35,359999,61,350000,4,10000,40,9999,0.100000,0,0,0.000000,6,0.000000,0.000000,0.102103,0,0,0,0,0,0,0
35,359999,62,350000,72,70000,40,9999,0.100000,0,0,0.000000,6,0.000000,0.000000,0.264435,0,0,0,0,0,0,0
35,359999,63,350000,0,40000,40,9999,0.100000,0,0,0.000000,6,0.000000,0.000000,0.188140,0,0,0,0,0,0,0
35,359999,64,350000,72,70000,49,9999,0.100000,0,0,0.000000,6,2.000000,0.000000,3.143808,0,0,0,0,0,0,0
35,359999,65,350000,72,70000,40,9999,0.100000,0,0,0.000000,6,0.000000,0.000000,0.405828,0,0,0,0,0,0,0
35,359999,66,350000,20,0,49,9999,0.100000,0,0,0.000000,6,2.000000,0.000000,2.709149,0,0,0,0,0,0,0
35,359999,67,350000,72,70000,40,9999,0.100000,0,0,0.000000,6,0.000000,0.000000,0.673248,0,0,0,0,0,0,0
35,359999,68,350000,0,60000,40,9999,0.100000,0,0,0.000000,6,0.000000,0.000000,3.270905,0,0,0,0,0,0,0
35,359999,69,350000,72,150000,40,9999,0.100000,0,0,0.000000,6,0.000000,0.000000,0.235795,0,0,0,0,0,0,0
35,359999,70,350000,0,40000,40,9999,0.100000,0,0,0.000000,6,0.000000,0.000000,0.353293,0,0,0,0,0,0,0
35,359999,71,350000,0,40000,40,9999,0.100000,0,0,0.000000,6,0.000000,0.000000,0.430106,0,0,0,0,0,0,0
35,359999,72,350000,0,60000,40,9999,0.100000,0,0,0.000000,6,0.000000,0.000000,0.231683,0,0,0,0,0,0,0
35,359999,73,350000,20,0,40,9999,0.100000,0,0,0.000000,6,0.000000,0.000000,1.674123,0,0,0,0,0,0,0
35,359999,74,350000,20,0,40,9999,0.100000,0,0,0.000000,6,0.000000,0.000000,0.326991,0,0,0,0,0,0,0
35,359999,75,350000,72,70000,40,9999,0.100000,0,0,0.000000,6,0.000000,0.000000,0.088324,0,0,0,0,0,0,0
35,359999,76,350000,0,60000,40,9999,0.065000,0,0,0.000000,6,0.000000,0.000000,0.198916,0,0,0,0,0,0,0
35,359999,77,350000,20,0,40,9999,0.100000,0,0,0.000000,6,0.000000,0.000000,0.329548,0,0,0,0,0,0,0
35,359999,78,350000,0,40000,40,9999,0.100000,0,0,0.000000,6,0.000000,0.000000,0.251257,0,0,0,0,0,0,0
35,359999,79,350000,4,10000,40,9999,0.100000,0,0,0.000000,6,0.000000,0.000000,0.097231,0,0,0,0,0,0,0
35,359999,80,350000,4,10000,40,9999,0.100000,0,0,0.000000,6,0.000000,0.000000,0.534561,0,0,0,0,0,0,0
35,359999,81,350000,0,60000,40,9999,0.100000,0,0,0.000000,6,0.000000,0.000000,24.031108,0,0,0,0,0,0,0
35,359999,82,350000,72,150000,40,9999,0.100000,0,0,0.000000,6,0.000000,0.000000,0.076292,0,0,0,0,0,0,0
35,359999,83,350000,0,40000,40,9999,0.100000,0,0,0.000000,6,0.000000,0.000000,0.076831,0,0,0,0,0,0,0
35,359999,84,350000,20,0,40,9999,0.100000,0,0,0.000000,6,0.000000,0.000000,0.651314,0,0,0,0,0,0,0
35,359999,85,350000,20,0,40,9999,0.100000,0,0,0.000000,6,0.000000,0.000000,0.550238,0,0,0,0,0,0,0
35,359999,86,350000,72,70000,40,9999,0.100000,0,0,0.000000,6,0.000000,0.000000,0.111619,0,0,0,0,0,0,0
35,359999,87,350000,0,40000,40,9999,0.100000,0,0,0.000000,6,0.000000,0.000000,2.307478,0,0,0,0,0,0,0
35,359999,88,350000,4,10000,40,9999,0.100000,0,0,0.000000,6,0.000000,0.000000,0.332040,0,0,0,0,0,0,0
35,359999,89,350000,72,70000,40,9999,0.100000,0,0,0.000000,6,0.000000,0.000000,0.389492,0,0,0,0,0,0,0
35,359999,90,350000,4,10000,40,9999,0.100000,0,0,0.000000,6,0.000000,0.000000,0.770950,0,0,0,0,0,0,0
35,359999,91,350000,0,60000,40,9999,0.100000,0,0,0.000000,6,0.000000,0.000000,0.881631,0,0,0,0,0,0,0
35,359999,92,350000,20,0,40,9999,0.100000,0,0,0.000000,6,0.000000,0.000000,0.497334,0,0,0,0,0,0,0
35,359999,93,350000,4,10000,40,9999,0.100000,0,0,0.000000,6,0.000000,0.000000,0.078594,0,0,0,0,0,0,0
35,359999,94,350000,72,150000,40,9999,0.100000,0,0,0.000000,6,0.000000,0.000000,0.264405,0,0,0,0,0,0,0
35,359999,95,350000,4,10000,40,9999,0.100000,0,0,0.000000,6,0.000000,0.000000,0.099169,0,0,0,0,0,0,0
35,359999,96,350000,0,60000,40,9999,0.100000,0,0,0.000000,6,0.000000,0.000000,0.091506,0,0,0,0,0,0,0
35,359999,97,350000,72,150000,40,9999,0.100000,0,0,0.000000,6,0.000000,0.000000,0.222844,0,0,0,0,0,0,0
35,359999,98,350000,72,150000,40,9999,0.100000,0,0,0.000000,6,0.000000,0.000000,0.710393,0,0,0,0,0,0,0
35,359999,99,350000,0,40000,49,9999,0.100000,0,0,0.000000,6,1.000000,0.000000,1.992038,0,0,0,0,0,0,0
36,369999,0,360000,72,150000,40,9999,0.100000,0,0,0.000000,6,0.000000,0.000000,1.287024,0,0,0,0,0,0,0
36,369999,1,360000,72,70000,40,9999,0.100000,0,0,0.000000,6,0.000000,0.000000,2.325445,0,0,0,0,0,0,0
36,369999,2,360000,0,40000,40,9999,0.100000,0,0,0.000000,6,0.000000,0.000000,0.529426,0,0,0,0,0,0,0
36,369999,3,360000,72,70000,40,9999,0.100000,0,0,0.000000,6,0.000000,0.000000,0.222615,0,0,0,0,0,0,0
36,369999,4,360000,4,10000,40,9999,0.100000,0,0,0.000000,6,0.000000,0.000000,0.426811,0,0,0,0,0,0,0
36,369999,5,360000,4,10000,40,9999,0.100000,0,0,0.000000,6,0.000000,0.000000,0.094733,0,0,0,0,0,0,0
36,369999,6,360000,0,40000,40,9999,0.100000,0,0,0.000000,6,0.000000,0.000000,0.140790,0,0,0,0,0,0,0
36,369999,7,360000,72,150000,49,9999,0.100000,0,0,0.000000,6,1.000000,0.000000,4.648991,0,0,0,0,0,0,0
36,369999,8,360000,4,10000,40,9999,0.100000,0,0,0.000000,6,0.000000,0.000000,0.472677,0,0,0,0,0,0,0
36,369999,9,360000,20,0,40,9999,0.100000,0,0,0.000000,6,0.000000,0.000000,0.302362,0,0,0,0,0,0,0
36,369999,10,360000,0,60000,40,9999,0.100000,0,0,0.000000,6,0.000000,0.000000,0.442901,0,0,0,0,0,0,0
36,369999,11,360000,0,60000,40,9999,0.100000,0,0,0.000000,6,0.000000,0.000000,0.176165,0,0,0,0,0,0,0
36,369999,12,360000,72,70000,49,9999,0.100000,0,0,0.000000,6,2.000000,0.000000,5.300694,0,0,0,0,0,0,0
36,369999,13,360000,20,0,40,9999,0.100000,0,0,0.000000,6,0.000000,0.000000,0.230971,0,0,0,0,0,0,0
36,369999,14,360000,72,70000,40,9999,0.100000,0,0,0.000000,6,0.000000,0.000000,1.206566,0,0,0,0,0,0,0
36,369999,15,360000,20,0,40,9999,0.100000,0,0,0.000000,6,0.000000,0.000000,0.886141,0,0,0,0,0,0,0
36,369999,16,360000,72,70000,40,9999,0.100000,0,0,0.000000,6,0.000000,0.000000,1.517854,0,0,0,0,0,0,0
36,369999,17,360000,0,40000,40,9999,0.100000,0,0,0.000000,6,0.000000,0.000000,0.094881,0,0,0,0,0,0,0
36,369999,18,360000,72,70000,40,9999,0.100000,0,0,0.000000,6,0.000000,0.000000,0.224453,0,0,0,0,0,0,0
36,369999,19,360000,20,0,40,9999,0.100000,0,0,0.000000,6,0.000000,0.000000,0.238993,0,0,0,0,0,0,0
36,369999,20,360000,20,0,40,9999,0.100000,0,0,0.000000,6,0.000000,0.000000,0.304081,0,0,0,0,0,0,0
36,369999,21,360000,4,10000,40,9999,0.100000,0,0,0.000000,6,0.000000,0.000000,0.856362,0,0,0,0,0,0,0
36,369999,22,360000,0,60000,40,9999,0.100000,0,0,0.000000,6,0.000000,0.000000,0.918525,0,0,0,0,0,0,0
36,369999,23,360000,0,40000,40,9999,0.100000,0,0,0.000000,6,0.000000,0.000000,0.216896,0,0,0,0,0,0,0
36,369999,24,360000,72,70000,40,9999,0.100000,0,0,0.000000,6,0.000000,0.000000,0.372049,0,0,0,0,0,0,0
36,369999,25,360000,0,40000,49,9999,0.100000,0,0,0.000000,6,1.000000,0.000000,8.247852,0,0,0,0,0,0,0
36,369999,26,360000,0,40000,40,9999,0.100000,0,0,0.000000,6,0.000000,0.000000,0.094903,0,0,0,0,0,0,0
36,369999,27,360000,72,70000,40,9999,0.100000,0,0,0.000000,6,0.000000,0.000000,0.130484,0,0,0,0,0,0,0
36,369999,28,360000,0,40000,40,9999,0.100000,0,0,0.000000,6,0.000000,0.000000,0.862423,0,0,0,0,0,0,0
36,369999,29,360000,72,70000,40,9999,0.100000,0,0,0.000000,6,0.000000,0.000000,0.292944,0,0,0,0,0,0,0
36,369999,30,360000,20,0,40,9999,0.100000,0,0,0.000000,6,0.000000,0.000000,0.415513,0,0,0,0,0,0,0
36,369999,31,360000,0,40000,40,9999,0.100000,0,0,0.000000,6,0.000000,0.000000,0.439968,0,0,0,0,0,0,0
36,369999,32,360000,0,60000,40,9999,0.100000,0,0,0.000000,6,0.000000,0.000000,0.239056,0,0,0,0,0,0,0
36,369999,33,360000,72,70000,40,9999,0.065000,0,0,0.000000,6,0.000000,0.000000,0.364047,0,0,0,0,0,0,0
36,369999,34,360000,72,150000,40,9999,0.100000,0,0,0.000000,6,0.000000,0.000000,0.080375,0,0,0,0,0,0,0
36,369999,35,360000,4,10000,40,9999,0.100000,0,0,0.000000,6,0.000000,0.000000,0.597346,0,0,0,0,0,0,0
36,369999,36,360000,20,0,40,9999,0.100000,0,0,0.000000,6,0.000000,0.000000,0.457517,0,0,0,0,0,0,0
36,369999,37,360000,72,150000,40,9999,0.100000,0,0,0.000000,6,0.000000,0.000000,0.305505,0,0,0,0,0,0,0
36,369999,38,360000,0,40000,40,9999,0.100000,0,0,0.000000,6,0.000000,0.000000,0.125902,0,0,0,0,0,0,0
36,369999,39,360000,0,40000,40,9999,0.100000,0,0,0.000000,6,0.000000,0.000000,0.081133,0,0,0,0,0,0,0
36,369999,40,360000,4,10000,49,9999,0.100000,0,0,0.000000,6,13.000000,0.000000,27.848424,0,0,0,0,0,0,0
36,369999,41,360000,72,150000,40,9999,0.100000,0,0,0.000000,6,0.000000,0.000000,0.083377,0,0,0,0,0,0,0
36,369999,42,360000,0,40000,40,9999,0.100000,0,0,0.000000,6,0.000000,0.000000,3.931598,0,0,0,0,0,0,0
36,369999,43,360000,0,60000,40,9999,0.100000,0,0,0.000000,6,0.000000,0.000000,0.546182,0,0,0,0,0,0,0
36,369999,44,360000,0,40000,40,9999,0.100000,0,0,0.000000,6,0.000000,0.000000,0.240845,0,0,0,0,0,0,0
36,369999,45,360000,4,10000,40,9999,0.100000,0,0,0.000000,6,0.000000,0.000000,0.243067,0,0,0,0,0,0,0
36,369999,46,360000,72,70000,40,9999,0.100000,0,0,0.000000,6,0.000000,0.000000,0.237588,0,0,0,0,0,0,0
36,369999,47,360000,0,40000,40,9999,0.100000,0,0,0.000000,6,0.000000,0.000000,0.436864,0,0,0,0,0,0,0
36,369999,48,360000,72,150000,40,9999,0.100000,0,0,0.000000,6,0.000000,0.000000,0.480751,0,0,0,0,0,0,0
36,369999,49,360000,20,0,40,9999,0.100000,0,0,0.000000,6,0.000000,0.000000,2.598967,0,0,0,0,0,0,0
36,369999,50,360000,0,40000,40,9999,0.100000,0,0,0.000000,6,0.000000,0.000000,0.115873,0,0,0,0,0,0,0
36,369999,51,360000,0,40000,49,9999,0.100000,0,0,0.000000,6,2.000000,0.000000,7.217530,0,0,0,0,0,0,0
36,369999,52,360000,4,10000,40,9999,0.100000,0,0,0.000000,6,0.000000,0.000000,0.346963,0,0,0,0,0,0,0
36,369999,53,360000,72,70000,40,9999,0.100000,0,0,0.000000,6,0.000000,0.000000,0.199407,0,0,0,0,0,0,0
36,369999,54,360000,20,0,40,9999,0.100000,0,0,0.000000,6,0.000000,0.000000,1.360764,0,0,0,0,0,0,0
36,369999,55,360000,0,60000,40,9999,0.100000,0,0,0.000000,6,0.000000,0.000000,0.091668,0,0,0,0,0,0,0
36,369999,56,360000,72,150000,40,9999,0.100000,0,0,0.000000,6,0.000000,0.000000,2.378790,0,0,0,0,0,0,0
36,369999,57,360000,4,10000,40,9999,0.100000,0,0,0.000000,6,0.000000,0.000000,0.410744,0,0,0,0,0,0,0
36,369999,58,360000,0,60000,40,9999,0.100000,0,0,0.000000,6,0.000000,0.000000,0.576473,0,0,0,0,0,0,0
36,369999,59,360000,0,40000,40,9999,0.100000,0,0,0.000000,6,0.000000,0.000000,0.643860,0,0,0,0,0,0,0
36,369999,60,360000,4,10000,40,9999,0.100000,0,0,0.000000,6,0.000000,0.000000,0.842121,0,0,0,0,0,0,0
36,369999,61,360000,4,10000,40,9999,0.100000,0,0,0.000000,6,0.000000,0.000000,0.100582,0,0,0,0,0,0,0
36,369999,62,360000,72,70000,40,9999,0.100000,0,0,0.000000,6,0.000000,0.000000,0.546189,0,0,0,0,0,0,0
36,369999,63,360000,0,40000,40,9999,0.100000,0,0,0.000000,6,0.000000,0.000000,0.379938,0,0,0,0,0,0,0
36,369999,64,360000,0,40000,49,9999,0.100000,0,0,0.000000,6,2.000000,0.000000,2.899375,0,0,0,0,0,0,0
36,369999,65,360000,0,40000,40,9999,0.100000,0,0,0.000000,6,0.000000,0.000000,0.415922,0,0,0,0,0,0,0
36,369999,66,360000,4,10000,49,9999,0.100000,0,0,0.000000,6,2.000000,0.000000,2.550417,0,0,0,0,0,0,0
36,369999,67,360000,72,150000,40,9999,0.100000,0,0,0.000000,6,0.000000,0.000000,0.377584,0,0,0,0,0,0,0
36,369999,68,360000,72,70000,40,9999,0.100000,0,0,0.000000,6,0.000000,0.000000,3.267495,0,0,0,0,0,0,0
36,369999,69,360000,72,70000,40,9999,0.100000,0,0,0.000000,6,0.000000,0.000000,0.239946,0,0,0,0,0,0,0
36,369999,70,360000,0,60000,40,9999,0.100000,0,0,0.000000,6,0.000000,0.000000,0.325156,0,0,0,0,0,0,0
36,369999,71,360000,72,150000,49,9999,0.100000,0,0,0.000000,6,12.000000,0.000000,13.995345,0,0,0,0,0,0,0
36,369999,72,360000,4,10000,40,9999,0.100000,0,0,0.000000,6,0.000000,0.000000,0.390915,0,0,0,0,0,0,0
36,369999,73,360000,72,70000,49,9999,0.100000,0,0,0.000000,6,2.000000,0.000000,4.279134,0,0,0,0,0,0,0
36,369999,74,360000,72,150000,40,9999,0.100000,0,0,0.000000,6,0.000000,0.000000,0.339777,0,0,0,0,0,0,0
36,369999,75,360000,4,10000,40,9999,0.100000,0,0,0.000000,6,0.000000,0.000000,0.088768,0,0,0,0,0,0,0
36,369999,76,360000,0,40000,40,9999,0.100000,0,0,0.000000,6,0.000000,0.000000,0.188924,0,0,0,0,0,0,0
36,369999,77,360000,72,150000,40,9999,0.100000,0,0,0.000000,6,0.000000,0.000000,0.355647,0,0,0,0,0,0,0
36,369999,78,360000,72,150000,40,9999,0.100000,0,0,0.000000,6,0.000000,0.000000,0.776509,0,0,0,0,0,0,0
36,369999,79,360000,72,70000,40,9999,0.100000,0,0,0.000000,6,0.000000,0.000000,0.159629,0,0,0,0,0,0,0
36,369999,80,360000,0,40000,40,9999,0.100000,0,0,0.000000,6,0.000000,0.000000,0.432857,0,0,0,0,0,0,0
36,369999,81,360000,0,60000,40,9999,0.100000,0,0,0.000000,6,0.000000,0.000000,23.969124,0,0,0,0,0,0,0
36,369999,82,360000,0,40000,40,9999,0.100000,0,0,0.000000,6,0.000000,0.000000,0.075900,0,0,0,0,0,0,0
36,369999,83,360000,0,60000,40,9999,0.100000,0,0,0.000000,6,0.000000,0.000000,0.075171,0,0,0,0,0,0,0
36,369999,84,360000,72,150000,40,9999,0.100000,0,0,0.000000,6,0.000000,0.000000,0.639464,0,0,0,0,0,0,0
36,369999,85,360000,0,60000,40,9999,0.100000,0,0,0.000000,6,0.000000,0.000000,0.556202,0,0,0,0,0,0,0
36,369999,86,360000,20,0,40,9999,0.100000,0,0,0.000000,6,0.000000,0.000000,0.110796,0,0,0,0,0,0,0
36,369999,87,360000,0,60000,40,9999,0.100000,0,0,0.000000,6,0.000000,0.000000,1.090500,0,0,0,0,0,0,0
36,369999,88,360000,72,150000,40,9999,0.100000,0,0,0.000000,6,0.000000,0.000000,0.347853,0,0,0,0,0,0,0
36,369999,89,360000,72,150000,40,9999,0.100000,0,0,0.000000,6,0.000000,0.000000,0.284317,0,0,0,0,0,0,0
36,369999,90,360000,72,150000,49,9999,0.100000,0,0,0.000000,6,6.000000,0.000000,12.774426,0,0,0,0,0,0,0
36,369999,91,360000,0,60000,40,9999,0.135000,0,0,0.000000,6,0.000000,0.000000,0.463175,0,0,0,0,0,0,0
36,369999,92,360000,72,70000,40,9999,0.100000,0,0,0.000000,6,0.000000,0.000000,0.478674,0,0,0,0,0,0,0
36,369999,93,360000,4,10000,49,9999,0.100000,0,0,0.000000,6,5.000000,0.000000,11.384707,0,0,0,0,0,0,0
36,369999,94,360000,20,0,40,9999,0.100000,0,0,0.000000,6,0.000000,0.000000,0.240115,0,0,0,0,0,0,0
36,369999,95,360000,72,150000,40,9999,0.100000,0,0,0.000000,6,0.000000,0.000000,0.104974,0,0,0,0,0,0,0
36,369999,96,360000,0,60000,40,9999,0.100000,0,0,0.000000,6,0.000000,0.000000,0.091343,0,0,0,0,0,0,0
36,369999,97,360000,0,60000,40,9999,0.100000,0,0,0.000000,6,0.000000,0.000000,0.227804,0,0,0,0,0,0,0
36,369999,98,360000,20,0,40,9999,0.100000,0,0,0.000000,6,0.000000,0.000000,0.826652,0,0,0,0,0,0,0
36,369999,99,360000,20,0,49,9999,0.100000,0,0,0.000000,6,1.000000,0.000000,1.985101,0,0,0,0,0,0,0
37,379999,0,370000,0,40000,40,9999,0.100000,0,0,0.000000,6,0.000000,0.000000,0.961476,0,0,0,0,0,0,0
37,379999,1,370000,0,60000,40,9999,0.100000,0,0,0.000000,6,0.000000,0.000000,0.206559,0,0,0,0,0,0,0
37,379999,2,370000,20,0,40,9999,0.100000,0,0,0.000000,6,0.000000,0.000000,0.537493,0,0,0,0,0,0,0
37,379999,3,370000,72,70000,40,9999,0.100000,0,0,0.000000,6,0.000000,0.000000,0.273698,0,0,0,0,0,0,0
37,379999,4,370000,20,0,40,9999,0.100000,0,0,0.000000,6,0.000000,0.000000,0.407145,0,0,0,0,0,0,0
37,379999,5,370000,72,150000,40,9999,0.100000,0,0,0.000000,6,0.000000,0.000000,0.099382,0,0,0,0,0,0,0
37,379999,6,370000,72,70000,40,9999,0.100000,0,0,0.000000,6,0.000000,0.000000,0.143625,0,0,0,0,0,0,0
37,379999,7,370000,4,10000,49,9999,0.100000,0,0,0.000000,6,2.000000,0.000000,2.731292,0,0,0,0,0,0,0
37,379999,8,370000,72,150000,40,9999,0.100000,0,0,0.000000,6,0.000000,0.000000,0.940544,0,0,0,0,0,0,0
37,379999,9,370000,0,60000,40,9999,0.100000,0,0,0.000000,6,0.000000,0.000000,0.256939,0,0,0,0,0,0,0
37,379999,10,370000,72,70000,40,9999,0.100000,0,0,0.000000,6,0.000000,0.000000,0.396646,0,0,0,0,0,0,0
37,379999,11,370000,72,70000,40,9999,0.100000,0,0,0.000000,6,0.000000,0.000000,0.182244,0,0,0,0,0,0,0
37,379999,12,370000,0,60000,40,9999,0.100000,0,0,0.000000,6,0.000000,0.000000,0.439106,0,0,0,0,0,0,0
37,379999,13,370000,20,0,40,9999,0.100000,0,0,0.000000,6,0.000000,0.000000,0.230539,0,0,0,0,0,0,0
37,379999,14,370000,72,70000,40,9999,0.100000,0,0,0.000000,6,0.000000,0.000000,0.397692,0,0,0,0,0,0,0
37,379999,15,370000,0,60000,40,9999,0.100000,0,0,0.000000,6,0.000000,0.000000,0.934378,0,0,0,0,0,0,0
37,379999,16,370000,72,70000,40,9999,0.100000,0,0,0.000000,6,0.000000,0.000000,1.574339,0,0,0,0,0,0,0
37,379999,17,370000,20,0,40,9999,0.100000,0,0,0.000000,6,0.000000,0.000000,0.095235,0,0,0,0,0,0,0
37,379999,18,370000,72,70000,40,9999,0.100000,0,0,0.000000,6,0.000000,0.000000,0.223751,0,0,0,0,0,0,0
37,379999,19,370000,20,0,40,9999,0.100000,0,0,0.000000,6,0.000000,0.000000,0.232506,0,0,0,0,0,0,0
37,379999,20,370000,72,150000,40,9999,0.100000,0,0,0.000000,6,0.000000,0.000000,0.638769,0,0,0,0,0,0,0
37,379999,21,370000,72,150000,40,9999,0.100000,0,0,0.000000,6,0.000000,0.000000,0.372830,0,0,0,0,0,0,0
37,379999,22,370000,0,40000,40,9999,0.100000,0,0,0.000000,6,0.000000,0.000000,0.281185,0,0,0,0,0,0,0
37,379999,23,370000,72,70000,40,9999,0.100000,0,0,0.000000,6,0.000000,0.000000,0.224371,0,0,0,0,0,0,0
37,379999,24,370000,4,10000,40,9999,0.100000,0,0,0.000000,6,0.000000,0.000000,0.403202,0,0,0,0,0,0,0
37,379999,25,370000,72,70000,40,9999,0.100000,0,0,0.000000,6,0.000000,0.000000,12.425278,0,0,0,0,0,0,0
37,379999,26,370000,20,0,40,9999,0.100000,0,0,0.000000,6,0.000000,0.000000,0.093152,0,0,0,0,0,0,0
37,379999,27,370000,0,40000,40,9999,0.100000,0,0,0.000000,6,0.000000,0.000000,0.128146,0,0,0,0,0,0,0
37,379999,28,370000,72,70000,40,9999,0.100000,0,0,0.000000,6,0.000000,0.000000,0.613209,0,0,0,0,0,0,0
37,379999,29,370000,72,70000,40,9999,0.100000,0,0,0.000000,6,0.000000,0.000000,0.328494,0,0,0,0,0,0,0
37,379999,30,370000,72,70000,40,9999,0.100000,0,0,0.000000,6,0.000000,0.000000,1.003444,0,0,0,0,0,0,0
37,379999,31,370000,4,10000,40,9999,0.100000,0,0,0.000000,6,0.000000,0.000000,0.488697,0,0,0,0,0,0,0
37,379999,32,370000,4,10000,40,9999,0.100000,0,0,0.000000,6,0.000000,0.000000,0.266156,0,0,0,0,0,0,0
37,379999,33,370000,0,60000,40,9999,0.100000,0,0,0.000000,6,0.000000,0.000000,0.557001,0,0,0,0,0,0,0
37,379999,34,370000,72,150000,40,9999,0.100000,0,0,0.000000,6,0.000000,0.000000,0.078849,0,0,0,0,0,0,0
37,379999,35,370000,0,60000,40,9999,0.100000,0,0,0.000000,6,0.000000,0.000000,0.521216,0,0,0,0,0,0,0
37,379999,36,370000,20,0,40,9999,0.100000,0,0,0.000000,6,0.000000,0.000000,0.454875,0,0,0,0,0,0,0
37,379999,37,370000,72,150000,40,9999,0.100000,0,0,0.000000,6,0.000000,0.000000,0.610643,0,0,0,0,0,0,0
37,379999,38,370000,72,70000,40,9999,0.100000,0,0,0.000000,6,0.000000,0.000000,0.129416,0,0,0,0,0,0,0
37,379999,39,370000,72,70000,40,9999,0.100000,0,0,0.000000,6,0.000000,0.000000,0.081954,0,0,0,0,0,0,0
37,379999,40,370000,20,0,40,9999,0.100000,0,0,0.000000,6,0.000000,0.000000,0.086118,0,0,0,0,0,0,0
37,379999,41,370000,0,40000,40,9999,0.100000,0,0,0.000000,6,0.000000,0.000000,0.087753,0,0,0,0,0,0,0
37,379999,42,370000,0,60000,40,9999,0.100000,0,0,0.000000,6,0.000000,0.000000,0.308131,0,0,0,0,0,0,0
37,379999,43,370000,4,10000,40,9999,0.100000,0,0,0.000000,6,0.000000,0.000000,0.377449,0,0,0,0,0,0,0
37,379999,44,370000,20,0,40,9999,0.100000,0,0,0.000000,6,0.000000,0.000000,0.239454,0,0,0,0,0,0,0
37,379999,45,370000,0,40000,40,9999,0.100000,0,0,0.000000,6,0.000000,0.000000,0.244733,0,0,0,0,0,0,0
37,379999,46,370000,72,150000,40,9999,0.100000,0,0,0.000000,6,0.000000,0.000000,0.239108,0,0,0,0,0,0,0
37,379999,47,370000,0,40000,40,9999,0.100000,0,0,0.000000,6,0.000000,0.000000,0.462816,0,0,0,0,0,0,0
37,379999,48,370000,72,70000,40,9999,0.100000,0,0,0.000000,6,0.000000,0.000000,0.936142,0,0,0,0,0,0,0
37,379999,49,370000,20,0,40,9999,0.100000,0,0,0.000000,6,0.000000,0.000000,2.915692,0,0,0,0,0,0,0
37,379999,50,370000,72,150000,40,9999,0.100000,0,0,0.000000,6,0.000000,0.000000,0.126745,0,0,0,0,0,0,0
37,379999,51,370000,0,60000,40,9999,0.100000,0,0,0.000000,6,0.000000,0.000000,0.589379,0,0,0,0,0,0,0
37,379999,52,370000,72,70000,40,9999,0.100000,0,0,0.000000,6,0.000000,0.000000,0.356603,0,0,0,0,0,0,0
37,379999,53,370000,0,60000,40,9999,0.100000,0,0,0.000000,6,0.000000,0.000000,0.226943,0,0,0,0,0,0,0
37,379999,54,370000,20,0,40,9999,0.100000,0,0,0.000000,6,0.000000,0.000000,1.365120,0,0,0,0,0,0,0
37,379999,55,370000,72,150000,40,9999,0.100000,0,0,0.000000,6,0.000000,0.000000,0.091622,0,0,0,0,0,0,0
37,379999,56,370000,4,10000,40,9999,0.100000,0,0,0.000000,6,0.000000,0.000000,2.493001,0,0,0,0,0,0,0
37,379999,57,370000,72,70000,40,9999,0.100000,0,0,0.000000,6,0.000000,0.000000,0.986304,0,0,0,0,0,0,0
37,379999,58,370000,20,0,40,9999,0.100000,0,0,0.000000,6,0.000000,0.000000,0.915852,0,0,0,0,0,0,0
37,379999,59,370000,72,70000,40,9999,0.100000,0,0,0.000000,6,0.000000,0.000000,1.107981,0,0,0,0,0,0,0
37,379999,60,370000,72,150000,40,9999,0.100000,0,0,0.000000,6,0.000000,0.000000,0.375690,0,0,0,0,0,0,0
37,379999,61,370000,20,0,40,9999,0.100000,0,0,0.000000,6,0.000000,0.000000,0.144975,0,0,0,0,0,0,0
37,379999,62,370000,72,150000,40,9999,0.100000,0,0,0.000000,6,0.000000,0.000000,0.909786,0,0,0,0,0,0,0
37,379999,63,370000,0,60000,40,9999,0.100000,0,0,0.000000,6,0.000000,0.000000,0.341213,0,0,0,0,0,0,0
37,379999,64,370000,4,10000,40,9999,0.100000,0,0,0.000000,6,0.000000,0.000000,1.021599,0,0,0,0,0,0,0
37,379999,65,370000,4,10000,49,9999,0.100000,0,0,0.000000,6,5.000000,0.000000,11.749029,0,0,0,0,0,0,0
37,379999,66,370000,0,60000,40,9999,0.100000,0,0,0.000000,6,0.000000,0.000000,1.030195,0,0,0,0,0,0,0
37,379999,67,370000,0,60000,40,9999,0.100000,0,0,0.000000,6,0.000000,0.000000,0.254631,0,0,0,0,0,0,0
37,379999,68,370000,0,60000,40,9999,0.100000,0,0,0.000000,6,0.000000,0.000000,3.160638,0,0,0,0,0,0,0
37,379999,69,370000,72,70000,40,9999,0.100000,0,0,0.000000,6,0.000000,0.000000,0.245943,0,0,0,0,0,0,0
37,379999,70,370000,4,10000,40,9999,0.100000,0,0,0.000000,6,0.000000,0.000000,0.419547,0,0,0,0,0,0,0
37,379999,71,370000,0,40000,40,9999,0.100000,0,0,0.000000,6,0.000000,0.000000,0.163047,0,0,0,0,0,0,0
37,379999,72,370000,4,10000,40,9999,0.100000,0,0,0.000000,6,0.000000,0.000000,0.591742,0,0,0,0,0,0,0
37,379999,73,370000,20,0,40,9999,0.100000,0,0,0.000000,6,0.000000,0.000000,2.105215,0,0,0,0,0,0,0
37,379999,74,370000,4,10000,49,9999,0.100000,0,0,0.000000,6,2.000000,0.000000,5.067131,0,0,0,0,0,0,0
37,379999,75,370000,20,0,40,9999,0.100000,0,0,0.000000,6,0.000000,0.000000,0.088093,0,0,0,0,0,0,0
37,379999,76,370000,72,70000,40,9999,0.100000,0,0,0.000000,6,0.000000,0.000000,0.191004,0,0,0,0,0,0,0
37,379999,77,370000,0,40000,40,9999,0.100000,0,0,0.000000,6,0.000000,0.000000,0.382677,0,0,0,0,0,0,0
37,379999,78,370000,0,60000,49,9999,0.100000,0,0,0.000000,6,7.000000,0.000000,16.866069,0,0,0,0,0,0,0
37,379999,79,370000,72,70000,40,9999,0.100000,0,0,0.000000,6,0.000000,0.000000,0.115969,0,0,0,0,0,0,0
37,379999,80,370000,72,150000,40,9999,0.100000,0,0,0.000000,6,0.000000,0.000000,0.419143,0,0,0,0,0,0,0
37,379999,81,370000,4,10000,40,9999,0.100000,0,0,0.000000,6,0.000000,0.000000,23.854339,0,0,0,0,0,0,0
37,379999,82,370000,20,0,40,9999,0.100000,0,0,0.000000,6,0.000000,0.000000,0.075818,0,0,0,0,0,0,0
37,379999,83,370000,20,0,40,9999,0.100000,0,0,0.000000,6,0.000000,0.000000,0.075399,0,0,0,0,0,0,0
37,379999,84,370000,72,70000,40,9999,0.100000,0,0,0.000000,6,0.000000,0.000000,0.616197,0,0,0,0,0,0,0
37,379999,85,370000,20,0,40,9999,0.100000,0,0,0.000000,6,0.000000,0.000000,0.416873,0,0,0,0,0,0,0
37,379999,86,370000,20,0,40,9999,0.100000,0,0,0.000000,6,0.000000,0.000000,0.108901,0,0,0,0,0,0,0
37,379999,87,370000,0,40000,40,9999,0.100000,0,0,0.000000,6,0.000000,0.000000,2.929234,0,0,0,0,0,0,0
37,379999,88,370000,0,60000,40,9999,0.100000,0,0,0.000000,6,0.000000,0.000000,1.773002,0,0,0,0,0,0,0
37,379999,89,370000,4,10000,40,9999,0.100000,0,0,0.000000,6,0.000000,0.000000,0.211789,0,0,0,0,0,0,0
37,379999,90,370000,72,150000,40,9999,0.100000,0,0,0.000000,6,0.000000,0.000000,0.378106,0,0,0,0,0,0,0
37,379999,91,370000,20,0,40,9999,0.100000,0,0,0.000000,6,0.000000,0.000000,0.386654,0,0,0,0,0,0,0
37,379999,92,370000,20,0,40,9999,0.100000,0,0,0.000000,6,0.000000,0.000000,2.403436,0,0,0,0,0,0,0
37,379999,93,370000,72,150000,40,9999,0.100000,0,0,0.000000,6,0.000000,0.000000,0.076691,0,0,0,0,0,0,0
37,379999,94,370000,72,150000,40,9999,0.100000,0,0,0.000000,6,0.000000,0.000000,0.329261,0,0,0,0,0,0,0
37,379999,95,370000,72,70000,40,9999,0.100000,0,0,0.000000,6,0.000000,0.000000,0.104603,0,0,0,0,0,0,0
37,379999,96,370000,72,150000,49,9999,0.100000,0,0,0.000000,6,5.000000,0.000000,10.447845,0,0,0,0,0,0,0
37,379999,97,370000,0,60000,40,9999,0.100000,0,0,0.000000,6,0.000000,0.000000,0.237631,0,0,0,0,0,0,0
37,379999,98,370000,72,70000,40,9999,0.100000,0,0,0.000000,6,0.000000,0.000000,0.448521,0,0,0,0,0,0,0
37,379999,99,370000,4,10000,40,9999,0.100000,0,0,0.000000,6,0.000000,0.000000,0.944680,0,0,0,0,0,0,0
38,389999,0,380000,0,40000,40,9999,0.100000,0,0,0.000000,6,0.000000,0.000000,0.529488,0,0,0,0,0,0,0
38,389999,1,380000,20,0,40,9999,0.100000,0,0,0.000000,6,0.000000,0.000000,0.202619,0,0,0,0,0,0,0
38,389999,2,380000,0,60000,40,9999,0.100000,0,0,0.000000,6,0.000000,0.000000,0.616717,0,0,0,0,0,0,0
38,389999,3,380000,72,70000,40,9999,0.100000,0,0,0.000000,6,0.000000,0.000000,0.344467,0,0,0,0,0,0,0
38,389999,4,380000,20,0,40,9999,0.100000,0,0,0.000000,6,0.000000,0.000000,0.394829,0,0,0,0,0,0,0
38,389999,5,380000,0,60000,40,9999,0.100000,0,0,0.000000,6,0.000000,0.000000,0.096418,0,0,0,0,0,0,0
38,389999,6,380000,0,60000,40,9999,0.100000,0,0,0.000000,6,0.000000,0.000000,0.144973,0,0,0,0,0,0,0
38,389999,7,380000,4,10000,49,9999,0.100000,0,0,0.000000,6,8.000000,0.000000,13.468632,0,0,0,0,0,0,0
38,389999,8,380000,4,10000,40,9999,0.100000,0,0,0.000000,6,0.000000,0.000000,0.578965,0,0,0,0,0,0,0
38,389999,9,380000,72,150000,40,9999,0.100000,0,0,0.000000,6,0.000000,0.000000,0.166226,0,0,0,0,0,0,0
38,389999,10,380000,4,10000,40,9999,0.100000,0,0,0.000000,6,0.000000,0.000000,0.376738,0,0,0,0,0,0,0
38,389999,11,380000,0,40000,40,9999,0.100000,0,0,0.000000,6,0.000000,0.000000,0.164420,0,0,0,0,0,0,0
38,389999,12,380000,0,40000,40,9999,0.100000,0,0,0.000000,6,0.000000,0.000000,0.885151,0,0,0,0,0,0,0
38,389999,13,380000,72,70000,40,9999,0.100000,0,0,0.000000,6,0.000000,0.000000,0.226942,0,0,0,0,0,0,0
38,389999,14,380000,0,60000,40,9999,0.100000,0,0,0.000000,6,0.000000,0.000000,0.203730,0,0,0,0,0,0,0
38,389999,15,380000,0,40000,40,9999,0.100000,0,0,0.000000,6,0.000000,0.000000,0.917091,0,0,0,0,0,0,0
38,389999,16,380000,72,150000,40,9999,0.100000,0,0,0.000000,6,0.000000,0.000000,0.886577,0,0,0,0,0,0,0
38,389999,17,380000,20,0,40,9999,0.100000,0,0,0.000000,6,0.000000,0.000000,0.094574,0,0,0,0,0,0,0
38,389999,18,380000,20,0,40,9999,0.100000,0,0,0.000000,6,0.000000,0.000000,0.242688,0,0,0,0,0,0,0
38,389999,19,380000,72,70000,40,9999,0.100000,0,0,0.000000,6,0.000000,0.000000,0.234243,0,0,0,0,0,0,0
38,389999,20,380000,72,70000,40,9999,0.100000,0,0,0.000000,6,0.000000,0.000000,1.248795,0,0,0,0,0,0,0
38,389999,21,380000,72,70000,40,9999,0.100000,0,0,0.000000,6,0.000000,0.000000,0.337139,0,0,0,0,0,0,0
38,389999,22,380000,4,10000,40,9999,0.100000,0,0,0.000000,6,0.000000,0.000000,0.178635,0,0,0,0,0,0,0
38,389999,23,380000,20,0,40,9999,0.100000,0,0,0.000000,6,0.000000,0.000000,0.231722,0,0,0,0,0,0,0
38,389999,24,380000,20,0,40,9999,0.100000,0,0,0.000000,6,0.000000,0.000000,0.280750,0,0,0,0,0,0,0
38,389999,25,380000,72,70000,49,9999,0.100000,0,0,0.000000,6,2.000000,0.000000,16.565723,0,0,0,0,0,0,0
38,389999,26,380000,20,0,40,9999,0.100000,0,0,0.000000,6,0.000000,0.000000,0.132682,0,0,0,0,0,0,0
38,389999,27,380000,4,10000,40,9999,0.100000,0,0,0.000000,6,0.000000,0.000000,0.125869,0,0,0,0,0,0,0
38,389999,28,380000,0,40000,40,9999,0.100000,0,0,0.000000,6,0.000000,0.000000,0.577136,0,0,0,0,0,0,0
38,389999,29,380000,0,60000,40,9999,0.100000,0,0,0.000000,6,0.000000,0.000000,0.403365,0,0,0,0,0,0,0
38,389999,30,380000,72,70000,40,9999,0.100000,0,0,0.000000,6,0.000000,0.000000,3.913819,0,0,0,0,0,0,0
38,389999,31,380000,0,60000,49,9999,0.100000,0,0,0.000000,6,2.000000,0.000000,2.965505,0,0,0,0,0,0,0
38,389999,32,380000,20,0,40,9999,0.100000,0,0,0.000000,6,0.000000,0.000000,0.244743,0,0,0,0,0,0,0
38,389999,33,380000,0,60000,40,9999,0.100000,0,0,0.000000,6,0.000000,0.000000,0.816009,0,0,0,0,0,0,0
38,389999,34,380000,72,150000,49,9999,0.100000,0,0,0.000000,6,6.000000,0.000000,12.287212,0,0,0,0,0,0,0
38,389999,35,380000,4,10000,49,9999,0.100000,0,0,0.000000,6,2.000000,0.000000,3.192956,0,0,0,0,0,0,0
38,389999,36,380000,0,60000,40,9999,0.100000,0,0,0.000000,6,0.000000,0.000000,0.345350,0,0,0,0,0,0,0
38,389999,37,380000,0,40000,40,9999,0.100000,0,0,0.000000,6,0.000000,0.000000,0.497196,0,0,0,0,0,0,0
38,389999,38,380000,72,70000,40,9999,0.100000,0,0,0.000000,6,0.000000,0.000000,0.169292,0,0,0,0,0,0,0
38,389999,39,380000,20,0,40,9999,0.100000,0,0,0.000000,6,0.000000,0.000000,0.079166,0,0,0,0,0,0,0
38,389999,40,380000,20,0,40,9999,0.100000,0,0,0.000000,6,0.000000,0.000000,0.081750,0,0,0,0,0,0,0
38,389999,41,380000,72,150000,40,9999,0.100000,0,0,0.000000,6,0.000000,0.000000,0.087841,0,0,0,0,0,0,0
38,389999,42,380000,0,40000,40,9999,0.100000,0,0,0.000000,6,0.000000,0.000000,0.316683,0,0,0,0,0,0,0
38,389999,43,380000,20,0,40,9999,0.100000,0,0,0.000000,6,0.000000,0.000000,0.230015,0,0,0,0,0,0,0
38,389999,44,380000,72,70000,40,9999,0.100000,0,0,0.000000,6,0.000000,0.000000,0.238330,0,0,0,0,0,0,0
38,389999,45,380000,72,150000,40,9999,0.065000,0,0,0.000000,6,0.000000,0.000000,0.238054,0,0,0,0,0,0,0
38,389999,46,380000,0,40000,40,9999,0.100000,0,0,0.000000,6,0.000000,0.000000,0.243649,0,0,0,0,0,0,0
38,389999,47,380000,0,60000,40,9999,0.100000,0,0,0.000000,6,0.000000,0.000000,0.441599,0,0,0,0,0,0,0
38,389999,48,380000,72,70000,40,9999,0.100000,0,0,0.000000,6,0.000000,0.000000,0.381728,0,0,0,0,0,0,0
38,389999,49,380000,72,150000,40,9999,0.100000,0,0,0.000000,6,0.000000,0.000000,1.900078,0,0,0,0,0,0,0
38,389999,50,380000,72,70000,40,9999,0.100000,0,0,0.000000,6,0.000000,0.000000,0.175213,0,0,0,0,0,0,0
38,389999,51,380000,4,10000,40,9999,0.100000,0,0,0.000000,6,0.000000,0.000000,1.541229,0,0,0,0,0,0,0
38,389999,52,380000,20,0,40,9999,0.100000,0,0,0.000000,6,0.000000,0.000000,0.348296,0,0,0,0,0,0,0
38,389999,53,380000,72,150000,40,9999,0.100000,0,0,0.000000,6,0.000000,0.000000,0.177513,0,0,0,0,0,0,0
38,389999,54,380000,72,150000,40,9999,0.100000,0,0,0.000000,6,0.000000,0.000000,1.020157,0,0,0,0,0,0,0
38,389999,55,380000,0,40000,40,9999,0.100000,0,0,0.000000,6,0.000000,0.000000,0.118193,0,0,0,0,0,0,0
38,389999,56,380000,20,0,40,9999,0.100000,0,0,0.000000,6,0.000000,0.000000,1.676083,0,0,0,0,0,0,0
38,389999,57,380000,72,70000,40,9999,0.100000,0,0,0.000000,6,0.000000,0.000000,2.479298,0,0,0,0,0,0,0
38,389999,58,380000,4,10000,49,9999,0.100000,0,0,0.000000,6,2.000000,0.000000,5.536543,0,0,0,0,0,0,0
38,389999,59,380000,4,10000,40,9999,0.100000,0,0,0.000000,6,0.000000,0.000000,0.573028,0,0,0,0,0,0,0
38,389999,60,380000,0,40000,40,9999,0.100000,0,0,0.000000,6,0.000000,0.000000,0.325130,0,0,0,0,0,0,0
38,389999,61,380000,0,40000,40,9999,0.100000,0,0,0.000000,6,0.000000,0.000000,0.551069,0,0,0,0,0,0,0
38,389999,62,380000,72,70000,40,9999,0.100000,0,0,0.000000,6,0.000000,0.000000,0.691526,0,0,0,0,0,0,0
38,389999,63,380000,72,150000,40,9999,0.100000,0,0,0.000000,6,0.000000,0.000000,0.264464,0,0,0,0,0,0,0
38,389999,64,380000,72,150000,40,9999,0.100000,0,0,0.000000,6,0.000000,0.000000,0.115176,0,0,0,0,0,0,0
38,389999,65,380000,20,0,40,9999,0.100000,0,0,0.000000,6,0.000000,0.000000,0.408419,0,0,0,0,0,0,0
38,389999,66,380000,4,10000,40,9999,0.100000,0,0,0.000000,6,0.000000,0.000000,0.129317,0,0,0,0,0,0,0
38,389999,67,380000,0,60000,40,9999,0.100000,0,0,0.000000,6,0.000000,0.000000,1.278192,0,0,0,0,0,0,0
38,389999,68,380000,0,60000,40,9999,0.100000,0,0,0.000000,6,0.000000,0.000000,3.263529,0,0,0,0,0,0,0
38,389999,69,380000,0,60000,40,9999,0.100000,0,0,0.000000,6,0.000000,0.000000,0.250766,0,0,0,0,0,0,0
38,389999,70,380000,4,10000,40,9999,0.100000,0,0,0.000000,6,0.000000,0.000000,0.274587,0,0,0,0,0,0,0
38,389999,71,380000,72,150000,40,9999,0.100000,0,0,0.000000,6,0.000000,0.000000,0.165758,0,0,0,0,0,0,0
38,389999,72,380000,72,150000,40,9999,0.100000,0,0,0.000000,6,0.000000,0.000000,0.534600,0,0,0,0,0,0,0
38,389999,73,380000,72,70000,40,9999,0.100000,0,0,0.000000,6,0.000000,0.000000,1.016492,0,0,0,0,0,0,0
38,389999,74,380000,0,60000,40,9999,0.100000,0,0,0.000000,6,0.000000,0.000000,0.315553,0,0,0,0,0,0,0
38,389999,75,380000,72,70000,40,9999,0.100000,0,0,0.000000,6,0.000000,0.000000,0.088954,0,0,0,0,0,0,0
38,389999,76,380000,0,40000,40,9999,0.100000,0,0,0.000000,6,0.000000,0.000000,0.185235,0,0,0,0,0,0,0
38,389999,77,380000,0,40000,40,9999,0.100000,0,0,0.000000,6,0.000000,0.000000,0.380457,0,0,0,0,0,0,0
38,389999,78,380000,72,150000,49,9999,0.100000,0,0,0.000000,6,1.000000,0.000000,5.218945,0,0,0,0,0,0,0
38,389999,79,380000,4,10000,40,9999,0.100000,0,0,0.000000,6,0.000000,0.000000,0.177307,0,0,0,0,0,0,0
38,389999,80,380000,0,60000,40,9999,0.100000,0,0,0.000000,6,0.000000,0.000000,0.335626,0,0,0,0,0,0,0
38,389999,81,380000,20,0,40,9999,0.100000,0,0,0.000000,6,0.000000,0.000000,23.760122,0,0,0,0,0,0,0
38,389999,82,380000,72,150000,40,9999,0.100000,0,0,0.000000,6,0.000000,0.000000,0.077247,0,0,0,0,0,0,0
38,389999,83,380000,20,0,40,9999,0.100000,0,0,0.000000,6,0.000000,0.000000,1.065493,0,0,0,0,0,0,0
38,389999,84,380000,72,150000,40,9999,0.100000,0,0,0.000000,6,0.000000,0.000000,0.614559,0,0,0,0,0,0,0
38,389999,85,380000,72,70000,40,9999,0.100000,0,0,0.000000,6,0.000000,0.000000,0.368235,0,0,0,0,0,0,0
38,389999,86,380000,20,0,40,9999,0.100000,0,0,0.000000,6,0.000000,0.000000,0.110984,0,0,0,0,0,0,0
38,389999,87,380000,72,150000,40,9999,0.100000,0,0,0.000000,6,0.000000,0.000000,0.851829,0,0,0,0,0,0,0
38,389999,88,380000,0,40000,40,9999,0.100000,0,0,0.000000,6,0.000000,0.000000,0.741086,0,0,0,0,0,0,0
38,389999,89,380000,0,60000,40,9999,0.100000,0,0,0.000000,6,0.000000,0.000000,0.230737,0,0,0,0,0,0,0
38,389999,90,380000,72,150000,40,9999,0.100000,0,0,0.000000,6,0.000000,0.000000,0.351706,0,0,0,0,0,0,0
38,389999,91,380000,20,0,40,9999,0.100000,0,0,0.000000,6,0.000000,0.000000,0.294681,0,0,0,0,0,0,0
38,389999,92,380000,72,70000,40,9999,0.100000,0,0,0.000000,6,0.000000,0.000000,0.193647,0,0,0,0,0,0,0
38,389999,93,380000,72,70000,40,9999,0.100000,0,0,0.000000,6,0.000000,0.000000,0.075910,0,0,0,0,0,0,0
38,389999,94,380000,72,150000,40,9999,0.100000,0,0,0.000000,6,0.000000,0.000000,0.407237,0,0,0,0,0,0,0
38,389999,95,380000,20,0,40,9999,0.100000,0,0,0.000000,6,0.000000,0.000000,0.099939,0,0,0,0,0,0,0
38,389999,96,380000,0,60000,40,9999,0.100000,0,0,0.000000,6,0.000000,0.000000,0.087730,0,0,0,0,0,0,0
38,389999,97,380000,72,150000,49,9999,0.100000,0,0,0.000000,6,11.000000,0.000000,22.569731,0,0,0,0,0,0,0
38,389999,98,380000,4,10000,40,9999,0.100000,0,0,0.000000,6,0.000000,0.000000,0.413498,0,0,0,0,0,0,0
38,389999,99,380000,20,0,40,9999,0.100000,0,0,0.000000,6,0.000000,0.000000,0.104445,0,0,0,0,0,0,0
39,399999,0,390000,20,0,40,9999,0.100000,0,0,0.000000,6,0.000000,0.000000,0.511069,0,0,0,0,0,0,0
39,399999,1,390000,4,10000,40,9999,0.100000,0,0,0.000000,6,0.000000,0.000000,0.244613,0,0,0,0,0,0,0
39,399999,2,390000,20,0,40,9999,0.100000,0,0,0.000000,6,0.000000,0.000000,0.704133,0,0,0,0,0,0,0
39,399999,3,390000,72,150000,40,9999,0.100000,0,0,0.000000,6,0.000000,0.000000,0.670496,0,0,0,0,0,0,0
39,399999,4,390000,20,0,40,9999,0.100000,0,0,0.000000,6,0.000000,0.000000,0.397003,0,0,0,0,0,0,0
39,399999,5,390000,0,60000,40,9999,0.100000,0,0,0.000000,6,0.000000,0.000000,0.098431,0,0,0,0,0,0,0
39,399999,6,390000,20,0,40,9999,0.100000,0,0,0.000000,6,0.000000,0.000000,0.143979,0,0,0,0,0,0,0
39,399999,7,390000,72,70000,40,9999,0.100000,0,0,0.000000,6,0.000000,0.000000,11.450212,0,0,0,0,0,0,0
39,399999,8,390000,20,0,40,9999,0.100000,0,0,0.000000,6,0.000000,0.000000,0.366969,0,0,0,0,0,0,0
39,399999,9,390000,72,150000,40,9999,0.100000,0,0,0.000000,6,0.000000,0.000000,0.090895,0,0,0,0,0,0,0
39,399999,10,390000,72,150000,40,9999,0.100000,0,0,0.000000,6,0.000000,0.000000,0.392294,0,0,0,0,0,0,0
39,399999,11,390000,4,10000,40,9999,0.100000,0,0,0.000000,6,0.000000,0.000000,0.162156,0,0,0,0,0,0,0
39,399999,12,390000,4,10000,40,9999,0.100000,0,0,0.000000,6,0.000000,0.000000,1.421543,0,0,0,0,0,0,0
39,399999,13,390000,0,60000,40,9999,0.100000,0,0,0.000000,6,0.000000,0.000000,0.227740,0,0,0,0,0,0,0
39,399999,14,390000,20,0,40,9999,0.100000,0,0,0.000000,6,0.000000,0.000000,0.131422,0,0,0,0,0,0,0
39,399999,15,390000,0,60000,40,9999,0.100000,0,0,0.000000,6,0.000000,0.000000,0.859394,0,0,0,0,0,0,0
39,399999,16,390000,72,70000,40,9999,0.100000,0,0,0.000000,6,0.000000,0.000000,1.015059,0,0,0,0,0,0,0
39,399999,17,390000,0,60000,40,9999,0.100000,0,0,0.000000,6,0.000000,0.000000,0.094396,0,0,0,0,0,0,0
39,399999,18,390000,72,150000,40,9999,0.100000,0,0,0.000000,6,0.000000,0.000000,0.239027,0,0,0,0,0,0,0
39,399999,19,390000,72,70000,40,9999,0.100000,0,0,0.000000,6,0.000000,0.000000,0.224348,0,0,0,0,0,0,0
39,399999,20,390000,72,150000,40,9999,0.100000,0,0,0.000000,6,0.000000,0.000000,0.424306,0,0,0,0,0,0,0
39,399999,21,390000,4,10000,40,9999,0.100000,0,0,0.000000,6,0.000000,0.000000,0.635876,0,0,0,0,0,0,0
39,399999,22,390000,0,40000,40,9999,0.100000,0,0,0.000000,6,0.000000,0.000000,0.093148,0,0,0,0,0,0,0
39,399999,23,390000,72,70000,40,9999,0.100000,0,0,0.000000,6,0.000000,0.000000,0.222926,0,0,0,0,0,0,0
39,399999,24,390000,20,0,40,9999,0.100000,0,0,0.000000,6,0.000000,0.000000,0.286351,0,0,0,0,0,0,0
39,399999,25,390000,0,60000,40,9999,0.100000,0,0,0.000000,6,0.000000,0.000000,11.184792,0,0,0,0,0,0,0
39,399999,26,390000,0,40000,40,9999,0.100000,0,0,0.000000,6,0.000000,0.000000,0.994147,0,0,0,0,0,0,0
39,399999,27,390000,4,10000,40,9999,0.100000,0,0,0.000000,6,0.000000,0.000000,0.125682,0,0,0,0,0,0,0
39,399999,28,390000,72,150000,40,9999,0.100000,0,0,0.000000,6,0.000000,0.000000,1.329093,0,0,0,0,0,0,0
39,399999,29,390000,4,10000,40,9999,0.100000,0,0,0.000000,6,0.000000,0.000000,0.524175,0,0,0,0,0,0,0
39,399999,30,390000,72,150000,49,9999,0.100000,0,0,0.000000,6,3.000000,0.000000,9.384733,0,0,0,0,0,0,0
39,399999,31,390000,0,60000,40,9999,0.100000,0,0,0.000000,6,0.000000,0.000000,0.693661,0,0,0,0,0,0,0
39,399999,32,390000,0,60000,40,9999,0.100000,0,0,0.000000,6,0.000000,0.000000,0.338392,0,0,0,0,0,0,0
39,399999,33,390000,72,150000,40,9999,0.100000,0,0,0.000000,6,0.000000,0.000000,0.695438,0,0,0,0,0,0,0
39,399999,34,390000,72,150000,40,9999,0.100000,0,0,0.000000,6,0.000000,0.000000,0.076063,0,0,0,0,0,0,0
39,399999,35,390000,72,70000,40,9999,0.100000,0,0,0.000000,6,0.000000,0.000000,0.205979,0,0,0,0,0,0,0
39,399999,36,390000,0,40000,40,9999,0.100000,0,0,0.000000,6,0.000000,0.000000,0.272265,0,0,0,0,0,0,0
39,399999,37,390000,4,10000,40,9999,0.100000,0,0,0.000000,6,0.000000,0.000000,0.440663,0,0,0,0,0,0,0
39,399999,38,390000,72,150000,40,9999,0.100000,0,0,0.000000,6,0.000000,0.000000,0.638648,0,0,0,0,0,0,0
39,399999,39,390000,0,60000,40,9999,0.100000,0,0,0.000000,6,0.000000,0.000000,0.081908,0,0,0,0,0,0,0
39,399999,40,390000,20,0,40,9999,0.100000,0,0,0.000000,6,0.000000,0.000000,0.085015,0,0,0,0,0,0,0
39,399999,41,390000,20,0,40,9999,0.100000,0,0,0.000000,6,0.000000,0.000000,0.086293,0,0,0,0,0,0,0
39,399999,42,390000,20,0,40,9999,0.100000,0,0,0.000000,6,0.000000,0.000000,0.151418,0,0,0,0,0,0,0
39,399999,43,390000,72,70000,40,9999,0.100000,0,0,0.000000,6,0.000000,0.000000,0.392843,0,0,0,0,0,0,0
39,399999,44,390000,72,150000,40,9999,0.100000,0,0,0.000000,6,0.000000,0.000000,0.231608,0,0,0,0,0,0,0
39,399999,45,390000,0,60000,40,9999,0.100000,0,0,0.000000,6,0.000000,0.000000,0.223219,0,0,0,0,0,0,0
39,399999,46,380000,0,40000,40,19999,0.100000,0,0,0.000000,6,0.000000,0.000000,0.238249,0,0,0,0,0,0,0
39,399999,47,390000,72,70000,40,9999,0.100000,0,0,0.000000,6,0.000000,0.000000,0.465217,0,0,0,0,0,0,0
39,399999,48,390000,20,0,40,9999,0.100000,0,0,0.000000,6,0.000000,0.000000,0.260309,0,0,0,0,0,0,0
39,399999,49,390000,72,70000,40,9999,0.100000,0,0,0.000000,6,0.000000,0.000000,1.480887,0,0,0,0,0,0,0
39,399999,50,390000,72,150000,40,9999,0.100000,0,0,0.000000,6,0.000000,0.000000,0.696851,0,0,0,0,0,0,0
39,399999,51,390000,0,40000,40,9999,0.100000,0,0,0.000000,6,0.000000,0.000000,1.614900,0,0,0,0,0,0,0
39,399999,52,390000,72,70000,40,9999,0.100000,0,0,0.000000,6,0.000000,0.000000,0.377184,0,0,0,0,0,0,0
39,399999,53,390000,0,40000,40,9999,0.100000,0,0,0.000000,6,0.000000,0.000000,0.178905,0,0,0,0,0,0,0
39,399999,54,390000,72,70000,40,9999,0.100000,0,0,0.000000,6,0.000000,0.000000,1.114715,0,0,0,0,0,0,0
39,399999,55,390000,20,0,40,9999,0.100000,0,0,0.000000,6,0.000000,0.000000,0.842958,0,0,0,0,0,0,0
39,399999,56,390000,4,10000,40,9999,0.100000,0,0,0.000000,6,0.000000,0.000000,1.594308,0,0,0,0,0,0,0
39,399999,57,390000,4,10000,40,9999,0.100000,0,0,0.000000,6,0.000000,0.000000,0.634415,0,0,0,0,0,0,0
39,399999,58,390000,72,70000,40,9999,0.100000,0,0,0.000000,6,0.000000,0.000000,0.869635,0,0,0,0,0,0,0
39,399999,59,390000,72,70000,40,9999,0.100000,0,0,0.000000,6,0.000000,0.000000,0.839608,0,0,0,0,0,0,0
39,399999,60,390000,72,70000,40,9999,0.100000,0,0,0.000000,6,0.000000,0.000000,0.534234,0,0,0,0,0,0,0
39,399999,61,390000,20,0,40,9999,0.100000,0,0,0.000000,6,0.000000,0.000000,0.190836,0,0,0,0,0,0,0
39,399999,62,390000,20,0,40,9999,0.100000,0,0,0.000000,6,0.000000,0.000000,0.441132,0,0,0,0,0,0,0
39,399999,63,390000,0,60000,40,9999,0.100000,0,0,0.000000,6,0.000000,0.000000,0.272959,0,0,0,0,0,0,0
39,399999,64,390000,0,40000,40,9999,0.100000,0,0,0.000000,6,0.000000,0.000000,0.106900,0,0,0,0,0,0,0
39,399999,65,390000,20,0,40,9999,0.100000,0,0,0.000000,6,0.000000,0.000000,0.429349,0,0,0,0,0,0,0
39,399999,66,390000,20,0,40,9999,0.100000,0,0,0.000000,6,0.000000,0.000000,0.122611,0,0,0,0,0,0,0
39,399999,67,390000,72,150000,40,9999,0.100000,0,0,0.000000,6,0.000000,0.000000,0.495705,0,0,0,0,0,0,0
39,399999,68,390000,20,0,40,9999,0.100000,0,0,0.000000,6,0.000000,0.000000,3.193847,0,0,0,0,0,0,0
39,399999,69,390000,4,10000,49,9999,0.100000,0,0,0.000000,6,3.000000,0.000000,7.428233,0,0,0,0,0,0,0
39,399999,70,390000,4,10000,40,9999,0.100000,0,0,0.000000,6,0.000000,0.000000,0.246971,0,0,0,0,0,0,0
39,399999,71,390000,0,60000,40,9999,0.100000,0,0,0.000000,6,0.000000,0.000000,0.172029,0,0,0,0,0,0,0
39,399999,72,390000,72,150000,40,9999,0.100000,0,0,0.000000,6,0.000000,0.000000,0.374262,0,0,0,0,0,0,0
39,399999,73,390000,4,10000,49,9999,0.100000,0,0,0.000000,6,9.000000,0.000000,20.526358,0,0,0,0,0,0,0
39,399999,74,390000,0,40000,40,9999,0.100000,0,0,0.000000,6,0.000000,0.000000,0.310093,0,0,0,0,0,0,0
39,399999,75,390000,0,60000,40,9999,0.100000,0,0,0.000000,6,0.000000,0.000000,0.089332,0,0,0,0,0,0,0
39,399999,76,390000,0,40000,40,9999,0.100000,0,0,0.000000,6,0.000000,0.000000,0.183238,0,0,0,0,0,0,0
39,399999,77,390000,4,10000,40,9999,0.100000,0,0,0.000000,6,0.000000,0.000000,0.369792,0,0,0,0,0,0,0
39,399999,78,390000,20,0,40,9999,0.100000,0,0,0.000000,6,0.000000,0.000000,0.228130,0,0,0,0,0,0,0
39,399999,79,390000,72,150000,40,9999,0.100000,0,0,0.000000,6,0.000000,0.000000,0.124030,0,0,0,0,0,0,0
39,399999,80,390000,72,150000,40,9999,0.100000,0,0,0.000000,6,0.000000,0.000000,0.319087,0,0,0,0,0,0,0
39,399999,81,390000,72,70000,49,9999,0.100000,0,0,0.000000,6,5.000000,0.000000,35.111107,0,0,0,0,0,0,0
39,399999,82,390000,4,10000,40,9999,0.100000,0,0,0.000000,6,0.000000,0.000000,0.076344,0,0,0,0,0,0,0
39,399999,83,390000,0,40000,40,9999,0.100000,0,0,0.000000,6,0.000000,0.000000,0.075404,0,0,0,0,0,0,0
39,399999,84,390000,4,10000,40,9999,0.100000,0,0,0.000000,6,0.000000,0.000000,0.633198,0,0,0,0,0,0,0
39,399999,85,390000,72,150000,40,9999,0.100000,0,0,0.000000,6,0.000000,0.000000,0.376507,0,0,0,0,0,0,0
39,399999,86,390000,0,60000,40,9999,0.100000,0,0,0.000000,6,0.000000,0.000000,0.112076,0,0,0,0,0,0,0
39,399999,87,390000,20,0,40,9999,0.100000,0,0,0.000000,6,0.000000,0.000000,1.466087,0,0,0,0,0,0,0
39,399999,88,390000,20,0,40,9999,0.100000,0,0,0.000000,6,0.000000,0.000000,0.690953,0,0,0,0,0,0,0
39,399999,89,390000,20,0,40,9999,0.100000,0,0,0.000000,6,0.000000,0.000000,0.220547,0,0,0,0,0,0,0
39,399999,90,390000,72,150000,40,9999,0.100000,0,0,0.000000,6,0.000000,0.000000,0.363258,0,0,0,0,0,0,0
39,399999,91,390000,0,40000,49,9999,0.100000,0,0,0.000000,6,6.000000,0.000000,12.672045,0,0,0,0,0,0,0
39,399999,92,390000,0,60000,40,9999,0.065000,0,0,0.000000,6,0.000000,0.000000,0.247093,0,0,0,0,0,0,0
39,399999,93,390000,4,10000,49,9999,0.100000,0,0,0.000000,6,5.000000,0.000000,11.433322,0,0,0,0,0,0,0
39,399999,94,390000,0,60000,40,9999,0.100000,0,0,0.000000,6,0.000000,0.000000,0.474412,0,0,0,0,0,0,0
39,399999,95,390000,72,150000,40,9999,0.100000,0,0,0.000000,6,0.000000,0.000000,0.107460,0,0,0,0,0,0,0
39,399999,96,390000,72,150000,40,9999,0.100000,0,0,0.000000,6,0.000000,0.000000,0.081869,0,0,0,0,0,0,0
39,399999,97,390000,72,150000,40,9999,0.100000,0,0,0.000000,6,0.000000,0.000000,0.225279,0,0,0,0,0,0,0
39,399999,98,390000,72,150000,40,9999,0.100000,0,0,0.000000,6,0.000000,0.000000,0.652599,0,0,0,0,0,0,0
39,399999,99,390000,4,10000,40,9999,0.100000,0,0,0.000000,6,0.000000,0.000000,0.104668,0,0,0,0,0,0,0
40,409999,0,400000,0,60000,40,9999,0.100000,0,0,0.000000,6,0.000000,0.000000,0.551609,0,0,0,0,0,0,0
40,409999,1,400000,72,150000,40,9999,0.100000,0,0,0.000000,6,0.000000,0.000000,0.279041,0,0,0,0,0,0,0
40,409999,2,400000,72,150000,49,9999,0.100000,0,0,0.000000,6,1.000000,0.000000,2.658464,0,0,0,0,0,0,0
40,409999,3,400000,72,150000,40,9999,0.100000,0,0,0.000000,6,0.000000,0.000000,1.060477,0,0,0,0,0,0,0
40,409999,4,400000,4,10000,40,9999,0.100000,0,0,0.000000,6,0.000000,0.000000,0.563587,0,0,0,0,0,0,0
40,409999,5,400000,0,40000,40,9999,0.100000,0,0,0.000000,6,0.000000,0.000000,0.100679,0,0,0,0,0,0,0
40,409999,6,400000,72,150000,40,9999,0.100000,0,0,0.000000,6,0.000000,0.000000,0.142160,0,0,0,0,0,0,0
40,409999,7,400000,0,40000,40,9999,0.100000,0,0,0.000000,6,0.000000,0.000000,18.722750,0,0,0,0,0,0,0
40,409999,8,400000,4,10000,40,9999,0.100000,0,0,0.000000,6,0.000000,0.000000,0.556073,0,0,0,0,0,0,0
40,409999,9,400000,72,150000,40,9999,0.100000,0,0,0.000000,6,0.000000,0.000000,0.111222,0,0,0,0,0,0,0
40,409999,10,400000,72,70000,40,9999,0.100000,0,0,0.000000,6,0.000000,0.000000,0.567680,0,0,0,0,0,0,0
40,409999,11,400000,0,40000,40,9999,0.100000,0,0,0.000000,6,0.000000,0.000000,0.173602,0,0,0,0,0,0,0
40,409999,12,400000,4,10000,40,9999,0.100000,0,0,0.000000,6,0.000000,0.000000,0.350593,0,0,0,0,0,0,0
40,409999,13,400000,4,10000,40,9999,0.100000,0,0,0.000000,6,0.000000,0.000000,0.243288,0,0,0,0,0,0,0
40,409999,14,400000,20,0,40,9999,0.100000,0,0,0.000000,6,0.000000,0.000000,0.137736,0,0,0,0,0,0,0
40,409999,15,400000,72,150000,40,9999,0.100000,0,0,0.000000,6,0.000000,0.000000,0.907283,0,0,0,0,0,0,0
40,409999,16,400000,20,0,40,9999,0.100000,0,0,0.000000,6,0.000000,0.000000,2.511827,0,0,0,0,0,0,0
40,409999,17,400000,72,150000,40,9999,0.100000,0,0,0.000000,6,0.000000,0.000000,0.093963,0,0,0,0,0,0,0
40,409999,18,400000,20,0,40,9999,0.100000,0,0,0.000000,6,0.000000,0.000000,0.224850,0,0,0,0,0,0,0
40,409999,19,400000,72,150000,40,9999,0.100000,0,0,0.000000,6,0.000000,0.000000,0.237548,0,0,0,0,0,0,0
40,409999,20,400000,0,40000,40,9999,0.100000,0,0,0.000000,6,0.000000,0.000000,0.878899,0,0,0,0,0,0,0
40,409999,21,400000,4,10000,40,9999,0.100000,0,0,0.000000,6,0.000000,0.000000,0.420584,0,0,0,0,0,0,0
40,409999,22,400000,0,40000,40,9999,0.100000,0,0,0.000000,6,0.000000,0.000000,0.104442,0,0,0,0,0,0,0
40,409999,23,400000,0,40000,40,9999,0.100000,0,0,0.000000,6,0.000000,0.000000,0.219637,0,0,0,0,0,0,0
40,409999,24,400000,0,40000,40,9999,0.100000,0,0,0.000000,6,0.000000,0.000000,0.400554,0,0,0,0,0,0,0
40,409999,25,400000,20,0,49,9999,0.100000,0,0,0.000000,6,1.000000,0.000000,4.454811,0,0,0,0,0,0,0
40,409999,26,400000,0,60000,40,9999,0.100000,0,0,0.000000,6,0.000000,0.000000,1.131549,0,0,0,0,0,0,0
40,409999,27,400000,0,40000,40,9999,0.100000,0,0,0.000000,6,0.000000,0.000000,0.162983,0,0,0,0,0,0,0
40,409999,28,400000,4,10000,40,9999,0.100000,0,0,0.000000,6,0.000000,0.000000,1.089463,0,0,0,0,0,0,0
40,409999,29,400000,0,40000,40,9999,0.100000,0,0,0.000000,6,0.000000,0.000000,0.719675,0,0,0,0,0,0,0
40,409999,30,400000,20,0,40,9999,0.100000,0,0,0.000000,6,0.000000,0.000000,4.451563,0,0,0,0,0,0,0
40,409999,31,400000,4,10000,40,9999,0.100000,0,0,0.000000,6,0.000000,0.000000,1.362121,0,0,0,0,0,0,0
40,409999,32,400000,72,150000,40,9999,0.100000,0,0,0.000000,6,0.000000,0.000000,0.249528,0,0,0,0,0,0,0
40,409999,33,400000,0,40000,40,9999,0.100000,0,0,0.000000,6,0.000000,0.000000,0.286935,0,0,0,0,0,0,0
40,409999,34,400000,4,10000,40,9999,0.100000,0,0,0.000000,6,0.000000,0.000000,0.074556,0,0,0,0,0,0,0
40,409999,35,400000,0,40000,40,9999,0.100000,0,0,0.000000,6,0.000000,0.000000,1.353012,0,0,0,0,0,0,0
40,409999,36,400000,72,70000,40,9999,0.100000,0,0,0.000000,6,0.000000,0.000000,0.416054,0,0,0,0,0,0,0
40,409999,37,400000,4,10000,40,9999,0.100000,0,0,0.000000,6,0.000000,0.000000,0.767471,0,0,0,0,0,0,0
40,409999,38,400000,20,0,40,9999,0.100000,0,0,0.000000,6,0.000000,0.000000,0.855611,0,0,0,0,0,0,0
40,409999,39,400000,0,40000,40,9999,0.100000,0,0,0.000000,6,0.000000,0.000000,0.083525,0,0,0,0,0,0,0
40,409999,40,400000,4,10000,40,9999,0.100000,0,0,0.000000,6,0.000000,0.000000,0.092012,0,0,0,0,0,0,0
40,409999,41,400000,0,60000,49,9999,0.100000,0,0,0.000000,6,5.000000,0.000000,11.589678,0,0,0,0,0,0,0
40,409999,42,400000,4,10000,40,9999,0.100000,0,0,0.000000,6,0.000000,0.000000,0.127649,0,0,0,0,0,0,0
40,409999,43,400000,0,60000,40,9999,0.100000,0,0,0.000000,6,0.000000,0.000000,0.375518,0,0,0,0,0,0,0
40,409999,44,400000,0,60000,40,9999,0.100000,0,0,0.000000,6,0.000000,0.000000,0.226019,0,0,0,0,0,0,0
40,409999,45,400000,20,0,40,9999,0.100000,0,0,0.000000,6,0.000000,0.000000,0.237993,0,0,0,0,0,0,0
40,409999,46,400000,4,10000,40,9999,0.100000,0,0,0.000000,6,0.000000,0.000000,0.241625,0,0,0,0,0,0,0
40,409999,47,400000,0,60000,40,9999,0.100000,0,0,0.000000,6,0.000000,0.000000,0.459647,0,0,0,0,0,0,0
40,409999,48,400000,4,10000,40,9999,0.100000,0,0,0.000000,6,0.000000,0.000000,0.280763,0,0,0,0,0,0,0
40,409999,49,400000,4,10000,49,9999,0.100000,0,0,0.000000,6,2.000000,0.000000,3.876441,0,0,0,0,0,0,0
40,409999,50,400000,72,150000,40,9999,0.100000,0,0,0.000000,6,0.000000,0.000000,0.645727,0,0,0,0,0,0,0
40,409999,51,400000,72,70000,40,9999,0.100000,0,0,0.000000,6,0.000000,0.000000,0.294266,0,0,0,0,0,0,0
40,409999,52,400000,72,70000,49,9999,0.100000,0,0,0.000000,6,11.000000,0.000000,22.752961,0,0,0,0,0,0,0
40,409999,53,400000,72,70000,40,9999,0.100000,0,0,0.000000,6,0.000000,0.000000,0.319944,0,0,0,0,0,0,0
40,409999,54,400000,20,0,40,9999,0.100000,0,0,0.000000,6,0.000000,0.000000,1.008332,0,0,0,0,0,0,0
40,409999,55,400000,72,150000,40,9999,0.100000,0,0,0.000000,6,0.000000,0.000000,0.630341,0,0,0,0,0,0,0
40,409999,56,400000,72,150000,40,9999,0.100000,0,0,0.000000,6,0.000000,0.000000,1.657490,0,0,0,0,0,0,0
40,409999,57,400000,0,40000,40,9999,0.100000,0,0,0.000000,6,0.000000,0.000000,2.882453,0,0,0,0,0,0,0
40,409999,58,400000,72,70000,40,9999,0.100000,0,0,0.000000,6,0.000000,0.000000,0.623029,0,0,0,0,0,0,0
40,409999,59,400000,72,70000,49,9999,0.100000,0,0,0.000000,6,4.000000,0.000000,6.634799,0,0,0,0,0,0,0
40,409999,60,400000,0,60000,40,9999,0.100000,0,0,0.000000,6,0.000000,0.000000,0.361389,0,0,0,0,0,0,0
40,409999,61,400000,72,70000,40,9999,0.100000,0,0,0.000000,6,0.000000,0.000000,0.555306,0,0,0,0,0,0,0
40,409999,62,400000,0,60000,40,9999,0.100000,0,0,0.000000,6,0.000000,0.000000,0.448425,0,0,0,0,0,0,0
40,409999,63,400000,72,70000,40,9999,0.100000,0,0,0.000000,6,0.000000,0.000000,0.303300,0,0,0,0,0,0,0
40,409999,64,400000,4,10000,40,9999,0.100000,0,0,0.000000,6,0.000000,0.000000,0.118965,0,0,0,0,0,0,0
40,409999,65,400000,72,150000,40,9999,0.100000,0,0,0.000000,6,0.000000,0.000000,0.842410,0,0,0,0,0,0,0
40,409999,66,400000,0,40000,40,9999,0.100000,0,0,0.000000,6,0.000000,0.000000,0.109145,0,0,0,0,0,0,0
40,409999,67,400000,72,150000,40,9999,0.100000,0,0,0.000000,6,0.000000,0.000000,0.848977,0,0,0,0,0,0,0
40,409999,68,400000,0,40000,40,9999,0.100000,0,0,0.000000,6,0.000000,0.000000,3.157180,0,0,0,0,0,0,0
40,409999,69,400000,0,60000,40,9999,0.100000,0,0,0.000000,6,0.000000,0.000000,0.249170,0,0,0,0,0,0,0
40,409999,70,400000,4,10000,40,9999,0.100000,0,0,0.000000,6,0.000000,0.000000,0.270211,0,0,0,0,0,0,0
40,409999,71,400000,0,60000,40,9999,0.100000,0,0,0.000000,6,0.000000,0.000000,0.154259,0,0,0,0,0,0,0
40,409999,72,400000,0,60000,40,9999,0.100000,0,0,0.000000,6,0.000000,0.000000,0.277556,0,0,0,0,0,0,0
40,409999,73,400000,4,10000,40,9999,0.100000,0,0,0.000000,6,0.000000,0.000000,0.922238,0,0,0,0,0,0,0
40,409999,74,400000,0,40000,40,9999,0.100000,0,0,0.000000,6,0.000000,0.000000,0.314643,0,0,0,0,0,0,0
40,409999,75,400000,72,150000,40,9999,0.100000,0,0,0.000000,6,0.000000,0.000000,0.090836,0,0,0,0,0,0,0
40,409999,76,400000,72,150000,40,9999,0.100000,0,0,0.000000,6,0.000000,0.000000,0.189169,0,0,0,0,0,0,0
40,409999,77,400000,0,40000,40,9999,0.100000,0,0,0.000000,6,0.000000,0.000000,0.710897,0,0,0,0,0,0,0
40,409999,78,390000,20,0,40,19999,0.100000,0,0,0.000000,6,0.000000,0.000000,0.654101,0,0,0,0,0,0,0
40,409999,79,400000,20,0,49,9999,0.100000,0,0,0.000000,6,5.000000,0.000000,11.541056,0,0,0,0,0,0,0
40,409999,80,400000,4,10000,40,9999,0.100000,0,0,0.000000,6,0.000000,0.000000,0.702360,0,0,0,0,0,0,0
40,409999,81,400000,4,10000,49,9999,0.100000,0,0,0.000000,6,8.000000,0.000000,52.498843,0,0,0,0,0,0,0
40,409999,82,400000,0,60000,40,9999,0.100000,0,0,0.000000,6,0.000000,0.000000,0.077041,0,0,0,0,0,0,0
40,409999,83,400000,72,70000,40,9999,0.100000,0,0,0.000000,6,0.000000,0.000000,0.076038,0,0,0,0,0,0,0
40,409999,84,400000,20,0,40,9999,0.100000,0,0,0.000000,6,0.000000,0.000000,1.228010,0,0,0,0,0,0,0
40,409999,85,400000,20,0,40,9999,0.100000,0,0,0.000000,6,0.000000,0.000000,0.724602,0,0,0,0,0,0,0
40,409999,86,400000,4,10000,40,9999,0.100000,0,0,0.000000,6,0.000000,0.000000,0.108596,0,0,0,0,0,0,0
40,409999,87,400000,4,10000,40,9999,0.100000,0,0,0.000000,6,0.000000,0.000000,2.526034,0,0,0,0,0,0,0
40,409999,88,400000,72,150000,40,9999,0.100000,0,0,0.000000,6,0.000000,0.000000,1.940567,0,0,0,0,0,0,0
40,409999,89,400000,4,10000,40,9999,0.100000,0,0,0.000000,6,0.000000,0.000000,0.226278,0,0,0,0,0,0,0
40,409999,90,400000,0,60000,40,9999,0.100000,0,0,0.000000,6,0.000000,0.000000,0.547756,0,0,0,0,0,0,0
40,409999,91,400000,20,0,40,9999,0.100000,0,0,0.000000,6,0.000000,0.000000,0.562223,0,0,0,0,0,0,0
40,409999,92,400000,72,150000,49,9999,0.100000,0,0,0.000000,6,2.000000,0.000000,4.724082,0,0,0,0,0,0,0
40,409999,93,400000,20,0,40,9999,0.100000,0,0,0.000000,6,0.000000,0.000000,0.112836,0,0,0,0,0,0,0
40,409999,94,400000,72,150000,40,9999,0.100000,0,0,0.000000,6,0.000000,0.000000,0.833041,0,0,0,0,0,0,0
40,409999,95,400000,72,70000,40,9999,0.100000,0,0,0.000000,6,0.000000,0.000000,0.099682,0,0,0,0,0,0,0
40,409999,96,400000,20,0,40,9999,0.100000,0,0,0.000000,6,0.000000,0.000000,0.085024,0,0,0,0,0,0,0
40,409999,97,400000,4,10000,40,9999,0.100000,0,0,0.000000,6,0.000000,0.000000,0.240518,0,0,0,0,0,0,0
40,409999,98,400000,20,0,40,9999,0.100000,0,0,0.000000,6,0.000000,0.000000,0.869708,0,0,0,0,0,0,0
40,409999,99,400000,20,0,40,9999,0.135000,0,0,0.000000,6,0.000000,0.000000,0.102754,0,0,0,0,0,0,0
41,419999,0,410000,72,70000,40,9999,0.100000,0,0,0.000000,6,0.000000,0.000000,0.537594,0,0,0,0,0,0,0
41,419999,1,410000,72,150000,40,9999,0.100000,0,0,0.000000,6,0.000000,0.000000,0.240538,0,0,0,0,0,0,0
41,419999,2,410000,72,70000,40,9999,0.100000,0,0,0.000000,6,0.000000,0.000000,0.284112,0,0,0,0,0,0,0
41,419999,3,410000,0,40000,40,9999,0.100000,0,0,0.000000,6,0.000000,0.000000,0.910316,0,0,0,0,0,0,0
41,419999,4,410000,0,40000,40,9999,0.100000,0,0,0.000000,6,0.000000,0.000000,1.345516,0,0,0,0,0,0,0
41,419999,5,410000,20,0,40,9999,0.100000,0,0,0.000000,6,0.000000,0.000000,0.091798,0,0,0,0,0,0,0
41,419999,6,410000,72,150000,40,9999,0.100000,0,0,0.000000,6,0.000000,0.000000,0.137926,0,0,0,0,0,0,0
41,419999,7,410000,0,40000,40,9999,0.100000,0,0,0.000000,6,0.000000,0.000000,17.924313,0,0,0,0,0,0,0
41,419999,8,410000,4,10000,40,9999,0.100000,0,0,0.000000,6,0.000000,0.000000,0.368456,0,0,0,0,0,0,0
41,419999,9,410000,4,10000,40,9999,0.100000,0,0,0.000000,6,0.000000,0.000000,0.121383,0,0,0,0,0,0,0
41,419999,10,410000,0,40000,40,9999,0.100000,0,0,0.000000,6,0.000000,0.000000,0.386479,0,0,0,0,0,0,0
41,419999,11,410000,4,10000,40,9999,0.100000,0,0,0.000000,6,0.000000,0.000000,0.169775,0,0,0,0,0,0,0
41,419999,12,410000,20,0,40,9999,0.100000,0,0,0.000000,6,0.000000,0.000000,1.197098,0,0,0,0,0,0,0
41,419999,13,410000,72,70000,40,9999,0.100000,0,0,0.000000,6,0.000000,0.000000,0.231057,0,0,0,0,0,0,0
41,419999,14,410000,4,10000,40,9999,0.100000,0,0,0.000000,6,0.000000,0.000000,0.121974,0,0,0,0,0,0,0
41,419999,15,410000,0,40000,40,9999,0.100000,0,0,0.000000,6,0.000000,0.000000,0.901585,0,0,0,0,0,0,0
41,419999,16,410000,20,0,40,9999,0.100000,0,0,0.000000,6,0.000000,0.000000,0.130176,0,0,0,0,0,0,0
41,419999,17,410000,20,0,40,9999,0.100000,0,0,0.000000,6,0.000000,0.000000,0.092648,0,0,0,0,0,0,0
41,419999,18,410000,0,40000,40,9999,0.100000,0,0,0.000000,6,0.000000,0.000000,0.233065,0,0,0,0,0,0,0
41,419999,19,410000,0,60000,40,9999,0.100000,0,0,0.000000,6,0.000000,0.000000,0.239903,0,0,0,0,0,0,0
41,419999,20,410000,72,150000,40,9999,0.100000,0,0,0.000000,6,0.000000,0.000000,0.405268,0,0,0,0,0,0,0
41,419999,21,410000,72,150000,40,9999,0.100000,0,0,0.000000,6,0.000000,0.000000,1.128980,0,0,0,0,0,0,0
41,419999,22,410000,0,60000,40,9999,0.100000,0,0,0.000000,6,0.000000,0.000000,0.105673,0,0,0,0,0,0,0
41,419999,23,410000,20,0,40,9999,0.100000,0,0,0.000000,6,0.000000,0.000000,0.226555,0,0,0,0,0,0,0
41,419999,24,410000,4,10000,40,9999,0.100000,0,0,0.000000,6,0.000000,0.000000,0.359804,0,0,0,0,0,0,0
41,419999,25,410000,4,10000,40,9999,0.100000,0,0,0.000000,6,0.000000,0.000000,3.656726,0,0,0,0,0,0,0
41,419999,26,410000,20,0,40,9999,0.100000,0,0,0.000000,6,0.000000,0.000000,1.367983,0,0,0,0,0,0,0
41,419999,27,410000,72,70000,40,9999,0.100000,0,0,0.000000,6,0.000000,0.000000,0.126512,0,0,0,0,0,0,0
41,419999,28,410000,72,70000,40,9999,0.100000,0,0,0.000000,6,0.000000,0.000000,1.192949,0,0,0,0,0,0,0
41,419999,29,410000,4,10000,40,9999,0.100000,0,0,0.000000,6,0.000000,0.000000,0.829121,0,0,0,0,0,0,0
41,419999,30,410000,72,70000,49,9999,0.100000,0,0,0.000000,6,1.000000,0.000000,1.350782,0,0,0,0,0,0,0
41,419999,31,410000,4,10000,40,9999,0.100000,0,0,0.000000,6,0.000000,0.000000,0.747516,0,0,0,0,0,0,0
41,419999,32,410000,0,40000,40,9999,0.100000,0,0,0.000000,6,0.000000,0.000000,0.666419,0,0,0,0,0,0,0
41,419999,33,410000,72,70000,40,9999,0.100000,0,0,0.000000,6,0.000000,0.000000,0.296431,0,0,0,0,0,0,0
41,419999,34,410000,0,60000,40,9999,0.100000,0,0,0.000000,6,0.000000,0.000000,0.073361,0,0,0,0,0,0,0
41,419999,35,410000,0,60000,40,9999,0.100000,0,0,0.000000,6,0.000000,0.000000,1.593320,0,0,0,0,0,0,0
41,419999,36,410000,0,40000,40,9999,0.100000,0,0,0.000000,6,0.000000,0.000000,0.380733,0,0,0,0,0,0,0
41,419999,37,410000,72,150000,40,9999,0.100000,0,0,0.000000,6,0.000000,0.000000,0.407265,0,0,0,0,0,0,0
41,419999,38,410000,0,60000,40,9999,0.100000,0,0,0.000000,6,0.000000,0.000000,0.277601,0,0,0,0,0,0,0
41,419999,39,410000,4,10000,40,9999,0.100000,0,0,0.000000,6,0.000000,0.000000,0.083200,0,0,0,0,0,0,0
41,419999,40,410000,0,60000,40,9999,0.100000,0,0,0.000000,6,0.000000,0.000000,0.083406,0,0,0,0,0,0,0
41,419999,41,410000,72,70000,49,9999,0.100000,0,0,0.000000,6,5.000000,0.000000,11.590511,0,0,0,0,0,0,0
41,419999,42,410000,0,60000,49,9999,0.100000,0,0,0.000000,6,4.000000,0.000000,9.605870,0,0,0,0,0,0,0
41,419999,43,410000,0,40000,40,9999,0.100000,0,0,0.000000,6,0.000000,0.000000,0.339037,0,0,0,0,0,0,0
41,419999,44,410000,0,60000,40,9999,0.100000,0,0,0.000000,6,0.000000,0.000000,0.231018,0,0,0,0,0,0,0
41,419999,45,410000,72,70000,40,9999,0.100000,0,0,0.000000,6,0.000000,0.000000,0.238415,0,0,0,0,0,0,0
41,419999,46,410000,0,60000,40,9999,0.100000,0,0,0.000000,6,0.000000,0.000000,0.235912,0,0,0,0,0,0,0
41,419999,47,410000,72,70000,40,9999,0.100000,0,0,0.000000,6,0.000000,0.000000,0.418447,0,0,0,0,0,0,0
41,419999,48,410000,72,150000,40,9999,0.100000,0,0,0.000000,6,0.000000,0.000000,0.226723,0,0,0,0,0,0,0
41,419999,49,410000,4,10000,49,9999,0.100000,0,0,0.000000,6,5.000000,0.000000,6.810588,0,0,0,0,0,0,0
41,419999,50,410000,72,150000,40,9999,0.100000,0,0,0.000000,6,0.000000,0.000000,0.264194,0,0,0,0,0,0,0
41,419999,51,410000,4,10000,40,9999,0.100000,0,0,0.000000,6,0.000000,0.000000,1.242868,0,0,0,0,0,0,0
41,419999,52,410000,20,0,40,9999,0.100000,0,0,0.000000,6,0.000000,0.000000,0.334690,0,0,0,0,0,0,0
41,419999,53,410000,72,150000,40,9999,0.100000,0,0,0.000000,6,0.000000,0.000000,0.533344,0,0,0,0,0,0,0
41,419999,54,410000,0,60000,40,9999,0.100000,0,0,0.000000,6,0.000000,0.000000,0.873501,0,0,0,0,0,0,0
41,419999,55,410000,0,60000,40,9999,0.100000,0,0,0.000000,6,0.000000,0.000000,0.630374,0,0,0,0,0,0,0
41,419999,56,410000,0,60000,40,9999,0.100000,0,0,0.000000,6,0.000000,0.000000,1.681875,0,0,0,0,0,0,0
41,419999,57,410000,4,10000,49,9999,0.100000,0,0,0.000000,6,9.000000,0.000000,19.496935,0,0,0,0,0,0,0
41,419999,58,410000,20,0,40,9999,0.100000,0,0,0.000000,6,0.000000,0.000000,0.647628,0,0,0,0,0,0,0
41,419999,59,410000,0,40000,40,9999,0.100000,0,0,0.000000,6,0.000000,0.000000,4.236684,0,0,0,0,0,0,0
41,419999,60,410000,20,0,40,9999,0.100000,0,0,0.000000,6,0.000000,0.000000,1.449544,0,0,0,0,0,0,0
41,419999,61,410000,20,0,40,9999,0.100000,0,0,0.000000,6,0.000000,0.000000,0.112744,0,0,0,0,0,0,0
41,419999,62,410000,0,40000,40,9999,0.100000,0,0,0.000000,6,0.000000,0.000000,0.494764,0,0,0,0,0,0,0
41,419999,63,410000,0,60000,40,9999,0.100000,0,0,0.000000,6,0.000000,0.000000,0.258512,0,0,0,0,0,0,0
41,419999,64,410000,0,60000,40,9999,0.100000,0,0,0.000000,6,0.000000,0.000000,0.118804,0,0,0,0,0,0,0
41,419999,65,410000,72,150000,49,9999,0.100000,0,0,0.000000,6,4.000000,0.000000,6.603936,0,0,0,0,0,0,0
41,419999,66,410000,0,60000,40,9999,0.100000,0,0,0.000000,6,0.000000,0.000000,0.107112,0,0,0,0,0,0,0
41,419999,67,410000,72,150000,40,9999,0.100000,0,0,0.000000,6,0.000000,0.000000,0.381733,0,0,0,0,0,0,0
41,419999,68,410000,72,70000,40,9999,0.100000,0,0,0.000000,6,0.000000,0.000000,3.031377,0,0,0,0,0,0,0
41,419999,69,410000,20,0,40,9999,0.100000,0,0,0.000000,6,0.000000,0.000000,0.222444,0,0,0,0,0,0,0
41,419999,70,410000,4,10000,40,9999,0.100000,0,0,0.000000,6,0.000000,0.000000,0.370418,0,0,0,0,0,0,0
41,419999,71,410000,72,70000,40,9999,0.100000,0,0,0.000000,6,0.000000,0.000000,0.157837,0,0,0,0,0,0,0
41,419999,72,410000,20,0,49,9999,0.100000,0,0,0.000000,6,9.000000,0.000000,18.701305,0,0,0,0,0,0,0
41,419999,73,410000,72,70000,40,9999,0.100000,0,0,0.000000,6,0.000000,0.000000,0.940846,0,0,0,0,0,0,0
41,419999,74,410000,72,70000,49,9999,0.100000,0,0,0.000000,6,2.000000,0.000000,4.562647,0,0,0,0,0,0,0
41,419999,75,410000,4,10000,40,9999,0.100000,0,0,0.000000,6,0.000000,0.000000,0.091287,0,0,0,0,0,0,0
41,419999,76,410000,4,10000,40,9999,0.100000,0,0,0.000000,6,0.000000,0.000000,0.184039,0,0,0,0,0,0,0
41,419999,77,410000,0,60000,40,9999,0.100000,0,0,0.000000,6,0.000000,0.000000,0.515977,0,0,0,0,0,0,0
41,419999,78,410000,72,150000,40,9999,0.100000,0,0,0.000000,6,0.000000,0.000000,6.046762,0,0,0,0,0,0,0
41,419999,79,410000,72,70000,40,9999,0.100000,0,0,0.000000,6,0.000000,0.000000,0.095550,0,0,0,0,0,0,0
41,419999,80,410000,20,0,40,9999,0.100000,0,0,0.000000,6,0.000000,0.000000,0.510048,0,0,0,0,0,0,0
41,419999,81,410000,0,40000,40,9999,0.100000,0,0,0.000000,6,0.000000,0.000000,23.832724,0,0,0,0,0,0,0
41,419999,82,410000,4,10000,49,9999,0.100000,0,0,0.000000,6,5.000000,0.000000,11.797249,0,0,0,0,0,0,0
41,419999,83,410000,0,60000,40,9999,0.100000,0,0,0.000000,6,0.000000,0.000000,0.076185,0,0,0,0,0,0,0
41,419999,84,410000,0,60000,40,9999,0.100000,0,0,0.000000,6,0.000000,0.000000,5.220427,0,0,0,0,0,0,0
41,419999,85,410000,0,60000,49,9999,0.100000,0,0,0.000000,6,6.000000,0.000000,14.098552,0,0,0,0,0,0,0
41,419999,86,410000,0,40000,40,9999,0.100000,0,0,0.000000,6,0.000000,0.000000,0.110819,0,0,0,0,0,0,0
41,419999,87,410000,0,40000,49,9999,0.100000,0,0,0.000000,6,1.000000,0.000000,4.289750,0,0,0,0,0,0,0
41,419999,88,410000,0,60000,40,9999,0.100000,0,0,0.000000,6,0.000000,0.000000,1.018472,0,0,0,0,0,0,0
41,419999,89,410000,4,10000,40,9999,0.100000,0,0,0.000000,6,0.000000,0.000000,0.212494,0,0,0,0,0,0,0
41,419999,90,410000,72,70000,40,9999,0.100000,0,0,0.000000,6,0.000000,0.000000,0.372648,0,0,0,0,0,0,0
41,419999,91,410000,0,40000,40,9999,0.100000,0,0,0.000000,6,0.000000,0.000000,0.355386,0,0,0,0,0,0,0
41,419999,92,410000,0,60000,49,9999,0.100000,0,0,0.000000,6,2.000000,0.000000,4.989978,0,0,0,0,0,0,0
41,419999,93,410000,0,60000,49,9999,0.100000,0,0,0.000000,6,5.000000,0.000000,11.642553,0,0,0,0,0,0,0
41,419999,94,410000,0,60000,40,9999,0.100000,0,0,0.000000,6,0.000000,0.000000,0.474173,0,0,0,0,0,0,0
41,419999,95,410000,0,40000,40,9999,0.100000,0,0,0.000000,6,0.000000,0.000000,0.089758,0,0,0,0,0,0,0
41,419999,96,410000,72,70000,40,9999,0.100000,0,0,0.000000,6,0.000000,0.000000,0.095771,0,0,0,0,0,0,0
41,419999,97,410000,72,150000,40,9999,0.100000,0,0,0.000000,6,0.000000,0.000000,0.243610,0,0,0,0,0,0,0
41,419999,98,410000,20,0,40,9999,0.100000,0,0,0.000000,6,0.000000,0.000000,1.502009,0,0,0,0,0,0,0
41,419999,99,410000,72,150000,40,9999,0.100000,0,0,0.000000,6,0.000000,0.000000,0.102101,0,0,0,0,0,0,0
42,429999,0,420000,72,70000,40,9999,0.100000,0,0,0.000000,6,0.000000,0.000000,0.548376,0,0,0,0,0,0,0
42,429999,1,420000,0,60000,40,9999,0.100000,0,0,0.000000,6,0.000000,0.000000,0.255508,0,0,0,0,0,0,0
42,429999,2,420000,72,150000,40,9999,0.100000,0,0,0.000000,6,0.000000,0.000000,0.144764,0,0,0,0,0,0,0
42,429999,3,420000,0,40000,40,9999,0.100000,0,0,0.000000,6,0.000000,0.000000,1.019708,0,0,0,0,0,0,0
42,429999,4,420000,20,0,40,9999,0.100000,0,0,0.000000,6,0.000000,0.000000,0.262663,0,0,0,0,0,0,0
42,429999,5,420000,4,10000,40,9999,0.100000,0,0,0.000000,6,0.000000,0.000000,0.086665,0,0,0,0,0,0,0
42,429999,6,420000,4,10000,40,9999,0.100000,0,0,0.000000,6,0.000000,0.000000,0.133714,0,0,0,0,0,0,0
42,429999,7,420000,4,10000,40,9999,0.100000,0,0,0.000000,6,0.000000,0.000000,5.986405,0,0,0,0,0,0,0
42,429999,8,420000,72,70000,49,9999,0.100000,0,0,0.000000,6,1.000000,0.000000,2.566622,0,0,0,0,0,0,0
42,429999,9,420000,20,0,40,9999,0.100000,0,0,0.000000,6,0.000000,0.000000,0.100551,0,0,0,0,0,0,0
42,429999,10,420000,0,40000,40,9999,0.100000,0,0,0.000000,6,0.000000,0.000000,0.399400,0,0,0,0,0,0,0
42,429999,11,420000,20,0,40,9999,0.100000,0,0,0.000000,6,0.000000,0.000000,0.168102,0,0,0,0,0,0,0
42,429999,12,420000,72,150000,40,9999,0.100000,0,0,0.000000,6,0.000000,0.000000,0.172170,0,0,0,0,0,0,0
42,429999,13,420000,4,10000,40,9999,0.100000,0,0,0.000000,6,0.000000,0.000000,0.222105,0,0,0,0,0,0,0
42,429999,14,420000,72,150000,40,9999,0.100000,0,0,0.000000,6,0.000000,0.000000,0.100830,0,0,0,0,0,0,0
42,429999,15,420000,4,10000,40,9999,0.100000,0,0,0.000000,6,0.000000,0.000000,0.904530,0,0,0,0,0,0,0
42,429999,16,420000,20,0,40,9999,0.100000,0,0,0.000000,6,0.000000,0.000000,0.139363,0,0,0,0,0,0,0
42,429999,17,420000,72,70000,40,9999,0.100000,0,0,0.000000,6,0.000000,0.000000,0.091439,0,0,0,0,0,0,0
42,429999,18,420000,0,60000,40,9999,0.100000,0,0,0.000000,6,0.000000,0.000000,0.242592,0,0,0,0,0,0,0
42,429999,19,420000,0,60000,40,9999,0.100000,0,0,0.000000,6,0.000000,0.000000,0.230022,0,0,0,0,0,0,0
42,429999,20,420000,0,40000,40,9999,0.100000,0,0,0.000000,6,0.000000,0.000000,0.363969,0,0,0,0,0,0,0
42,429999,21,420000,4,10000,49,9999,0.100000,0,0,0.000000,6,3.000000,0.000000,7.262201,0,0,0,0,0,0,0
42,429999,22,420000,4,10000,40,9999,0.100000,0,0,0.000000,6,0.000000,0.000000,0.116258,0,0,0,0,0,0,0
42,429999,23,420000,0,40000,40,9999,0.100000,0,0,0.000000,6,0.000000,0.000000,0.238251,0,0,0,0,0,0,0
42,429999,24,420000,72,70000,40,9999,0.100000,0,0,0.000000,6,0.000000,0.000000,0.327365,0,0,0,0,0,0,0
42,429999,25,420000,4,10000,49,9999,0.100000,0,0,0.000000,6,1.000000,0.000000,1.543265,0,0,0,0,0,0,0
42,429999,26,420000,20,0,40,9999,0.100000,0,0,0.000000,6,0.000000,0.000000,0.127523,0,0,0,0,0,0,0
42,429999,27,420000,0,40000,40,9999,0.100000,0,0,0.000000,6,0.000000,0.000000,0.129059,0,0,0,0,0,0,0
42,429999,28,420000,4,10000,40,9999,0.100000,0,0,0.000000,6,0.000000,0.000000,12.857685,0,0,0,0,0,0,0
42,429999,29,420000,4,10000,49,9999,0.100000,0,0,0.000000,6,1.000000,0.000000,1.423535,0,0,0,0,0,0,0
42,429999,30,420000,20,0,40,9999,0.100000,0,0,0.000000,6,0.000000,0.000000,0.426200,0,0,0,0,0,0,0
42,429999,31,420000,72,70000,49,9999,0.100000,0,0,0.000000,6,12.000000,0.000000,18.441555,0,0,0,0,0,0,0
42,429999,32,420000,0,40000,49,9999,0.100000,0,0,0.000000,6,10.000000,0.000000,21.194813,0,0,0,0,0,0,0
42,429999,33,420000,4,10000,40,9999,0.100000,0,0,0.000000,6,0.000000,0.000000,0.258089,0,0,0,0,0,0,0
42,429999,34,420000,0,60000,40,9999,0.100000,0,0,0.000000,6,0.000000,0.000000,0.072001,0,0,0,0,0,0,0
42,429999,35,420000,4,10000,49,9999,0.100000,0,0,0.000000,6,1.000000,0.000000,6.103486,0,0,0,0,0,0,0
42,429999,36,420000,72,150000,49,9999,0.100000,0,0,0.000000,6,9.000000,0.000000,20.057385,0,0,0,0,0,0,0
42,429999,37,420000,0,60000,40,9999,0.100000,0,0,0.000000,6,0.000000,0.000000,0.332897,0,0,0,0,0,0,0
42,429999,38,420000,72,150000,40,9999,0.100000,0,0,0.000000,6,0.000000,0.000000,3.417469,0,0,0,0,0,0,0
42,429999,39,420000,0,40000,40,9999,0.100000,0,0,0.000000,6,0.000000,0.000000,0.083922,0,0,0,0,0,0,0
42,429999,40,420000,0,40000,49,9999,0.100000,0,0,0.000000,6,9.000000,0.000000,19.690719,0,0,0,0,0,0,0
42,429999,41,420000,0,60000,40,9999,0.100000,0,0,0.000000,6,0.000000,0.000000,0.084867,0,0,0,0,0,0,0
42,429999,42,420000,72,70000,40,9999,0.100000,0,0,0.000000,6,0.000000,0.000000,0.117776,0,0,0,0,0,0,0
42,429999,43,420000,20,0,40,9999,0.100000,0,0,0.000000,6,0.000000,0.000000,0.393959,0,0,0,0,0,0,0
42,429999,44,420000,0,60000,40,9999,0.100000,0,0,0.000000,6,0.000000,0.000000,0.242560,0,0,0,0,0,0,0
42,429999,45,420000,72,150000,40,9999,0.100000,0,0,0.000000,6,0.000000,0.000000,0.232079,0,0,0,0,0,0,0
42,429999,46,420000,72,70000,40,9999,0.100000,0,0,0.000000,6,0.000000,0.000000,0.242864,0,0,0,0,0,0,0
42,429999,47,420000,0,60000,40,9999,0.100000,0,0,0.000000,6,0.000000,0.000000,0.444619,0,0,0,0,0,0,0
42,429999,48,420000,72,150000,40,9999,0.100000,0,0,0.000000,6,0.000000,0.000000,0.223136,0,0,0,0,0,0,0
42,429999,49,420000,72,70000,40,9999,0.100000,0,0,0.000000,6,0.000000,0.000000,1.290696,0,0,0,0,0,0,0
42,429999,50,420000,72,150000,40,9999,0.100000,0,0,0.000000,6,0.000000,0.000000,0.758859,0,0,0,0,0,0,0
42,429999,51,420000,0,40000,40,9999,0.100000,0,0,0.000000,6,0.000000,0.000000,0.164973,0,0,0,0,0,0,0
42,429999,52,420000,0,60000,40,9999,0.100000,0,0,0.000000,6,0.000000,0.000000,0.368019,0,0,0,0,0,0,0
42,429999,53,420000,0,60000,40,9999,0.100000,0,0,0.000000,6,0.000000,0.000000,0.390530,0,0,0,0,0,0,0
42,429999,54,420000,72,150000,40,9999,0.100000,0,0,0.000000,6,0.000000,0.000000,0.925910,0,0,0,0,0,0,0
42,429999,55,420000,72,150000,40,9999,0.100000,0,0,0.000000,6,0.000000,0.000000,0.146520,0,0,0,0,0,0,0
42,429999,56,420000,72,150000,40,9999,0.100000,0,0,0.000000,6,0.000000,0.000000,1.708056,0,0,0,0,0,0,0
42,429999,57,420000,72,70000,40,9999,0.100000,0,0,0.000000,6,0.000000,0.000000,0.706152,0,0,0,0,0,0,0
42,429999,58,420000,0,40000,40,9999,0.100000,0,0,0.000000,6,0.000000,0.000000,0.244925,0,0,0,0,0,0,0
42,429999,59,420000,0,40000,49,9999,0.100000,0,0,0.000000,6,2.000000,0.000000,2.232671,0,0,0,0,0,0,0
42,429999,60,420000,4,10000,40,9999,0.100000,0,0,0.000000,6,0.000000,0.000000,1.137340,0,0,0,0,0,0,0
42,429999,61,420000,4,10000,40,9999,0.100000,0,0,0.000000,6,0.000000,0.000000,0.285872,0,0,0,0,0,0,0
42,429999,62,420000,4,10000,40,9999,0.100000,0,0,0.000000,6,0.000000,0.000000,0.248508,0,0,0,0,0,0,0
42,429999,63,420000,72,70000,40,9999,0.100000,0,0,0.000000,6,0.000000,0.000000,0.302554,0,0,0,0,0,0,0
42,429999,64,420000,20,0,40,9999,0.100000,0,0,0.000000,6,0.000000,0.000000,0.153322,0,0,0,0,0,0,0
42,429999,65,420000,0,60000,40,9999,0.100000,0,0,0.000000,6,0.000000,0.000000,0.226625,0,0,0,0,0,0,0
42,429999,66,420000,4,10000,40,9999,0.100000,0,0,0.000000,6,0.000000,0.000000,0.268086,0,0,0,0,0,0,0
42,429999,67,420000,20,0,40,9999,0.100000,0,0,0.000000,6,0.000000,0.000000,0.327526,0,0,0,0,0,0,0
42,429999,68,420000,20,0,40,9999,0.100000,0,0,0.000000,6,0.000000,0.000000,3.220586,0,0,0,0,0,0,0
42,429999,69,420000,0,40000,49,9999,0.100000,0,0,0.000000,6,3.000000,0.000000,7.194483,0,0,0,0,0,0,0
42,429999,70,420000,0,60000,40,9999,0.100000,0,0,0.000000,6,0.000000,0.000000,0.382157,0,0,0,0,0,0,0
42,429999,71,420000,20,0,40,9999,0.100000,0,0,0.000000,6,0.000000,0.000000,0.173992,0,0,0,0,0,0,0
42,429999,72,420000,0,60000,40,9999,0.100000,0,0,0.000000,6,0.000000,0.000000,0.246821,0,0,0,0,0,0,0
42,429999,73,420000,0,60000,49,9999,0.100000,0,0,0.000000,6,7.000000,0.000000,15.046624,0,0,0,0,0,0,0
42,429999,74,420000,72,150000,40,9999,0.100000,0,0,0.000000,6,0.000000,0.000000,0.261185,0,0,0,0,0,0,0
42,429999,75,420000,4,10000,40,9999,0.100000,0,0,0.000000,6,0.000000,0.000000,0.093448,0,0,0,0,0,0,0
42,429999,76,420000,0,60000,40,9999,0.100000,0,0,0.000000,6,0.000000,0.000000,0.173798,0,0,0,0,0,0,0
42,429999,77,420000,4,10000,40,9999,0.100000,0,0,0.000000,6,0.000000,0.000000,0.464949,0,0,0,0,0,0,0
42,429999,78,420000,20,0,40,9999,0.100000,0,0,0.000000,6,0.000000,0.000000,7.953826,0,0,0,0,0,0,0
42,429999,79,420000,0,40000,40,9999,0.100000,0,0,0.000000,6,0.000000,0.000000,0.095400,0,0,0,0,0,0,0
42,429999,80,420000,0,40000,40,9999,0.100000,0,0,0.000000,6,0.000000,0.000000,0.438263,0,0,0,0,0,0,0
42,429999,81,420000,0,60000,40,9999,0.100000,0,0,0.000000,6,0.000000,0.000000,23.833840,0,0,0,0,0,0,0
42,429999,82,420000,72,150000,40,9999,0.100000,0,0,0.000000,6,0.000000,0.000000,0.077620,0,0,0,0,0,0,0
42,429999,83,420000,0,40000,40,9999,0.100000,0,0,0.000000,6,0.000000,0.000000,1.055030,0,0,0,0,0,0,0
42,429999,84,420000,0,60000,40,9999,0.100000,0,0,0.000000,6,0.000000,0.000000,0.380614,0,0,0,0,0,0,0
42,429999,85,420000,0,40000,40,9999,0.100000,0,0,0.000000,6,0.000000,0.000000,0.401214,0,0,0,0,0,0,0
42,429999,86,420000,72,150000,40,9999,0.100000,0,0,0.000000,6,0.000000,0.000000,0.112333,0,0,0,0,0,0,0
42,429999,87,420000,72,70000,40,9999,0.100000,0,0,0.000000,6,0.000000,0.000000,0.928416,0,0,0,0,0,0,0
42,429999,88,420000,4,10000,40,9999,0.100000,0,0,0.000000,6,0.000000,0.000000,0.653761,0,0,0,0,0,0,0
42,429999,89,420000,20,0,40,9999,0.100000,0,0,0.000000,6,0.000000,0.000000,0.159674,0,0,0,0,0,0,0
42,429999,90,420000,20,0,40,9999,0.100000,0,0,0.000000,6,0.000000,0.000000,0.410773,0,0,0,0,0,0,0
42,429999,91,420000,0,40000,40,9999,0.100000,0,0,0.000000,6,0.000000,0.000000,0.384404,0,0,0,0,0,0,0
42,429999,92,420000,0,60000,40,9999,0.100000,0,0,0.000000,6,0.000000,0.000000,0.322375,0,0,0,0,0,0,0
42,429999,93,420000,20,0,40,9999,0.100000,0,0,0.000000,6,0.000000,0.000000,0.091813,0,0,0,0,0,0,0
42,429999,94,420000,4,10000,40,9999,0.100000,0,0,0.000000,6,0.000000,0.000000,0.428999,0,0,0,0,0,0,0
42,429999,95,420000,72,150000,40,9999,0.100000,0,0,0.000000,6,0.000000,0.000000,0.096132,0,0,0,0,0,0,0
42,429999,96,420000,0,40000,49,9999,0.100000,0,0,0.000000,6,5.000000,0.000000,10.431060,0,0,0,0,0,0,0
42,429999,97,420000,72,150000,40,9999,0.100000,0,0,0.000000,6,0.000000,0.000000,0.230566,0,0,0,0,0,0,0
42,429999,98,420000,4,10000,40,9999,0.100000,0,0,0.000000,6,0.000000,0.000000,9.035110,0,0,0,0,0,0,0
42,429999,99,420000,4,10000,40,9999,0.100000,0,0,0.000000,6,0.000000,0.000000,0.237106,0,0,0,0,0,0,0
43,439999,0,430000,72,150000,40,9999,0.100000,0,0,0.000000,6,0.000000,0.000000,0.539260,0,0,0,0,0,0,0
43,439999,1,430000,72,70000,40,9999,0.100000,0,0,0.000000,6,0.000000,0.000000,0.241269,0,0,0,0,0,0,0
43,439999,2,430000,72,150000,40,9999,0.100000,0,0,0.000000,6,0.000000,0.000000,0.121187,0,0,0,0,0,0,0
43,439999,3,430000,0,60000,40,9999,0.100000,0,0,0.000000,6,0.000000,0.000000,0.998727,0,0,0,0,0,0,0
43,439999,4,430000,4,10000,40,9999,0.100000,0,0,0.000000,6,0.000000,0.000000,0.188312,0,0,0,0,0,0,0
43,439999,5,430000,0,60000,40,9999,0.100000,0,0,0.000000,6,0.000000,0.000000,0.100275,0,0,0,0,0,0,0
43,439999,6,430000,72,70000,40,9999,0.100000,0,0,0.000000,6,0.000000,0.000000,0.138303,0,0,0,0,0,0,0
43,439999,7,430000,20,0,40,9999,0.100000,0,0,0.000000,6,0.000000,0.000000,15.727798,0,0,0,0,0,0,0
43,439999,8,430000,72,70000,40,9999,0.100000,0,0,0.000000,6,0.000000,0.000000,0.834048,0,0,0,0,0,0,0
43,439999,9,430000,0,40000,40,9999,0.100000,0,0,0.000000,6,0.000000,0.000000,0.099623,0,0,0,0,0,0,0
43,439999,10,430000,0,60000,40,9999,0.100000,0,0,0.000000,6,0.000000,0.000000,0.764420,0,0,0,0,0,0,0
43,439999,11,430000,72,150000,40,9999,0.100000,0,0,0.000000,6,0.000000,0.000000,0.172181,0,0,0,0,0,0,0
43,439999,12,430000,72,150000,49,9999,0.100000,0,0,0.000000,6,2.000000,0.000000,3.273696,0,0,0,0,0,0,0
43,439999,13,430000,20,0,40,9999,0.100000,0,0,0.000000,6,0.000000,0.000000,0.226479,0,0,0,0,0,0,0
43,439999,14,430000,0,60000,40,9999,0.100000,0,0,0.000000,6,0.000000,0.000000,0.099152,0,0,0,0,0,0,0
43,439999,15,430000,20,0,40,9999,0.100000,0,0,0.000000,6,0.000000,0.000000,0.930208,0,0,0,0,0,0,0
43,439999,16,430000,0,60000,40,9999,0.100000,0,0,0.000000,6,0.000000,0.000000,0.105837,0,0,0,0,0,0,0
43,439999,17,430000,20,0,40,9999,0.100000,0,0,0.000000,6,0.000000,0.000000,0.091604,0,0,0,0,0,0,0
43,439999,18,430000,72,150000,40,9999,0.100000,0,0,0.000000,6,0.000000,0.000000,0.234930,0,0,0,0,0,0,0
43,439999,19,430000,4,10000,40,9999,0.100000,0,0,0.000000,6,0.000000,0.000000,0.228289,0,0,0,0,0,0,0
43,439999,20,430000,72,150000,40,9999,0.100000,0,0,0.000000,6,0.000000,0.000000,0.168676,0,0,0,0,0,0,0
43,439999,21,430000,0,40000,49,9999,0.100000,0,0,0.000000,6,1.000000,0.000000,2.644493,0,0,0,0,0,0,0
43,439999,22,430000,72,70000,40,9999,0.100000,0,0,0.000000,6,0.000000,0.000000,0.100294,0,0,0,0,0,0,0
43,439999,23,430000,20,0,40,9999,0.100000,0,0,0.000000,6,0.000000,0.000000,0.219356,0,0,0,0,0,0,0
43,439999,24,430000,4,10000,0,9999,0.100000,0,0,0.000000,6,0.000000,0.000000,0.340980,0,0,0,0,0,0,2
43,439999,25,430000,72,70000,49,9999,0.100000,0,0,0.000000,6,2.000000,0.000000,11.006496,0,0,0,0,0,0,0
43,439999,26,430000,72,70000,40,9999,0.100000,0,0,0.000000,6,0.000000,0.000000,0.127460,0,0,0,0,0,0,0
43,439999,27,430000,72,70000,49,9999,0.100000,0,0,0.000000,6,10.000000,0.000000,20.841412,0,0,0,0,0,0,0
43,439999,28,430000,0,60000,40,9999,0.100000,0,0,0.000000,6,0.000000,0.000000,0.713602,0,0,0,0,0,0,0
43,439999,29,430000,20,0,49,9999,0.100000,0,0,0.000000,6,1.000000,0.000000,2.046217,0,0,0,0,0,0,0
43,439999,30,430000,20,0,40,9999,0.100000,0,0,0.000000,6,0.000000,0.000000,0.363392,0,0,0,0,0,0,0
43,439999,31,430000,20,0,49,9999,0.100000,0,0,0.000000,6,2.000000,0.000000,16.488991,0,0,0,0,0,0,0
43,439999,32,430000,72,70000,40,9999,0.100000,0,0,0.000000,6,0.000000,0.000000,0.428592,0,0,0,0,0,0,0
43,439999,33,430000,20,0,40,9999,0.100000,0,0,0.000000,6,0.000000,0.000000,0.252697,0,0,0,0,0,0,0
43,439999,34,430000,4,10000,40,9999,0.100000,0,0,0.000000,6,0.000000,0.000000,0.072738,0,0,0,0,0,0,0
43,439999,35,430000,0,60000,40,9999,0.100000,0,0,0.000000,6,0.000000,0.000000,0.209912,0,0,0,0,0,0,0
43,439999,36,430000,0,60000,0,9999,0.100000,0,0,0.000000,6,0.000000,0.000000,0.379504,0,0,0,0,0,0,2
43,439999,37,430000,20,0,40,9999,0.100000,0,0,0.000000,6,0.000000,0.000000,0.332611,0,0,0,0,0,0,0
43,439999,38,430000,4,10000,40,9999,0.100000,0,0,0.000000,6,0.000000,0.000000,1.738283,0,0,0,0,0,0,0
43,439999,39,430000,72,150000,40,9999,0.100000,0,0,0.000000,6,0.000000,0.000000,0.083093,0,0,0,0,0,0,0
43,439999,40,430000,0,60000,40,9999,0.100000,0,0,0.000000,6,0.000000,0.000000,0.085848,0,0,0,0,0,0,0
43,439999,41,430000,0,60000,40,9999,0.100000,0,0,0.000000,6,0.000000,0.000000,0.085983,0,0,0,0,0,0,0
43,439999,42,430000,20,0,40,9999,0.100000,0,0,0.000000,6,0.000000,0.000000,0.099291,0,0,0,0,0,0,0
43,439999,43,430000,20,0,49,9999,0.100000,0,0,0.000000,6,10.000000,0.000000,20.700213,0,0,0,0,0,0,0
43,439999,44,430000,0,40000,40,9999,0.100000,0,0,0.000000,6,0.000000,0.000000,0.234245,0,0,0,0,0,0,0
43,439999,45,430000,0,40000,40,9999,0.100000,0,0,0.000000,6,0.000000,0.000000,0.225359,0,0,0,0,0,0,0
43,439999,46,430000,4,10000,49,9999,0.100000,0,0,0.000000,6,9.000000,0.000000,19.933432,0,0,0,0,0,0,0
43,439999,47,430000,0,40000,40,9999,0.100000,0,0,0.000000,6,0.000000,0.000000,0.426148,0,0,0,0,0,0,0
43,439999,48,430000,4,10000,40,9999,0.100000,0,0,0.000000,6,0.000000,0.000000,0.224762,0,0,0,0,0,0,0
43,439999,49,430000,72,150000,40,9999,0.100000,0,0,0.000000,6,0.000000,0.000000,2.097669,0,0,0,0,0,0,0
43,439999,50,430000,72,70000,40,9999,0.100000,0,0,0.000000,6,0.000000,0.000000,0.634429,0,0,0,0,0,0,0
43,439999,51,430000,0,60000,49,9999,0.100000,0,0,0.000000,6,2.000000,0.000000,3.704205,0,0,0,0,0,0,0
43,439999,52,430000,72,150000,49,9999,0.100000,0,0,0.000000,6,6.000000,0.000000,13.220666,0,0,0,0,0,0,0
43,439999,53,430000,20,0,40,9999,0.100000,0,0,0.000000,6,0.000000,0.000000,0.280483,0,0,0,0,0,0,0
43,439999,54,430000,20,0,40,9999,0.100000,0,0,0.000000,6,0.000000,0.000000,1.680401,0,0,0,0,0,0,0
43,439999,55,430000,0,40000,40,9999,0.100000,0,0,0.000000,6,0.000000,0.000000,0.138591,0,0,0,0,0,0,0
43,439999,56,430000,72,150000,40,9999,0.100000,0,0,0.000000,6,0.000000,0.000000,1.688921,0,0,0,0,0,0,0
43,439999,57,430000,72,150000,40,9999,0.100000,0,0,0.000000,6,0.000000,0.000000,0.564526,0,0,0,0,0,0,0
43,439999,58,430000,0,60000,40,9999,0.100000,0,0,0.000000,6,0.000000,0.000000,0.235582,0,0,0,0,0,0,0
43,439999,59,430000,4,10000,40,9999,0.100000,0,0,0.000000,6,0.000000,0.000000,1.033054,0,0,0,0,0,0,0
43,439999,60,430000,72,70000,40,9999,0.100000,0,0,0.000000,6,0.000000,0.000000,8.328348,0,0,0,0,0,0,0
43,439999,61,430000,72,70000,40,9999,0.100000,0,0,0.000000,6,0.000000,0.000000,1.025048,0,0,0,0,0,0,0
43,439999,62,430000,4,10000,49,9999,0.100000,0,0,0.000000,6,4.000000,0.000000,7.232695,0,0,0,0,0,0,0
43,439999,63,430000,0,40000,40,9999,0.100000,0,0,0.000000,6,0.000000,0.000000,0.279896,0,0,0,0,0,0,0
43,439999,64,430000,4,10000,40,9999,0.100000,0,0,0.000000,6,0.000000,0.000000,0.240426,0,0,0,0,0,0,0
43,439999,65,430000,20,0,40,9999,0.100000,0,0,0.000000,6,0.000000,0.000000,0.231414,0,0,0,0,0,0,0
43,439999,66,430000,0,60000,40,9999,0.100000,0,0,0.000000,6,0.000000,0.000000,0.346415,0,0,0,0,0,0,0
43,439999,67,430000,72,70000,40,9999,0.100000,0,0,0.000000,6,0.000000,0.000000,1.441095,0,0,0,0,0,0,0
43,439999,68,430000,0,40000,40,9999,0.100000,0,0,0.000000,6,0.000000,0.000000,3.216990,0,0,0,0,0,0,0
43,439999,69,430000,20,0,40,9999,0.100000,0,0,0.000000,6,0.000000,0.000000,0.310422,0,0,0,0,0,0,0
43,439999,70,430000,72,70000,40,9999,0.100000,0,0,0.000000,6,0.000000,0.000000,0.350178,0,0,0,0,0,0,0
43,439999,71,430000,72,70000,40,9999,0.100000,0,0,0.000000,6,0.000000,0.000000,0.176927,0,0,0,0,0,0,0
43,439999,72,430000,72,150000,40,9999,0.100000,0,0,0.000000,6,0.000000,0.000000,0.361740,0,0,0,0,0,0,0
43,439999,73,430000,0,40000,40,9999,0.100000,0,0,0.000000,6,0.000000,0.000000,1.026394,0,0,0,0,0,0,0
43,439999,74,430000,4,10000,40,9999,0.100000,0,0,0.000000,6,0.000000,0.000000,0.242502,0,0,0,0,0,0,0
43,439999,75,430000,0,60000,40,9999,0.100000,0,0,0.000000,6,0.000000,0.000000,0.092050,0,0,0,0,0,0,0
43,439999,76,430000,4,10000,40,9999,0.100000,0,0,0.000000,6,0.000000,0.000000,0.180607,0,0,0,0,0,0,0
43,439999,77,430000,4,10000,40,9999,0.100000,0,0,0.000000,6,0.000000,0.000000,0.494082,0,0,0,0,0,0,0
43,439999,78,430000,72,70000,49,9999,0.100000,0,0,0.000000,6,8.000000,0.000000,17.183504,0,0,0,0,0,0,0
43,439999,79,430000,72,150000,40,9999,0.100000,0,0,0.000000,6,0.000000,0.000000,0.142354,0,0,0,0,0,0,0
43,439999,80,430000,0,40000,40,9999,0.100000,0,0,0.000000,6,0.000000,0.000000,0.442421,0,0,0,0,0,0,0
43,439999,81,430000,0,40000,40,9999,0.100000,0,0,0.000000,6,0.000000,0.000000,23.844698,0,0,0,0,0,0,0
43,439999,82,430000,0,40000,40,9999,0.100000,0,0,0.000000,6,0.000000,0.000000,0.077441,0,0,0,0,0,0,0
43,439999,83,430000,20,0,40,9999,0.135000,0,0,0.000000,6,0.000000,0.000000,0.077414,0,0,0,0,0,0,0
43,439999,84,430000,72,150000,40,9999,0.100000,0,0,0.000000,6,0.000000,0.000000,0.275418,0,0,0,0,0,0,0
43,439999,85,430000,72,70000,40,9999,0.100000,0,0,0.000000,6,0.000000,0.000000,0.332864,0,0,0,0,0,0,0
43,439999,86,430000,72,70000,40,9999,0.100000,0,0,0.000000,6,0.000000,0.000000,0.112301,0,0,0,0,0,0,0
43,439999,87,430000,72,150000,40,9999,0.100000,0,0,0.000000,6,0.000000,0.000000,1.390595,0,0,0,0,0,0,0
43,439999,88,430000,0,40000,40,9999,0.100000,0,0,0.000000,6,0.000000,0.000000,0.572355,0,0,0,0,0,0,0
43,439999,89,430000,0,40000,40,9999,0.100000,0,0,0.000000,6,0.000000,0.000000,0.434969,0,0,0,0,0,0,0
43,439999,90,430000,20,0,40,9999,0.100000,0,0,0.000000,6,0.000000,0.000000,0.847128,0,0,0,0,0,0,0
43,439999,91,430000,72,70000,40,9999,0.100000,0,0,0.000000,6,0.000000,0.000000,0.833536,0,0,0,0,0,0,0
43,439999,92,430000,0,60000,40,9999,0.100000,0,0,0.000000,6,0.000000,0.000000,0.273363,0,0,0,0,0,0,0
43,439999,93,430000,72,70000,40,9999,0.100000,0,0,0.000000,6,0.000000,0.000000,0.099215,0,0,0,0,0,0,0
43,439999,94,430000,72,150000,40,9999,0.100000,0,0,0.000000,6,0.000000,0.000000,0.681645,0,0,0,0,0,0,0
43,439999,95,430000,0,40000,40,9999,0.100000,0,0,0.000000,6,0.000000,0.000000,0.154896,0,0,0,0,0,0,0
43,439999,96,430000,0,40000,40,9999,0.100000,0,0,0.000000,6,0.000000,0.000000,0.096985,0,0,0,0,0,0,0
43,439999,97,430000,0,60000,40,9999,0.100000,0,0,0.000000,6,0.000000,0.000000,0.234370,0,0,0,0,0,0,0
43,439999,98,430000,4,10000,40,9999,0.100000,0,0,0.000000,6,0.000000,0.000000,2.364580,0,0,0,0,0,0,0
43,439999,99,430000,20,0,40,9999,0.100000,0,0,0.000000,6,0.000000,0.000000,0.425244,0,0,0,0,0,0,0
44,449999,0,440000,0,40000,49,9999,0.100000,0,0,0.000000,6,4.000000,0.000000,6.421331,0,0,0,0,0,0,0
44,449999,1,440000,4,10000,40,9999,0.100000,0,0,0.000000,6,0.000000,0.000000,0.823412,0,0,0,0,0,0,0
44,449999,2,440000,4,10000,40,9999,0.100000,0,0,0.000000,6,0.000000,0.000000,0.426077,0,0,0,0,0,0,0
44,449999,3,440000,72,70000,40,9999,0.100000,0,0,0.000000,6,0.000000,0.000000,0.841431,0,0,0,0,0,0,0
44,449999,4,440000,4,10000,40,9999,0.100000,0,0,0.000000,6,0.000000,0.000000,0.247464,0,0,0,0,0,0,0
44,449999,5,440000,0,60000,40,9999,0.100000,0,0,0.000000,6,0.000000,0.000000,0.260567,0,0,0,0,0,0,0
44,449999,6,440000,20,0,40,9999,0.100000,0,0,0.000000,6,0.000000,0.000000,0.139279,0,0,0,0,0,0,0
44,449999,7,440000,72,70000,40,9999,0.100000,0,0,0.000000,6,0.000000,0.000000,13.872111,0,0,0,0,0,0,0
44,449999,8,440000,0,40000,49,9999,0.100000,0,0,0.000000,6,4.000000,0.000000,5.348732,0,0,0,0,0,0,0
44,449999,9,440000,4,10000,40,9999,0.100000,0,0,0.000000,6,0.000000,0.000000,0.106386,0,0,0,0,0,0,0
44,449999,10,440000,0,60000,40,9999,0.100000,0,0,0.000000,6,0.000000,0.000000,0.237836,0,0,0,0,0,0,0
44,449999,11,440000,4,10000,40,9999,0.100000,0,0,0.000000,6,0.000000,0.000000,0.162268,0,0,0,0,0,0,0
44,449999,12,440000,72,150000,40,9999,0.100000,0,0,0.000000,6,0.000000,0.000000,0.928857,0,0,0,0,0,0,0
44,449999,13,440000,72,70000,40,9999,0.100000,0,0,0.000000,6,0.000000,0.000000,0.449138,0,0,0,0,0,0,0
44,449999,14,440000,4,10000,40,9999,0.100000,0,0,0.000000,6,0.000000,0.000000,0.098572,0,0,0,0,0,0,0
44,449999,15,440000,72,70000,40,9999,0.100000,0,0,0.000000,6,0.000000,0.000000,2.965989,0,0,0,0,0,0,0
44,449999,16,440000,72,150000,40,9999,0.100000,0,0,0.000000,6,0.000000,0.000000,0.235836,0,0,0,0,0,0,0
44,449999,17,440000,4,10000,40,9999,0.100000,0,0,0.000000,6,0.000000,0.000000,0.089543,0,0,0,0,0,0,0
44,449999,18,440000,72,70000,40,9999,0.100000,0,0,0.000000,6,0.000000,0.000000,0.219999,0,0,0,0,0,0,0
44,449999,19,440000,72,70000,40,9999,0.100000,0,0,0.000000,6,0.000000,0.000000,0.396190,0,0,0,0,0,0,0
44,449999,20,440000,4,10000,40,9999,0.100000,0,0,0.000000,6,0.000000,0.000000,0.147128,0,0,0,0,0,0,0
44,449999,21,440000,72,150000,40,9999,0.100000,0,0,0.000000,6,0.000000,0.000000,1.745763,0,0,0,0,0,0,0
44,449999,22,440000,72,150000,40,9999,0.100000,0,0,0.000000,6,0.000000,0.000000,0.102333,0,0,0,0,0,0,0
44,449999,23,440000,72,150000,40,9999,0.100000,0,0,0.000000,6,0.000000,0.000000,0.209512,0,0,0,0,0,0,0
44,449999,24,440000,0,60000,9,9999,0.100000,0,0,0.000000,6,4.000000,0.000000,9.738065,0,0,0,0,0,0,3
44,449999,25,440000,72,70000,40,9999,0.100000,0,0,0.000000,6,0.000000,0.000000,12.280153,0,0,0,0,0,0,0
44,449999,26,440000,72,70000,40,9999,0.100000,0,0,0.000000,6,0.000000,0.000000,0.117759,0,0,0,0,0,0,0
44,449999,27,440000,72,70000,49,9999,0.100000,0,0,0.000000,6,10.000000,0.000000,21.238071,0,0,0,0,0,0,0
44,449999,28,440000,72,70000,40,9999,0.100000,0,0,0.000000,6,0.000000,0.000000,0.174573,0,0,0,0,0,0,0
44,449999,29,440000,4,10000,40,9999,0.100000,0,0,0.000000,6,0.000000,0.000000,0.795452,0,0,0,0,0,0,0
44,449999,30,440000,0,40000,40,9999,0.100000,0,0,0.000000,6,0.000000,0.000000,0.321553,0,0,0,0,0,0,0
44,449999,31,440000,72,70000,49,9999,0.100000,0,0,0.000000,6,7.000000,0.000000,10.002551,0,0,0,0,0,0,0
44,449999,32,440000,20,0,40,9999,0.100000,0,0,0.000000,6,0.000000,0.000000,0.174501,0,0,0,0,0,0,0
44,449999,33,440000,72,70000,40,9999,0.100000,0,0,0.000000,6,0.000000,0.000000,0.259957,0,0,0,0,0,0,0
44,449999,34,440000,72,150000,40,9999,0.100000,0,0,0.000000,6,0.000000,0.000000,0.071398,0,0,0,0,0,0,0
44,449999,35,440000,0,60000,40,9999,0.100000,0,0,0.000000,6,0.000000,0.000000,0.212187,0,0,0,0,0,0,0
44,449999,36,440000,20,0,0,9999,0.100000,0,0,0.000000,6,0.000000,0.000000,0.710699,0,0,0,0,0,0,45
44,449999,37,440000,72,70000,40,9999,0.100000,0,0,0.000000,6,0.000000,0.000000,0.733353,0,0,0,0,0,0,0
44,449999,38,440000,72,150000,40,9999,0.100000,0,0,0.000000,6,0.000000,0.000000,3.607363,0,0,0,0,0,0,0
44,449999,39,440000,0,60000,40,9999,0.100000,0,0,0.000000,6,0.000000,0.000000,0.084872,0,0,0,0,0,0,0
44,449999,40,440000,0,40000,40,9999,0.100000,0,0,0.000000,6,0.000000,0.000000,0.086346,0,0,0,0,0,0,0
44,449999,41,440000,0,40000,40,9999,0.100000,0,0,0.000000,6,0.000000,0.000000,0.085166,0,0,0,0,0,0,0
44,449999,42,440000,0,60000,40,9999,0.100000,0,0,0.000000,6,0.000000,0.000000,0.093785,0,0,0,0,0,0,0
44,449999,43,440000,4,10000,40,9999,0.100000,0,0,0.000000,6,0.000000,0.000000,0.340930,0,0,0,0,0,0,0
44,449999,44,440000,4,10000,40,9999,0.100000,0,0,0.000000,6,0.000000,0.000000,0.225037,0,0,0,0,0,0,0
44,449999,45,440000,4,10000,40,9999,0.100000,0,0,0.000000,6,0.000000,0.000000,0.229069,0,0,0,0,0,0,0
44,449999,46,440000,0,40000,40,9999,0.100000,0,0,0.000000,6,0.000000,0.000000,0.230945,0,0,0,0,0,0,0
44,449999,47,440000,4,10000,40,9999,0.100000,0,0,0.000000,6,0.000000,0.000000,0.200054,0,0,0,0,0,0,0
44,449999,48,440000,72,150000,40,9999,0.100000,0,0,0.000000,6,0.000000,0.000000,0.274114,0,0,0,0,0,0,0
44,449999,49,440000,0,40000,40,9999,0.100000,0,0,0.000000,6,0.000000,0.000000,0.371501,0,0,0,0,0,0,0
44,449999,50,440000,0,60000,40,9999,0.100000,0,0,0.000000,6,0.000000,0.000000,0.726146,0,0,0,0,0,0,0
44,449999,51,440000,0,60000,40,9999,0.100000,0,0,0.000000,6,0.000000,0.000000,0.982024,0,0,0,0,0,0,0
44,449999,52,440000,0,40000,40,9999,0.100000,0,0,0.000000,6,0.000000,0.000000,0.158308,0,0,0,0,0,0,0
44,449999,53,440000,20,0,40,9999,0.100000,0,0,0.000000,6,0.000000,0.000000,0.622275,0,0,0,0,0,0,0
44,449999,54,440000,72,150000,40,9999,0.100000,0,0,0.000000,6,0.000000,0.000000,0.679456,0,0,0,0,0,0,0
44,449999,55,440000,0,60000,40,9999,0.100000,0,0,0.000000,6,0.000000,0.000000,0.137313,0,0,0,0,0,0,0
44,449999,56,440000,0,40000,40,9999,0.100000,0,0,0.000000,6,0.000000,0.000000,4.544609,0,0,0,0,0,0,0
44,449999,57,440000,4,10000,40,9999,0.100000,0,0,0.000000,6,0.000000,0.000000,1.918009,0,0,0,0,0,0,0
44,449999,58,440000,72,150000,40,9999,0.100000,0,0,0.000000,6,0.000000,0.000000,0.232381,0,0,0,0,0,0,0
44,449999,59,440000,72,70000,49,9999,0.100000,0,0,0.000000,6,2.000000,0.000000,2.936181,0,0,0,0,0,0,0
44,449999,60,440000,72,70000,40,9999,0.100000,0,0,0.000000,6,0.000000,0.000000,5.187562,0,0,0,0,0,0,0
44,449999,61,440000,0,60000,40,9999,0.100000,0,0,0.000000,6,0.000000,0.000000,0.079040,0,0,0,0,0,0,0
44,449999,62,440000,0,40000,40,9999,0.100000,0,0,0.000000,6,0.000000,0.000000,1.300027,0,0,0,0,0,0,0
44,449999,63,440000,72,70000,40,9999,0.100000,0,0,0.000000,6,0.000000,0.000000,1.135290,0,0,0,0,0,0,0
44,449999,64,440000,72,150000,40,9999,0.100000,0,0,0.000000,6,0.000000,0.000000,0.237018,0,0,0,0,0,0,0
44,449999,65,440000,0,40000,40,9999,0.100000,0,0,0.000000,6,0.000000,0.000000,0.230605,0,0,0,0,0,0,0
44,449999,66,440000,4,10000,40,9999,0.100000,0,0,0.000000,6,0.000000,0.000000,0.236174,0,0,0,0,0,0,0
44,449999,67,440000,0,60000,40,9999,0.100000,0,0,0.000000,6,0.000000,0.000000,0.269797,0,0,0,0,0,0,0
44,449999,68,440000,4,10000,40,9999,0.100000,0,0,0.000000,6,0.000000,0.000000,3.389130,0,0,0,0,0,0,0
44,449999,69,440000,72,150000,40,9999,0.100000,0,0,0.000000,6,0.000000,0.000000,0.307444,0,0,0,0,0,0,0
44,449999,70,440000,72,150000,40,9999,0.100000,0,0,0.000000,6,0.000000,0.000000,0.195722,0,0,0,0,0,0,0
44,449999,71,440000,72,150000,40,9999,0.100000,0,0,0.000000,6,0.000000,0.000000,0.168837,0,0,0,0,0,0,0
44,449999,72,440000,20,0,40,9999,0.100000,0,0,0.000000,6,0.000000,0.000000,0.177563,0,0,0,0,0,0,0
44,449999,73,440000,0,40000,40,9999,0.100000,0,0,0.000000,6,0.000000,0.000000,0.995829,0,0,0,0,0,0,0
44,449999,74,440000,0,40000,40,9999,0.100000,0,0,0.000000,6,0.000000,0.000000,1.377337,0,0,0,0,0,0,0
44,449999,75,440000,20,0,40,9999,0.100000,0,0,0.000000,6,0.000000,0.000000,0.094225,0,0,0,0,0,0,0
44,449999,76,440000,20,0,49,9999,0.100000,0,0,0.000000,6,5.000000,0.000000,10.640265,0,0,0,0,0,0,0
44,449999,77,440000,72,150000,40,9999,0.100000,0,0,0.000000,6,0.000000,0.000000,0.823465,0,0,0,0,0,0,0
44,449999,78,440000,0,40000,40,9999,0.100000,0,0,0.000000,6,0.000000,0.000000,1.395552,0,0,0,0,0,0,0
44,449999,79,440000,72,70000,40,9999,0.100000,0,0,0.000000,6,0.000000,0.000000,0.109981,0,0,0,0,0,0,0
44,449999,80,440000,72,150000,40,9999,0.100000,0,0,0.000000,6,0.000000,0.000000,1.368855,0,0,0,0,0,0,0
44,449999,81,440000,0,60000,40,9999,0.100000,0,0,0.000000,6,0.000000,0.000000,23.882452,0,0,0,0,0,0,0
44,449999,82,440000,0,60000,40,9999,0.100000,0,0,0.000000,6,0.000000,0.000000,0.076755,0,0,0,0,0,0,0
44,449999,83,440000,4,10000,40,9999,0.100000,0,0,0.000000,6,0.000000,0.000000,0.078241,0,0,0,0,0,0,0
44,449999,84,440000,0,60000,40,9999,0.100000,0,0,0.000000,6,0.000000,0.000000,0.307441,0,0,0,0,0,0,0
44,449999,85,440000,4,10000,40,9999,0.100000,0,0,0.000000,6,0.000000,0.000000,0.962984,0,0,0,0,0,0,0
44,449999,86,440000,4,10000,49,9999,0.100000,0,0,0.000000,6,13.000000,0.000000,26.121921,0,0,0,0,0,0,0
44,449999,87,440000,72,70000,40,9999,0.100000,0,0,0.000000,6,0.000000,0.000000,0.383641,0,0,0,0,0,0,0
44,449999,88,440000,72,70000,40,9999,0.100000,0,0,0.000000,6,0.000000,0.000000,0.528053,0,0,0,0,0,0,0
44,449999,89,440000,0,60000,49,9999,0.100000,0,0,0.000000,6,5.000000,0.000000,24.007716,0,0,0,0,0,0,0
44,449999,90,440000,72,70000,40,9999,0.100000,0,0,0.000000,6,0.000000,0.000000,0.351218,0,0,0,0,0,0,0
44,449999,91,440000,4,10000,40,9999,0.100000,0,0,0.000000,6,0.000000,0.000000,0.164481,0,0,0,0,0,0,0
44,449999,92,440000,72,150000,40,9999,0.100000,0,0,0.000000,6,0.000000,0.000000,0.811955,0,0,0,0,0,0,0
44,449999,93,440000,0,40000,40,9999,0.100000,0,0,0.000000,6,0.000000,0.000000,0.106811,0,0,0,0,0,0,0
44,449999,94,440000,0,60000,40,9999,0.100000,0,0,0.000000,6,0.000000,0.000000,0.751923,0,0,0,0,0,0,0
44,449999,95,440000,0,60000,40,9999,0.100000,0,0,0.000000,6,0.000000,0.000000,0.898087,0,0,0,0,0,0,0
44,449999,96,440000,20,0,40,9999,0.100000,0,0,0.000000,6,0.000000,0.000000,0.105819,0,0,0,0,0,0,0
44,449999,97,440000,0,60000,40,9999,0.100000,0,0,0.000000,6,0.000000,0.000000,0.238515,0,0,0,0,0,0,0
44,449999,98,440000,20,0,40,9999,0.100000,0,0,0.000000,6,0.000000,0.000000,1.463030,0,0,0,0,0,0,0
44,449999,99,440000,4,10000,40,9999,0.100000,0,0,0.000000,6,0.000000,0.000000,0.465620,0,0,0,0,0,0,0
45,459999,0,450000,72,150000,49,9999,0.100000,0,0,0.000000,6,3.000000,0.000000,4.563994,0,0,0,0,0,0,0
45,459999,1,450000,20,0,40,9999,0.100000,0,0,0.000000,6,0.000000,0.000000,0.609066,0,0,0,0,0,0,0
45,459999,2,450000,20,0,40,9999,0.100000,0,0,0.000000,6,0.000000,0.000000,0.523063,0,0,0,0,0,0,0
45,459999,3,450000,72,70000,40,9999,0.100000,0,0,0.000000,6,0.000000,0.000000,0.994263,0,0,0,0,0,0,0
45,459999,4,450000,4,10000,40,9999,0.100000,0,0,0.000000,6,0.000000,0.000000,0.782765,0,0,0,0,0,0,0
45,459999,5,450000,20,0,40,9999,0.100000,0,0,0.000000,6,0.000000,0.000000,0.809985,0,0,0,0,0,0,0
45,459999,6,450000,72,150000,40,9999,0.100000,0,0,0.000000,6,0.000000,0.000000,0.141646,0,0,0,0,0,0,0
45,459999,7,450000,72,150000,40,9999,0.100000,0,0,0.000000,6,0.000000,0.000000,1.609477,0,0,0,0,0,0,0
45,459999,8,450000,4,10000,40,9999,0.100000,0,0,0.000000,6,0.000000,0.000000,1.972713,0,0,0,0,0,0,0
45,459999,9,450000,72,70000,40,9999,0.100000,0,0,0.000000,6,0.000000,0.000000,0.103884,0,0,0,0,0,0,0
45,459999,10,450000,20,0,40,9999,0.100000,0,0,0.000000,6,0.000000,0.000000,0.261507,0,0,0,0,0,0,0
45,459999,11,450000,0,60000,40,9999,0.100000,0,0,0.000000,6,0.000000,0.000000,0.164055,0,0,0,0,0,0,0
45,459999,12,450000,72,150000,49,9999,0.065000,0,0,0.000000,6,1.000000,0.000000,4.227256,0,0,0,0,0,0,0
45,459999,13,450000,4,10000,40,9999,0.100000,0,0,0.000000,6,0.000000,0.000000,0.725063,0,0,0,0,0,0,0
45,459999,14,450000,20,0,40,9999,0.100000,0,0,0.000000,6,0.000000,0.000000,0.089177,0,0,0,0,0,0,0
45,459999,15,450000,0,60000,40,9999,0.100000,0,0,0.000000,6,0.000000,0.000000,1.188447,0,0,0,0,0,0,0
45,459999,16,450000,0,40000,40,9999,0.100000,0,0,0.000000,6,0.000000,0.000000,0.551171,0,0,0,0,0,0,0
45,459999,17,450000,72,70000,40,9999,0.100000,0,0,0.000000,6,0.000000,0.000000,0.090113,0,0,0,0,0,0,0
45,459999,18,450000,72,150000,40,9999,0.100000,0,0,0.000000,6,0.000000,0.000000,0.238946,0,0,0,0,0,0,0
45,459999,19,450000,72,70000,40,9999,0.100000,0,0,0.000000,6,0.000000,0.000000,0.234746,0,0,0,0,0,0,0
45,459999,20,450000,4,10000,40,9999,0.100000,0,0,0.000000,6,0.000000,0.000000,0.141541,0,0,0,0,0,0,0
45,459999,21,450000,0,40000,40,9999,0.100000,0,0,0.000000,6,0.000000,0.000000,1.348719,0,0,0,0,0,0,0
45,459999,22,450000,72,70000,40,9999,0.100000,0,0,0.000000,6,0.000000,0.000000,0.091931,0,0,0,0,0,0,0
45,459999,23,450000,72,70000,40,9999,0.100000,0,0,0.000000,6,0.000000,0.000000,0.197523,0,0,0,0,0,0,0
45,459999,24,450000,0,40000,49,9999,0.100000,0,0,0.000000,6,2.000000,0.000000,7.557513,0,0,0,0,0,0,0
45,459999,25,450000,72,70000,49,9999,0.100000,0,0,0.000000,6,1.000000,0.000000,9.682007,0,0,0,0,0,0,0
45,459999,26,450000,72,150000,40,9999,0.100000,0,0,0.000000,6,0.000000,0.000000,0.122247,0,0,0,0,0,0,0
45,459999,27,450000,0,40000,40,9999,0.100000,0,0,0.000000,6,0.000000,0.000000,0.331929,0,0,0,0,0,0,0
45,459999,28,450000,20,0,40,9999,0.100000,0,0,0.000000,6,0.000000,0.000000,0.147630,0,0,0,0,0,0,0
45,459999,29,450000,0,60000,49,9999,0.100000,0,0,0.000000,6,1.000000,0.000000,1.896496,0,0,0,0,0,0,0
45,459999,30,450000,4,10000,40,9999,0.100000,0,0,0.000000,6,0.000000,0.000000,0.314665,0,0,0,0,0,0,0
45,459999,31,450000,72,70000,49,9999,0.100000,0,0,0.000000,6,1.000000,0.000000,2.188754,0,0,0,0,0,0,0
45,459999,32,450000,4,10000,40,9999,0.100000,0,0,0.000000,6,0.000000,0.000000,0.216268,0,0,0,0,0,0,0
45,459999,33,450000,72,70000,40,9999,0.100000,0,0,0.000000,6,0.000000,0.000000,0.262051,0,0,0,0,0,0,0
45,459999,34,450000,72,70000,40,9999,0.100000,0,0,0.000000,6,0.000000,0.000000,0.071651,0,0,0,0,0,0,0
45,459999,35,450000,72,70000,40,9999,0.100000,0,0,0.000000,6,0.000000,0.000000,0.211813,0,0,0,0,0,0,0
45,459999,36,450000,72,70000,49,9999,0.100000,0,0,0.000000,6,3.000000,0.000000,8.906085,0,0,0,0,0,0,0
45,459999,37,450000,4,10000,40,9999,0.100000,0,0,0.000000,6,0.000000,0.000000,0.530859,0,0,0,0,0,0,0
45,459999,38,450000,4,10000,40,9999,0.100000,0,0,0.000000,6,0.000000,0.000000,5.167364,0,0,0,0,0,0,0
45,459999,39,450000,72,70000,40,9999,0.100000,0,0,0.000000,6,0.000000,0.000000,0.083989,0,0,0,0,0,0,0
45,459999,40,450000,0,40000,40,9999,0.100000,0,0,0.000000,6,0.000000,0.000000,0.079835,0,0,0,0,0,0,0
45,459999,41,450000,4,10000,40,9999,0.100000,0,0,0.000000,6,0.000000,0.000000,0.081391,0,0,0,0,0,0,0
45,459999,42,450000,72,150000,40,9999,0.100000,0,0,0.000000,6,0.000000,0.000000,0.083452,0,0,0,0,0,0,0
45,459999,43,450000,4,10000,40,9999,0.100000,0,0,0.000000,6,0.000000,0.000000,0.222086,0,0,0,0,0,0,0
45,459999,44,450000,0,60000,40,9999,0.100000,0,0,0.000000,6,0.000000,0.000000,0.241375,0,0,0,0,0,0,0
45,459999,45,450000,0,60000,40,9999,0.100000,0,0,0.000000,6,0.000000,0.000000,0.233091,0,0,0,0,0,0,0
45,459999,46,450000,4,10000,40,9999,0.100000,0,0,0.000000,6,0.000000,0.000000,0.237990,0,0,0,0,0,0,0
45,459999,47,450000,72,70000,40,9999,0.100000,0,0,0.000000,6,0.000000,0.000000,0.159278,0,0,0,0,0,0,0
45,459999,48,450000,20,0,40,9999,0.100000,0,0,0.000000,6,0.000000,0.000000,0.454459,0,0,0,0,0,0,0
45,459999,49,450000,72,150000,40,9999,0.100000,0,0,0.000000,6,0.000000,0.000000,0.396218,0,0,0,0,0,0,0
45,459999,50,450000,72,70000,40,9999,0.100000,0,0,0.000000,6,0.000000,0.000000,0.913662,0,0,0,0,0,0,0
45,459999,51,450000,0,40000,40,9999,0.100000,0,0,0.000000,6,0.000000,0.000000,0.785006,0,0,0,0,0,0,0
45,459999,52,450000,0,40000,49,9999,0.100000,0,0,0.000000,6,11.000000,0.000000,35.811852,0,0,0,0,0,0,0
45,459999,53,450000,4,10000,40,9999,0.100000,0,0,0.000000,6,0.000000,0.000000,0.594967,0,0,0,0,0,0,0
45,459999,54,450000,0,60000,40,9999,0.100000,0,0,0.000000,6,0.000000,0.000000,0.454137,0,0,0,0,0,0,0
45,459999,55,450000,72,70000,40,9999,0.100000,0,0,0.000000,6,0.000000,0.000000,0.138599,0,0,0,0,0,0,0
45,459999,56,450000,72,150000,40,9999,0.100000,0,0,0.000000,6,0.000000,0.000000,3.073197,0,0,0,0,0,0,0
45,459999,57,450000,20,0,40,9999,0.100000,0,0,0.000000,6,0.000000,0.000000,1.432713,0,0,0,0,0,0,0
45,459999,58,450000,4,10000,40,9999,0.100000,0,0,0.000000,6,0.000000,0.000000,0.235872,0,0,0,0,0,0,0
45,459999,59,450000,0,40000,40,9999,0.100000,0,0,0.000000,6,0.000000,0.000000,1.230317,0,0,0,0,0,0,0
45,459999,60,450000,0,60000,40,9999,0.100000,0,0,0.000000,6,0.000000,0.000000,0.858416,0,0,0,0,0,0,0
45,459999,61,450000,4,10000,40,9999,0.100000,0,0,0.000000,6,0.000000,0.000000,0.078960,0,0,0,0,0,0,0
45,459999,62,450000,72,150000,49,9999,0.100000,0,0,0.000000,6,4.000000,0.000000,9.557389,0,0,0,0,0,0,0
45,459999,63,450000,0,40000,40,9999,0.100000,0,0,0.000000,6,0.000000,0.000000,0.264404,0,0,0,0,0,0,0
45,459999,64,450000,0,60000,40,9999,0.100000,0,0,0.000000,6,0.000000,0.000000,0.284758,0,0,0,0,0,0,0
45,459999,65,450000,4,10000,40,9999,0.100000,0,0,0.000000,6,0.000000,0.000000,0.224874,0,0,0,0,0,0,0
45,459999,66,450000,0,60000,40,9999,0.100000,0,0,0.000000,6,0.000000,0.000000,0.390278,0,0,0,0,0,0,0
45,459999,67,450000,0,60000,40,9999,0.100000,0,0,0.000000,6,0.000000,0.000000,0.514562,0,0,0,0,0,0,0
45,459999,68,450000,0,40000,40,9999,0.100000,0,0,0.000000,6,0.000000,0.000000,2.622428,0,0,0,0,0,0,0
45,459999,69,450000,72,150000,40,9999,0.100000,0,0,0.000000,6,0.000000,0.000000,0.254474,0,0,0,0,0,0,0
45,459999,70,450000,72,150000,40,9999,0.100000,0,0,0.000000,6,0.000000,0.000000,0.125021,0,0,0,0,0,0,0
45,459999,71,450000,72,150000,40,9999,0.100000,0,0,0.000000,6,0.000000,0.000000,0.166746,0,0,0,0,0,0,0
45,459999,72,450000,0,40000,40,9999,0.100000,0,0,0.000000,6,0.000000,0.000000,0.155440,0,0,0,0,0,0,0
45,459999,73,450000,72,70000,40,9999,0.100000,0,0,0.000000,6,0.000000,0.000000,1.304327,0,0,0,0,0,0,0
45,459999,74,450000,4,10000,40,9999,0.100000,0,0,0.000000,6,0.000000,0.000000,5.786432,0,0,0,0,0,0,0
45,459999,75,450000,4,10000,40,9999,0.100000,0,0,0.000000,6,0.000000,0.000000,0.092637,0,0,0,0,0,0,0
45,459999,76,450000,0,40000,40,9999,0.100000,0,0,0.000000,6,0.000000,0.000000,0.518806,0,0,0,0,0,0,0
45,459999,77,450000,72,150000,40,9999,0.100000,0,0,0.000000,6,0.000000,0.000000,0.660727,0,0,0,0,0,0,0
45,459999,78,450000,72,150000,49,9999,0.100000,0,0,0.000000,6,8.000000,0.000000,21.221299,0,0,0,0,0,0,0
45,459999,79,450000,20,0,40,9999,0.100000,0,0,0.000000,6,0.000000,0.000000,0.132415,0,0,0,0,0,0,0
45,459999,80,450000,72,150000,49,9999,0.100000,0,0,0.000000,6,6.000000,0.000000,16.950263,0,0,0,0,0,0,0
45,459999,81,450000,20,0,49,9999,0.100000,0,0,0.000000,6,5.000000,0.000000,35.255364,0,0,0,0,0,0,0
45,459999,82,450000,20,0,40,9999,0.100000,0,0,0.000000,6,0.000000,0.000000,0.077774,0,0,0,0,0,0,0
45,459999,83,450000,72,70000,49,9999,0.100000,0,0,0.000000,6,6.000000,0.000000,13.881802,0,0,0,0,0,0,0
45,459999,84,450000,0,40000,40,9999,0.100000,0,0,0.000000,6,0.000000,0.000000,0.842910,0,0,0,0,0,0,0
45,459999,85,450000,72,70000,40,9999,0.100000,0,0,0.000000,6,0.000000,0.000000,0.782480,0,0,0,0,0,0,0
45,459999,86,450000,20,0,40,9999,0.100000,0,0,0.000000,6,0.000000,0.000000,0.114611,0,0,0,0,0,0,0
45,459999,87,450000,0,60000,40,9999,0.100000,0,0,0.000000,6,0.000000,0.000000,0.546553,0,0,0,0,0,0,0
45,459999,88,450000,4,10000,0,9999,0.100000,0,0,0.000000,6,0.000000,0.000000,0.488811,0,0,0,0,0,0,1
45,459999,89,450000,72,70000,40,9999,0.100000,0,0,0.000000,6,0.000000,0.000000,0.141029,0,0,0,0,0,0,0
45,459999,90,450000,0,60000,40,9999,0.100000,0,0,0.000000,6,0.000000,0.000000,0.287066,0,0,0,0,0,0,0
45,459999,91,450000,4,10000,40,9999,0.100000,0,0,0.000000,6,0.000000,0.000000,0.142845,0,0,0,0,0,0,0
45,459999,92,450000,4,10000,40,9999,0.100000,0,0,0.000000,6,0.000000,0.000000,0.254550,0,0,0,0,0,0,0
45,459999,93,450000,4,10000,40,9999,0.100000,0,0,0.000000,6,0.000000,0.000000,0.140556,0,0,0,0,0,0,0
45,459999,94,450000,0,40000,40,9999,0.100000,0,0,0.000000,6,0.000000,0.000000,0.438800,0,0,0,0,0,0,0
45,459999,95,450000,4,10000,40,9999,0.100000,0,0,0.000000,6,0.000000,0.000000,1.602942,0,0,0,0,0,0,0
45,459999,96,450000,20,0,40,9999,0.100000,0,0,0.000000,6,0.000000,0.000000,0.096636,0,0,0,0,0,0,0
45,459999,97,450000,72,150000,40,9999,0.100000,0,0,0.000000,6,0.000000,0.000000,0.236065,0,0,0,0,0,0,0
45,459999,98,450000,20,0,40,9999,0.100000,0,0,0.000000,6,0.000000,0.000000,0.764852,0,0,0,0,0,0,0
45,459999,99,450000,0,40000,40,9999,0.100000,0,0,0.000000,6,0.000000,0.000000,0.498690,0,0,0,0,0,0,0
46,469999,0,460000,0,40000,40,9999,0.100000,0,0,0.000000,6,0.000000,0.000000,1.578226,0,0,0,0,0,0,0
46,469999,1,460000,4,10000,40,9999,0.100000,0,0,0.000000,6,0.000000,0.000000,0.759271,0,0,0,0,0,0,0
46,469999,2,460000,4,10000,40,9999,0.100000,0,0,0.000000,6,0.000000,0.000000,0.883682,0,0,0,0,0,0,0
46,469999,3,460000,0,60000,40,9999,0.100000,0,0,0.000000,6,0.000000,0.000000,0.411780,0,0,0,0,0,0,0
46,469999,4,460000,0,60000,40,9999,0.100000,0,0,0.000000,6,0.000000,0.000000,0.205171,0,0,0,0,0,0,0
46,469999,5,460000,72,70000,40,9999,0.100000,0,0,0.000000,6,0.000000,0.000000,2.405752,0,0,0,0,0,0,0
46,469999,6,460000,20,0,40,9999,0.100000,0,0,0.000000,6,0.000000,0.000000,0.142345,0,0,0,0,0,0,0
46,469999,7,460000,72,150000,49,9999,0.100000,0,0,0.000000,6,1.000000,0.000000,3.289499,0,0,0,0,0,0,0
46,469999,8,460000,72,150000,40,9999,0.100000,0,0,0.000000,6,0.000000,0.000000,2.234981,0,0,0,0,0,0,0
46,469999,9,460000,72,150000,40,9999,0.100000,0,0,0.000000,6,0.000000,0.000000,0.100671,0,0,0,0,0,0,0
46,469999,10,460000,72,70000,40,9999,0.100000,0,0,0.000000,6,0.000000,0.000000,0.328571,0,0,0,0,0,0,0
46,469999,11,460000,4,10000,40,9999,0.100000,0,0,0.000000,6,0.000000,0.000000,0.164087,0,0,0,0,0,0,0
46,469999,12,460000,72,70000,49,9999,0.100000,0,0,0.000000,6,1.000000,0.000000,2.587130,0,0,0,0,0,0,0
46,469999,13,460000,4,10000,40,9999,0.100000,0,0,0.000000,6,0.000000,0.000000,2.261747,0,0,0,0,0,0,0
46,469999,14,460000,72,150000,40,9999,0.100000,0,0,0.000000,6,0.000000,0.000000,0.073493,0,0,0,0,0,0,0
46,469999,15,460000,72,150000,49,9999,0.100000,0,0,0.000000,6,12.000000,0.000000,14.090122,0,0,0,0,0,0,0
46,469999,16,460000,4,10000,40,9999,0.100000,0,0,0.000000,6,0.000000,0.000000,0.905174,0,0,0,0,0,0,0
46,469999,17,460000,0,60000,40,9999,0.100000,0,0,0.000000,6,0.000000,0.000000,0.089647,0,0,0,0,0,0,0
46,469999,18,460000,0,40000,40,9999,0.100000,0,0,0.000000,6,0.000000,0.000000,0.247880,0,0,0,0,0,0,0
46,469999,19,460000,72,70000,40,9999,0.100000,0,0,0.000000,6,0.000000,0.000000,0.230797,0,0,0,0,0,0,0
46,469999,20,460000,20,0,40,9999,0.100000,0,0,0.000000,6,0.000000,0.000000,0.143144,0,0,0,0,0,0,0
46,469999,21,460000,0,60000,40,9999,0.100000,0,0,0.000000,6,0.000000,0.000000,2.141686,0,0,0,0,0,0,0
46,469999,22,460000,72,150000,40,9999,0.100000,0,0,0.000000,6,0.000000,0.000000,0.081441,0,0,0,0,0,0,0
46,469999,23,460000,0,40000,40,9999,0.100000,0,0,0.000000,6,0.000000,0.000000,0.219228,0,0,0,0,0,0,0
46,469999,24,460000,72,70000,49,9999,0.100000,0,0,0.000000,6,1.000000,0.000000,6.563430,0,0,0,0,0,0,0
46,469999,25,460000,0,60000,49,9999,0.100000,0,0,0.000000,6,1.000000,0.000000,7.918069,0,0,0,0,0,0,0
46,469999,26,460000,0,40000,40,9999,0.100000,0,0,0.000000,6,0.000000,0.000000,0.116512,0,0,0,0,0,0,0
46,469999,27,460000,0,60000,40,9999,0.100000,0,0,0.000000,6,0.000000,0.000000,1.629319,0,0,0,0,0,0,0
46,469999,28,460000,4,10000,40,9999,0.100000,0,0,0.000000,6,0.000000,0.000000,0.181237,0,0,0,0,0,0,0
46,469999,29,460000,0,40000,40,9999,0.100000,0,0,0.000000,6,0.000000,0.000000,0.906098,0,0,0,0,0,0,0
46,469999,30,460000,0,40000,40,9999,0.100000,0,0,0.000000,6,0.000000,0.000000,0.355489,0,0,0,0,0,0,0
46,469999,31,460000,4,10000,49,9999,0.100000,0,0,0.000000,6,6.000000,0.000000,15.556939,0,0,0,0,0,0,0
46,469999,32,460000,72,150000,40,9999,0.100000,0,0,0.000000,6,0.000000,0.000000,0.248020,0,0,0,0,0,0,0
46,469999,33,460000,0,60000,40,9999,0.100000,0,0,0.000000,6,0.000000,0.000000,0.252377,0,0,0,0,0,0,0
46,469999,34,460000,4,10000,40,9999,0.100000,0,0,0.000000,6,0.000000,0.000000,0.070987,0,0,0,0,0,0,0
46,469999,35,460000,72,150000,40,9999,0.100000,0,0,0.000000,6,0.000000,0.000000,0.211391,0,0,0,0,0,0,0
46,469999,36,460000,0,40000,49,9999,0.100000,0,0,0.000000,6,8.000000,0.000000,42.604057,0,0,0,0,0,0,0
46,469999,37,460000,20,0,40,9999,0.100000,0,0,0.000000,6,0.000000,0.000000,0.361063,0,0,0,0,0,0,0
46,469999,38,460000,72,150000,40,9999,0.100000,0,0,0.000000,6,0.000000,0.000000,1.672339,0,0,0,0,0,0,0
46,469999,39,460000,4,10000,40,9999,0.100000,0,0,0.000000,6,0.000000,0.000000,0.084588,0,0,0,0,0,0,0
46,469999,40,460000,4,10000,40,9999,0.100000,0,0,0.000000,6,0.000000,0.000000,0.085995,0,0,0,0,0,0,0
46,469999,41,460000,0,60000,40,9999,0.100000,0,0,0.000000,6,0.000000,0.000000,0.085643,0,0,0,0,0,0,0
46,469999,42,460000,72,70000,40,9999,0.100000,0,0,0.000000,6,0.000000,0.000000,0.073653,0,0,0,0,0,0,0
46,469999,43,460000,4,10000,40,9999,0.100000,0,0,0.000000,6,0.000000,0.000000,0.278986,0,0,0,0,0,0,0
46,469999,44,460000,0,40000,40,9999,0.100000,0,0,0.000000,6,0.000000,0.000000,0.239047,0,0,0,0,0,0,0
46,469999,45,460000,0,60000,40,9999,0.100000,0,0,0.000000,6,0.000000,0.000000,0.233563,0,0,0,0,0,0,0
46,469999,46,460000,0,40000,40,9999,0.100000,0,0,0.000000,6,0.000000,0.000000,0.241276,0,0,0,0,0,0,0
46,469999,47,460000,0,40000,40,9999,0.100000,0,0,0.000000,6,0.000000,0.000000,0.167064,0,0,0,0,0,0,0
46,469999,48,460000,4,10000,40,9999,0.100000,0,0,0.000000,6,0.000000,0.000000,0.389437,0,0,0,0,0,0,0
46,469999,49,460000,72,150000,40,9999,0.100000,0,0,0.000000,6,0.000000,0.000000,0.282724,0,0,0,0,0,0,0
46,469999,50,460000,72,70000,40,9999,0.100000,0,0,0.000000,6,0.000000,0.000000,0.750716,0,0,0,0,0,0,0
46,469999,51,460000,72,150000,49,9999,0.100000,0,0,0.000000,6,1.000000,0.000000,2.688581,0,0,0,0,0,0,0
46,469999,52,460000,0,60000,49,9999,0.100000,0,0,0.000000,6,6.000000,0.000000,12.869432,0,0,0,0,0,0,0
46,469999,53,460000,0,60000,40,9999,0.100000,0,0,0.000000,6,0.000000,0.000000,0.399376,0,0,0,0,0,0,0
46,469999,54,460000,72,70000,40,9999,0.100000,0,0,0.000000,6,0.000000,0.000000,0.544994,0,0,0,0,0,0,0
46,469999,55,460000,72,150000,40,9999,0.100000,0,0,0.000000,6,0.000000,0.000000,0.132515,0,0,0,0,0,0,0
46,469999,56,460000,72,70000,40,9999,0.100000,0,0,0.000000,6,0.000000,0.000000,3.191840,0,0,0,0,0,0,0
46,469999,57,460000,0,40000,40,9999,0.100000,0,0,0.000000,6,0.000000,0.000000,2.017090,0,0,0,0,0,0,0
46,469999,58,460000,0,40000,40,9999,0.100000,0,0,0.000000,6,0.000000,0.000000,0.238846,0,0,0,0,0,0,0
46,469999,59,460000,0,60000,40,9999,0.100000,0,0,0.000000,6,0.000000,0.000000,1.454217,0,0,0,0,0,0,0
46,469999,60,460000,20,0,40,9999,0.100000,0,0,0.000000,6,0.000000,0.000000,0.100725,0,0,0,0,0,0,0
46,469999,61,460000,20,0,40,9999,0.100000,0,0,0.000000,6,0.000000,0.000000,0.079591,0,0,0,0,0,0,0
46,469999,62,460000,72,70000,40,9999,0.100000,0,0,0.000000,6,0.000000,0.000000,0.853620,0,0,0,0,0,0,0
46,469999,63,460000,0,60000,40,9999,0.100000,0,0,0.000000,6,0.000000,0.000000,0.293523,0,0,0,0,0,0,0
46,469999,64,460000,4,10000,40,9999,0.100000,0,0,0.000000,6,0.000000,0.000000,0.230951,0,0,0,0,0,0,0
46,469999,65,460000,0,40000,49,9999,0.100000,0,0,0.000000,6,11.000000,0.000000,23.090191,0,0,0,0,0,0,0
46,469999,66,460000,0,40000,40,9999,0.100000,0,0,0.000000,6,0.000000,0.000000,0.269459,0,0,0,0,0,0,0
46,469999,67,460000,20,0,40,9999,0.100000,0,0,0.000000,6,0.000000,0.000000,0.413710,0,0,0,0,0,0,0
46,469999,68,460000,72,150000,40,9999,0.100000,0,0,0.000000,6,0.000000,0.000000,0.577210,0,0,0,0,0,0,0
46,469999,69,460000,4,10000,40,9999,0.100000,0,0,0.000000,6,0.000000,0.000000,0.242722,0,0,0,0,0,0,0
46,469999,70,460000,72,70000,40,9999,0.100000,0,0,0.000000,6,0.000000,0.000000,0.081534,0,0,0,0,0,0,0
46,469999,71,460000,0,40000,40,9999,0.100000,0,0,0.000000,6,0.000000,0.000000,0.165204,0,0,0,0,0,0,0
46,469999,72,460000,72,150000,40,9999,0.100000,0,0,0.000000,6,0.000000,0.000000,0.128498,0,0,0,0,0,0,0
46,469999,73,460000,0,60000,40,9999,0.100000,0,0,0.000000,6,0.000000,0.000000,1.299673,0,0,0,0,0,0,0
46,469999,74,460000,72,70000,40,9999,0.100000,0,0,0.000000,6,0.000000,0.000000,3.283463,0,0,0,0,0,0,0
46,469999,75,460000,0,40000,40,9999,0.100000,0,0,0.000000,6,0.000000,0.000000,0.092152,0,0,0,0,0,0,0
46,469999,76,460000,0,40000,40,9999,0.100000,0,0,0.000000,6,0.000000,0.000000,0.964605,0,0,0,0,0,0,0
46,469999,77,460000,0,60000,40,9999,0.100000,0,0,0.000000,6,0.000000,0.000000,0.489156,0,0,0,0,0,0,0
46,469999,78,460000,0,60000,49,9999,0.100000,0,0,0.000000,6,4.000000,0.000000,6.022578,0,0,0,0,0,0,0
46,469999,79,460000,4,10000,40,9999,0.100000,0,0,0.000000,6,0.000000,0.000000,0.117012,0,0,0,0,0,0,0
46,469999,80,460000,0,60000,40,9999,0.100000,0,0,0.000000,6,0.000000,0.000000,4.113275,0,0,0,0,0,0,0
46,469999,81,460000,0,60000,49,9999,0.100000,0,0,0.000000,6,5.000000,0.000000,35.257682,0,0,0,0,0,0,0
46,469999,82,460000,0,40000,40,9999,0.100000,0,0,0.000000,6,0.000000,0.000000,0.077393,0,0,0,0,0,0,0
46,469999,83,460000,72,70000,40,9999,0.100000,0,0,0.000000,6,0.000000,0.000000,0.079122,0,0,0,0,0,0,0
46,469999,84,460000,0,40000,40,9999,0.100000,0,0,0.000000,6,0.000000,0.000000,0.138379,0,0,0,0,0,0,0
46,469999,85,460000,72,150000,40,9999,0.100000,0,0,0.000000,6,0.000000,0.000000,0.246824,0,0,0,0,0,0,0
46,469999,86,460000,0,60000,40,9999,0.100000,0,0,0.000000,6,0.000000,0.000000,0.114859,0,0,0,0,0,0,0
46,469999,87,460000,20,0,40,9999,0.100000,0,0,0.000000,6,0.000000,0.000000,0.413639,0,0,0,0,0,0,0
46,469999,88,460000,20,0,40,9999,0.100000,0,0,0.000000,6,0.000000,0.000000,0.577447,0,0,0,0,0,0,0
46,469999,89,460000,20,0,40,9999,0.100000,0,0,0.000000,6,0.000000,0.000000,0.106245,0,0,0,0,0,0,0
46,469999,90,460000,4,10000,40,9999,0.100000,0,0,0.000000,6,0.000000,0.000000,0.348595,0,0,0,0,0,0,0
46,469999,91,460000,0,40000,40,9999,0.100000,0,0,0.000000,6,0.000000,0.000000,0.410884,0,0,0,0,0,0,0
46,469999,92,460000,0,40000,40,9999,0.100000,0,0,0.000000,6,0.000000,0.000000,0.301696,0,0,0,0,0,0,0
46,469999,93,460000,72,70000,40,9999,0.100000,0,0,0.000000,6,0.000000,0.000000,0.090467,0,0,0,0,0,0,0
46,469999,94,460000,72,70000,40,9999,0.100000,0,0,0.000000,6,0.000000,0.000000,0.689932,0,0,0,0,0,0,0
46,469999,95,460000,0,60000,40,9999,0.100000,0,0,0.000000,6,0.000000,0.000000,0.805878,0,0,0,0,0,0,0
46,469999,96,460000,72,150000,40,9999,0.100000,0,0,0.000000,6,0.000000,0.000000,0.095663,0,0,0,0,0,0,0
46,469999,97,460000,4,10000,40,9999,0.100000,0,0,0.000000,6,0.000000,0.000000,0.224050,0,0,0,0,0,0,0
46,469999,98,460000,72,150000,40,9999,0.100000,0,0,0.000000,6,0.000000,0.000000,0.079482,0,0,0,0,0,0,0
46,469999,99,460000,20,0,40,9999,0.100000,0,0,0.000000,6,0.000000,0.000000,0.108254,0,0,0,0,0,0,0
47,479999,0,470000,0,40000,40,9999,0.100000,0,0,0.000000,6,0.000000,0.000000,0.379977,0,0,0,0,0,0,0
47,479999,1,470000,0,40000,40,9999,0.100000,0,0,0.000000,6,0.000000,0.000000,0.274493,0,0,0,0,0,0,0
47,479999,2,470000,72,70000,40,9999,0.100000,0,0,0.000000,6,0.000000,0.000000,1.061112,0,0,0,0,0,0,0
47,479999,3,460000,0,60000,40,19999,0.100000,0,0,0.000000,6,0.000000,0.000000,0.351400,0,0,0,0,0,0,0
47,479999,4,470000,4,10000,40,9999,0.100000,0,0,0.000000,6,0.000000,0.000000,0.203362,0,0,0,0,0,0,0
47,479999,5,470000,0,60000,40,9999,0.100000,0,0,0.000000,6,0.000000,0.000000,2.702639,0,0,0,0,0,0,0
47,479999,6,470000,0,40000,40,9999,0.100000,0,0,0.000000,6,0.000000,0.000000,0.146744,0,0,0,0,0,0,0
47,479999,7,470000,72,150000,40,9999,0.100000,0,0,0.000000,6,0.000000,0.000000,3.291006,0,0,0,0,0,0,0
47,479999,8,470000,4,10000,40,9999,0.100000,0,0,0.000000,6,0.000000,0.000000,1.431096,0,0,0,0,0,0,0
47,479999,9,470000,0,60000,40,9999,0.100000,0,0,0.000000,6,0.000000,0.000000,0.101045,0,0,0,0,0,0,0
47,479999,10,470000,72,150000,40,9999,0.100000,0,0,0.000000,6,0.000000,0.000000,0.419254,0,0,0,0,0,0,0
47,479999,11,460000,4,10000,40,19999,0.100000,0,0,0.000000,6,0.000000,0.000000,0.161852,0,0,0,0,0,0,0
47,479999,12,470000,4,10000,40,9999,0.100000,0,0,0.000000,6,0.000000,0.000000,0.565686,0,0,0,0,0,0,0
47,479999,13,470000,20,0,40,9999,0.100000,0,0,0.000000,6,0.000000,0.000000,1.641666,0,0,0,0,0,0,0
47,479999,14,470000,4,10000,40,9999,0.100000,0,0,0.000000,6,0.000000,0.000000,0.062144,0,0,0,0,0,0,0
47,479999,15,470000,72,150000,40,9999,0.100000,0,0,0.000000,6,0.000000,0.000000,0.238583,0,0,0,0,0,0,0
47,479999,16,470000,0,40000,40,9999,0.065000,0,0,0.000000,6,0.000000,0.000000,1.047553,0,0,0,0,0,0,0
47,479999,17,470000,20,0,40,9999,0.100000,0,0,0.000000,6,0.000000,0.000000,0.088019,0,0,0,0,0,0,0
47,479999,18,470000,20,0,40,9999,0.100000,0,0,0.000000,6,0.000000,0.000000,0.233015,0,0,0,0,0,0,0
47,479999,19,470000,72,70000,40,9999,0.100000,0,0,0.000000,6,0.000000,0.000000,0.232736,0,0,0,0,0,0,0
47,479999,20,470000,20,0,40,9999,0.100000,0,0,0.000000,6,0.000000,0.000000,0.143475,0,0,0,0,0,0,0
47,479999,21,470000,72,150000,40,9999,0.100000,0,0,0.000000,6,0.000000,0.000000,1.411095,0,0,0,0,0,0,0
47,479999,22,470000,4,10000,40,9999,0.100000,0,0,0.000000,6,0.000000,0.000000,0.068629,0,0,0,0,0,0,0
47,479999,23,470000,72,150000,40,9999,0.100000,0,0,0.000000,6,0.000000,0.000000,0.219460,0,0,0,0,0,0,0
47,479999,24,470000,72,70000,49,9999,0.100000,0,0,0.000000,6,1.000000,0.000000,6.771313,0,0,0,0,0,0,0
47,479999,25,470000,72,150000,49,9999,0.100000,0,0,0.000000,6,1.000000,0.000000,9.423980,0,0,0,0,0,0,0
47,479999,26,470000,0,60000,40,9999,0.100000,0,0,0.000000,6,0.000000,0.000000,0.724572,0,0,0,0,0,0,0
47,479999,27,470000,72,150000,40,9999,0.100000,0,0,0.000000,6,0.000000,0.000000,2.489091,0,0,0,0,0,0,0
47,479999,28,470000,0,40000,40,9999,0.100000,0,0,0.000000,6,0.000000,0.000000,0.160239,0,0,0,0,0,0,0
47,479999,29,470000,20,0,40,9999,0.100000,0,0,0.000000,6,0.000000,0.000000,0.533551,0,0,0,0,0,0,0
47,479999,30,470000,20,0,40,9999,0.100000,0,0,0.000000,6,0.000000,0.000000,0.354281,0,0,0,0,0,0,0
47,479999,31,470000,0,40000,40,9999,0.100000,0,0,0.000000,6,0.000000,0.000000,0.799844,0,0,0,0,0,0,0
47,479999,32,470000,0,40000,40,9999,0.100000,0,0,0.000000,6,0.000000,0.000000,0.231803,0,0,0,0,0,0,0
47,479999,33,470000,0,60000,40,9999,0.100000,0,0,0.000000,6,0.000000,0.000000,0.276282,0,0,0,0,0,0,0
47,479999,34,470000,0,40000,40,9999,0.100000,0,0,0.000000,6,0.000000,0.000000,0.069687,0,0,0,0,0,0,0
47,479999,35,470000,0,60000,40,9999,0.100000,0,0,0.000000,6,0.000000,0.000000,0.211180,0,0,0,0,0,0,0
47,479999,36,470000,72,150000,49,9999,0.100000,0,0,0.000000,6,1.000000,0.000000,14.884615,0,0,0,0,0,0,0
47,479999,37,470000,4,10000,40,9999,0.100000,0,0,0.000000,6,0.000000,0.000000,0.357845,0,0,0,0,0,0,0
47,479999,38,470000,0,40000,40,9999,0.100000,0,0,0.000000,6,0.000000,0.000000,9.563582,0,0,0,0,0,0,0
47,479999,39,470000,72,70000,40,9999,0.100000,0,0,0.000000,6,0.000000,0.000000,0.084448,0,0,0,0,0,0,0
47,479999,40,470000,0,40000,40,9999,0.100000,0,0,0.000000,6,0.000000,0.000000,0.083832,0,0,0,0,0,0,0
47,479999,41,470000,72,150000,40,9999,0.100000,0,0,0.000000,6,0.000000,0.000000,0.081200,0,0,0,0,0,0,0
47,479999,42,470000,0,60000,40,9999,0.100000,0,0,0.000000,6,0.000000,0.000000,0.064199,0,0,0,0,0,0,0
47,479999,43,470000,0,40000,40,9999,0.100000,0,0,0.000000,6,0.000000,0.000000,0.096027,0,0,0,0,0,0,0
47,479999,44,470000,72,70000,40,9999,0.100000,0,0,0.000000,6,0.000000,0.000000,0.236861,0,0,0,0,0,0,0
47,479999,45,470000,0,60000,40,9999,0.100000,0,0,0.000000,6,0.000000,0.000000,0.233899,0,0,0,0,0,0,0
47,479999,46,470000,20,0,40,9999,0.100000,0,0,0.000000,6,0.000000,0.000000,0.235748,0,0,0,0,0,0,0
47,479999,47,470000,72,150000,40,9999,0.100000,0,0,0.000000,6,0.000000,0.000000,0.164580,0,0,0,0,0,0,0
47,479999,48,470000,0,40000,40,9999,0.100000,0,0,0.000000,6,0.000000,0.000000,0.467711,0,0,0,0,0,0,0
47,479999,49,470000,0,60000,40,9999,0.100000,0,0,0.000000,6,0.000000,0.000000,0.496231,0,0,0,0,0,0,0
47,479999,50,470000,20,0,40,9999,0.100000,0,0,0.000000,6,0.000000,0.000000,0.548799,0,0,0,0,0,0,0
47,479999,51,470000,72,150000,40,9999,0.100000,0,0,0.000000,6,0.000000,0.000000,0.859907,0,0,0,0,0,0,0
47,479999,52,470000,4,10000,40,9999,0.100000,0,0,0.000000,6,0.000000,0.000000,0.164234,0,0,0,0,0,0,0
47,479999,53,470000,72,150000,40,9999,0.100000,0,0,0.000000,6,0.000000,0.000000,0.344012,0,0,0,0,0,0,0
47,479999,54,470000,20,0,40,9999,0.100000,0,0,0.000000,6,0.000000,0.000000,0.380732,0,0,0,0,0,0,0
47,479999,55,470000,4,10000,40,9999,0.100000,0,0,0.000000,6,0.000000,0.000000,0.983587,0,0,0,0,0,0,0
47,479999,56,470000,0,40000,40,9999,0.100000,0,0,0.000000,6,0.000000,0.000000,0.195335,0,0,0,0,0,0,0
47,479999,57,470000,20,0,40,9999,0.100000,0,0,0.000000,6,0.000000,0.000000,0.657133,0,0,0,0,0,0,0
47,479999,58,470000,20,0,40,9999,0.100000,0,0,0.000000,6,0.000000,0.000000,0.712660,0,0,0,0,0,0,0
47,479999,59,470000,4,10000,40,9999,0.100000,0,0,0.000000,6,0.000000,0.000000,0.257392,0,0,0,0,0,0,0
47,479999,60,470000,72,150000,40,9999,0.100000,0,0,0.000000,6,0.000000,0.000000,0.088119,0,0,0,0,0,0,0
47,479999,61,460000,20,0,40,19999,0.100000,0,0,0.000000,6,0.000000,0.000000,0.095175,0,0,0,0,0,0,0
47,479999,62,470000,0,40000,40,9999,0.100000,0,0,0.000000,6,0.000000,0.000000,0.476053,0,0,0,0,0,0,0
47,479999,63,470000,72,70000,40,9999,0.100000,0,0,0.000000,6,0.000000,0.000000,0.120814,0,0,0,0,0,0,0
47,479999,64,470000,72,70000,40,9999,0.100000,0,0,0.000000,6,0.000000,0.000000,0.971847,0,0,0,0,0,0,0
47,479999,65,470000,4,10000,40,9999,0.100000,0,0,0.000000,6,0.000000,0.000000,0.227330,0,0,0,0,0,0,0
47,479999,66,470000,0,60000,40,9999,0.100000,0,0,0.000000,6,0.000000,0.000000,0.412783,0,0,0,0,0,0,0
47,479999,67,470000,0,60000,40,9999,0.100000,0,0,0.000000,6,0.000000,0.000000,0.432721,0,0,0,0,0,0,0
47,479999,68,470000,20,0,40,9999,0.100000,0,0,0.000000,6,0.000000,0.000000,0.493361,0,0,0,0,0,0,0
47,479999,69,470000,72,150000,40,9999,0.100000,0,0,0.000000,6,0.000000,0.000000,0.248633,0,0,0,0,0,0,0
47,479999,70,470000,72,150000,40,9999,0.100000,0,0,0.000000,6,0.000000,0.000000,0.078165,0,0,0,0,0,0,0
47,479999,71,470000,20,0,40,9999,0.100000,0,0,0.000000,6,0.000000,0.000000,0.168899,0,0,0,0,0,0,0
47,479999,72,470000,72,150000,40,9999,0.100000,0,0,0.000000,6,0.000000,0.000000,0.111248,0,0,0,0,0,0,0
47,479999,73,460000,0,60000,40,19999,0.100000,0,0,0.000000,6,0.000000,0.000000,1.148416,0,0,0,0,0,0,0
47,479999,74,470000,72,150000,40,9999,0.100000,0,0,0.000000,6,0.000000,0.000000,3.122806,0,0,0,0,0,0,0
47,479999,75,470000,72,70000,40,9999,0.100000,0,0,0.000000,6,0.000000,0.000000,0.091562,0,0,0,0,0,0,0
47,479999,76,470000,72,70000,40,9999,0.100000,0,0,0.000000,6,0.000000,0.000000,1.084388,0,0,0,0,0,0,0
47,479999,77,470000,72,70000,40,9999,0.100000,0,0,0.000000,6,0.000000,0.000000,0.493100,0,0,0,0,0,0,0
47,479999,78,470000,0,40000,40,9999,0.100000,0,0,0.000000,6,0.000000,0.000000,0.139750,0,0,0,0,0,0,0
47,479999,79,470000,72,70000,40,9999,0.100000,0,0,0.000000,6,0.000000,0.000000,0.119816,0,0,0,0,0,0,0
47,479999,80,470000,4,10000,40,9999,0.100000,0,0,0.000000,6,0.000000,0.000000,2.911699,0,0,0,0,0,0,0
47,479999,81,470000,0,60000,40,9999,0.100000,0,0,0.000000,6,0.000000,0.000000,23.930415,0,0,0,0,0,0,0
47,479999,82,470000,20,0,40,9999,0.100000,0,0,0.000000,6,0.000000,0.000000,0.077137,0,0,0,0,0,0,0
47,479999,83,470000,0,40000,40,9999,0.100000,0,0,0.000000,6,0.000000,0.000000,0.080505,0,0,0,0,0,0,0
47,479999,84,470000,20,0,40,9999,0.100000,0,0,0.000000,6,0.000000,0.000000,0.167729,0,0,0,0,0,0,0
47,479999,85,470000,72,70000,40,9999,0.065000,0,0,0.000000,6,0.000000,0.000000,0.253390,0,0,0,0,0,0,0
47,479999,86,470000,0,40000,40,9999,0.100000,0,0,0.000000,6,0.000000,0.000000,0.112217,0,0,0,0,0,0,0
47,479999,87,470000,0,40000,40,9999,0.100000,0,0,0.000000,6,0.000000,0.000000,0.090152,0,0,0,0,0,0,0
47,479999,88,470000,0,60000,49,9999,0.100000,0,0,0.000000,6,3.000000,0.000000,3.356707,0,0,0,0,0,0,0
47,479999,89,470000,4,10000,40,9999,0.100000,0,0,0.000000,6,0.000000,0.000000,0.110464,0,0,0,0,0,0,0
47,479999,90,470000,72,150000,40,9999,0.100000,0,0,0.000000,6,0.000000,0.000000,0.388642,0,0,0,0,0,0,0
47,479999,91,470000,4,10000,40,9999,0.100000,0,0,0.000000,6,0.000000,0.000000,0.342265,0,0,0,0,0,0,0
47,479999,92,470000,72,70000,40,9999,0.100000,0,0,0.000000,6,0.000000,0.000000,0.129126,0,0,0,0,0,0,0
47,479999,93,470000,72,70000,40,9999,0.100000,0,0,0.000000,6,0.000000,0.000000,0.092268,0,0,0,0,0,0,0
47,479999,94,470000,72,70000,40,9999,0.100000,0,0,0.000000,6,0.000000,0.000000,0.200674,0,0,0,0,0,0,0
47,479999,95,470000,72,150000,40,9999,0.100000,0,0,0.000000,6,0.000000,0.000000,0.542639,0,0,0,0,0,0,0
47,479999,96,470000,0,60000,40,9999,0.100000,0,0,0.000000,6,0.000000,0.000000,0.093366,0,0,0,0,0,0,0
47,479999,97,470000,0,40000,40,9999,0.100000,0,0,0.000000,6,0.000000,0.000000,0.231896,0,0,0,0,0,0,0
47,479999,98,470000,72,150000,40,9999,0.135000,0,0,0.000000,6,0.000000,0.000000,0.068553,0,0,0,0,0,0,0
47,479999,99,470000,20,0,40,9999,0.100000,0,0,0.000000,6,0.000000,0.000000,0.253911,0,0,0,0,0,0,0
48,489999,0,480000,20,0,40,9999,0.100000,0,0,0.000000,6,0.000000,0.000000,0.290760,0,0,0,0,0,0,0
48,489999,1,480000,72,70000,40,9999,0.100000,0,0,0.000000,6,0.000000,0.000000,0.215048,0,0,0,0,0,0,0
48,489999,2,480000,0,60000,40,9999,0.100000,0,0,0.000000,6,0.000000,0.000000,0.107838,0,0,0,0,0,0,0
48,489999,3,480000,72,150000,40,9999,0.100000,0,0,0.000000,6,0.000000,0.000000,0.119984,0,0,0,0,0,0,0
48,489999,4,480000,0,40000,40,9999,0.100000,0,0,0.000000,6,0.000000,0.000000,0.415015,0,0,0,0,0,0,0
48,489999,5,480000,72,150000,40,9999,0.100000,0,0,0.000000,6,0.000000,0.000000,1.814147,0,0,0,0,0,0,0
48,489999,6,480000,4,10000,40,9999,0.100000,0,0,0.000000,6,0.000000,0.000000,0.142846,0,0,0,0,0,0,0
48,489999,7,480000,72,150000,40,9999,0.100000,0,0,0.000000,6,0.000000,0.000000,1.729700,0,0,0,0,0,0,0
48,489999,8,480000,72,150000,40,9999,0.100000,0,0,0.000000,6,0.000000,0.000000,1.370587,0,0,0,0,0,0,0
48,489999,9,480000,0,40000,40,9999,0.100000,0,0,0.000000,6,0.000000,0.000000,0.104480,0,0,0,0,0,0,0
48,489999,10,480000,72,70000,40,9999,0.100000,0,0,0.000000,6,0.000000,0.000000,0.390956,0,0,0,0,0,0,0
48,489999,11,480000,72,150000,40,9999,0.100000,0,0,0.000000,6,0.000000,0.000000,0.154081,0,0,0,0,0,0,0
48,489999,12,480000,72,70000,40,9999,0.100000,0,0,0.000000,6,0.000000,0.000000,0.305099,0,0,0,0,0,0,0
48,489999,13,480000,0,60000,40,9999,0.100000,0,0,0.000000,6,0.000000,0.000000,1.914746,0,0,0,0,0,0,0
48,489999,14,480000,20,0,40,9999,0.100000,0,0,0.000000,6,0.000000,0.000000,0.061471,0,0,0,0,0,0,0
48,489999,15,480000,72,150000,40,9999,0.100000,0,0,0.000000,6,0.000000,0.000000,0.251693,0,0,0,0,0,0,0
48,489999,16,480000,72,150000,40,9999,0.100000,0,0,0.000000,6,0.000000,0.000000,1.207721,0,0,0,0,0,0,0
48,489999,17,480000,0,60000,40,9999,0.100000,0,0,0.000000,6,0.000000,0.000000,0.088250,0,0,0,0,0,0,0
48,489999,18,480000,72,150000,40,9999,0.100000,0,0,0.000000,6,0.000000,0.000000,0.229614,0,0,0,0,0,0,0
48,489999,19,480000,0,60000,40,9999,0.100000,0,0,0.000000,6,0.000000,0.000000,0.235126,0,0,0,0,0,0,0
48,489999,20,480000,72,70000,40,9999,0.100000,0,0,0.000000,6,0.000000,0.000000,0.153534,0,0,0,0,0,0,0
48,489999,21,480000,20,0,40,9999,0.100000,0,0,0.000000,6,0.000000,0.000000,1.730921,0,0,0,0,0,0,0
48,489999,22,480000,72,150000,40,9999,0.100000,0,0,0.000000,6,0.000000,0.000000,0.065481,0,0,0,0,0,0,0
48,489999,23,480000,20,0,40,9999,0.100000,0,0,0.000000,6,0.000000,0.000000,0.230522,0,0,0,0,0,0,0
48,489999,24,480000,72,150000,49,9999,0.100000,0,0,0.000000,6,1.000000,0.000000,3.372804,0,0,0,0,0,0,0
48,489999,25,480000,0,40000,49,9999,0.100000,0,0,0.000000,6,5.000000,0.000000,12.458936,0,0,0,0,0,0,0
48,489999,26,480000,72,70000,40,9999,0.100000,0,0,0.000000,6,0.000000,0.000000,0.650101,0,0,0,0,0,0,0
48,489999,27,480000,72,70000,40,9999,0.100000,0,0,0.000000,6,0.000000,0.000000,1.891706,0,0,0,0,0,0,0
48,489999,28,480000,4,10000,40,9999,0.100000,0,0,0.000000,6,0.000000,0.000000,0.265335,0,0,0,0,0,0,0
48,489999,29,480000,0,40000,40,9999,0.100000,0,0,0.000000,6,0.000000,0.000000,0.414146,0,0,0,0,0,0,0
48,489999,30,480000,72,70000,40,9999,0.100000,0,0,0.000000,6,0.000000,0.000000,0.323605,0,0,0,0,0,0,0
48,489999,31,480000,4,10000,40,9999,0.100000,0,0,0.000000,6,0.000000,0.000000,0.638976,0,0,0,0,0,0,0
48,489999,32,480000,20,0,40,9999,0.100000,0,0,0.000000,6,0.000000,0.000000,0.220273,0,0,0,0,0,0,0
48,489999,33,480000,72,150000,40,9999,0.100000,0,0,0.000000,6,0.000000,0.000000,0.272564,0,0,0,0,0,0,0
48,489999,34,480000,0,60000,40,9999,0.100000,0,0,0.000000,6,0.000000,0.000000,0.070448,0,0,0,0,0,0,0
48,489999,35,480000,20,0,49,9999,0.100000,0,0,0.000000,6,1.000000,0.000000,3.878097,0,0,0,0,0,0,0
48,489999,36,480000,0,60000,9,9999,0.100000,0,0,0.000000,6,1.000000,0.000000,6.354551,0,0,0,0,0,0,1
48,489999,37,480000,4,10000,40,9999,0.100000,0,0,0.000000,6,0.000000,0.000000,0.311958,0,0,0,0,0,0,0
48,489999,38,480000,0,60000,40,9999,0.100000,0,0,0.000000,6,0.000000,0.000000,5.414876,0,0,0,0,0,0,0
48,489999,39,480000,0,40000,40,9999,0.100000,0,0,0.000000,6,0.000000,0.000000,0.084118,0,0,0,0,0,0,0
48,489999,40,480000,0,60000,40,9999,0.100000,0,0,0.000000,6,0.000000,0.000000,0.086028,0,0,0,0,0,0,0
48,489999,41,480000,0,40000,40,9999,0.100000,0,0,0.000000,6,0.000000,0.000000,0.081888,0,0,0,0,0,0,0
48,489999,42,480000,72,150000,40,9999,0.100000,0,0,0.000000,6,0.000000,0.000000,0.059196,0,0,0,0,0,0,0
48,489999,43,480000,0,40000,40,9999,0.100000,0,0,0.000000,6,0.000000,0.000000,0.094942,0,0,0,0,0,0,0
48,489999,44,480000,0,60000,40,9999,0.100000,0,0,0.000000,6,0.000000,0.000000,0.234523,0,0,0,0,0,0,0
48,489999,45,480000,72,70000,40,9999,0.100000,0,0,0.000000,6,0.000000,0.000000,0.236360,0,0,0,0,0,0,0
48,489999,46,480000,72,150000,40,9999,0.100000,0,0,0.000000,6,0.000000,0.000000,0.240275,0,0,0,0,0,0,0
48,489999,47,480000,4,10000,40,9999,0.100000,0,0,0.000000,6,0.000000,0.000000,0.166162,0,0,0,0,0,0,0
48,489999,48,480000,72,70000,0,9999,0.100000,0,0,0.000000,6,0.000000,0.000000,0.730208,0,0,0,0,0,0,1
48,489999,49,480000,4,10000,40,9999,0.100000,0,0,0.000000,6,0.000000,0.000000,0.608789,0,0,0,0,0,0,0
48,489999,50,480000,4,10000,40,9999,0.100000,0,0,0.000000,6,0.000000,0.000000,0.128370,0,0,0,0,0,0,0
48,489999,51,480000,20,0,40,9999,0.100000,0,0,0.000000,6,0.000000,0.000000,0.477840,0,0,0,0,0,0,0
48,489999,52,480000,4,10000,40,9999,0.100000,0,0,0.000000,6,0.000000,0.000000,0.166496,0,0,0,0,0,0,0
48,489999,53,480000,72,150000,40,9999,0.100000,0,0,0.000000,6,0.000000,0.000000,0.277450,0,0,0,0,0,0,0
48,489999,54,480000,20,0,40,9999,0.100000,0,0,0.000000,6,0.000000,0.000000,0.355418,0,0,0,0,0,0,0
48,489999,55,480000,4,10000,40,9999,0.100000,0,0,0.000000,6,0.000000,0.000000,1.247110,0,0,0,0,0,0,0
48,489999,56,480000,72,150000,40,9999,0.100000,0,0,0.000000,6,0.000000,0.000000,0.208762,0,0,0,0,0,0,0
48,489999,57,480000,20,0,40,9999,0.100000,0,0,0.000000,6,0.000000,0.000000,0.263913,0,0,0,0,0,0,0
48,489999,58,480000,72,150000,40,9999,0.100000,0,0,0.000000,6,0.000000,0.000000,0.724549,0,0,0,0,0,0,0
48,489999,59,480000,4,10000,40,9999,0.100000,0,0,0.000000,6,0.000000,0.000000,0.009854,0,0,0,0,0,0,0
48,489999,60,480000,4,10000,40,9999,0.100000,0,0,0.000000,6,0.000000,0.000000,0.116727,0,0,0,0,0,0,0
48,489999,61,480000,20,0,40,9999,0.100000,0,0,0.000000,6,0.000000,0.000000,0.096361,0,0,0,0,0,0,0
48,489999,62,480000,72,150000,40,9999,0.100000,0,0,0.000000,6,0.000000,0.000000,0.600197,0,0,0,0,0,0,0
48,489999,63,480000,72,70000,40,9999,0.100000,0,0,0.000000,6,0.000000,0.000000,0.087954,0,0,0,0,0,0,0
48,489999,64,480000,72,150000,40,9999,0.100000,0,0,0.000000,6,0.000000,0.000000,0.891668,0,0,0,0,0,0,0
48,489999,65,480000,0,60000,40,9999,0.100000,0,0,0.000000,6,0.000000,0.000000,0.228881,0,0,0,0,0,0,0
48,489999,66,480000,0,60000,40,9999,0.100000,0,0,0.000000,6,0.000000,0.000000,0.976840,0,0,0,0,0,0,0
48,489999,67,480000,72,150000,40,9999,0.100000,0,0,0.000000,6,0.000000,0.000000,0.348087,0,0,0,0,0,0,0
48,489999,68,480000,72,150000,40,9999,0.100000,0,0,0.000000,6,0.000000,0.000000,0.679731,0,0,0,0,0,0,0
48,489999,69,480000,72,150000,40,9999,0.100000,0,0,0.000000,6,0.000000,0.000000,0.251052,0,0,0,0,0,0,0
48,489999,70,480000,0,60000,40,9999,0.100000,0,0,0.000000,6,0.000000,0.000000,0.078466,0,0,0,0,0,0,0
48,489999,71,480000,20,0,40,9999,0.100000,0,0,0.000000,6,0.000000,0.000000,0.161964,0,0,0,0,0,0,0
48,489999,72,480000,72,150000,40,9999,0.100000,0,0,0.000000,6,0.000000,0.000000,0.093781,0,0,0,0,0,0,0
48,489999,73,480000,72,150000,40,9999,0.100000,0,0,0.000000,6,0.000000,0.000000,0.992013,0,0,0,0,0,0,0
48,489999,74,480000,20,0,40,9999,0.100000,0,0,0.000000,6,0.000000,0.000000,0.160381,0,0,0,0,0,0,0
48,489999,75,480000,72,150000,40,9999,0.100000,0,0,0.000000,6,0.000000,0.000000,0.092043,0,0,0,0,0,0,0
48,489999,76,480000,20,0,40,9999,0.100000,0,0,0.000000,6,0.000000,0.000000,0.964249,0,0,0,0,0,0,0
48,489999,77,480000,0,60000,49,9999,0.100000,0,0,0.000000,6,7.000000,0.000000,15.397607,0,0,0,0,0,0,0
48,489999,78,480000,0,40000,40,9999,0.100000,0,0,0.000000,6,0.000000,0.000000,0.143720,0,0,0,0,0,0,0
48,489999,79,480000,0,40000,40,9999,0.100000,0,0,0.000000,6,0.000000,0.000000,0.131927,0,0,0,0,0,0,0
48,489999,80,480000,72,70000,40,9999,0.100000,0,0,0.000000,6,0.000000,0.000000,1.368394,0,0,0,0,0,0,0
48,489999,81,480000,0,60000,40,9999,0.100000,0,0,0.000000,6,0.000000,0.000000,23.870649,0,0,0,0,0,0,0
48,489999,82,480000,0,40000,40,9999,0.100000,0,0,0.000000,6,0.000000,0.000000,0.076056,0,0,0,0,0,0,0
48,489999,83,480000,4,10000,40,9999,0.100000,0,0,0.000000,6,0.000000,0.000000,0.081830,0,0,0,0,0,0,0
48,489999,84,480000,0,60000,40,9999,0.100000,0,0,0.000000,6,0.000000,0.000000,0.431435,0,0,0,0,0,0,0
48,489999,85,480000,4,10000,40,9999,0.100000,0,0,0.000000,6,0.000000,0.000000,0.223828,0,0,0,0,0,0,0
48,489999,86,480000,0,40000,40,9999,0.100000,0,0,0.000000,6,0.000000,0.000000,0.107080,0,0,0,0,0,0,0
48,489999,87,480000,20,0,40,9999,0.100000,0,0,0.000000,6,0.000000,0.000000,0.089654,0,0,0,0,0,0,0
48,489999,88,480000,0,40000,40,9999,0.100000,0,0,0.000000,6,0.000000,0.000000,0.156043,0,0,0,0,0,0,0
48,489999,89,480000,4,10000,40,9999,0.100000,0,0,0.000000,6,0.000000,0.000000,0.115028,0,0,0,0,0,0,0
48,489999,90,480000,20,0,40,9999,0.100000,0,0,0.000000,6,0.000000,0.000000,0.465229,0,0,0,0,0,0,0
48,489999,91,480000,72,70000,40,9999,0.100000,0,0,0.000000,6,0.000000,0.000000,1.594360,0,0,0,0,0,0,0
48,489999,92,480000,72,70000,40,9999,0.100000,0,0,0.000000,6,0.000000,0.000000,0.072511,0,0,0,0,0,0,0
48,489999,93,480000,20,0,40,9999,0.100000,0,0,0.000000,6,0.000000,0.000000,0.086104,0,0,0,0,0,0,0
48,489999,94,480000,0,40000,40,9999,0.100000,0,0,0.000000,6,0.000000,0.000000,0.096006,0,0,0,0,0,0,0
48,489999,95,480000,0,60000,40,9999,0.100000,0,0,0.000000,6,0.000000,0.000000,0.598452,0,0,0,0,0,0,0
48,489999,96,480000,4,10000,40,9999,0.100000,0,0,0.000000,6,0.000000,0.000000,0.091932,0,0,0,0,0,0,0
48,489999,97,480000,20,0,40,9999,0.100000,0,0,0.000000,6,0.000000,0.000000,0.244397,0,0,0,0,0,0,0
48,489999,98,480000,72,150000,40,9999,0.100000,0,0,0.000000,6,0.000000,0.000000,0.105261,0,0,0,0,0,0,0
48,489999,99,480000,72,70000,40,9999,0.100000,0,0,0.000000,6,0.000000,0.000000,0.403303,0,0,0,0,0,0,0
49,499999,0,490000,4,10000,40,9999,0.100000,0,0,0.000000,6,0.000000,0.000000,0.346236,0,0,0,0,0,0,0
49,499999,1,490000,4,10000,40,9999,0.100000,0,0,0.000000,6,0.000000,0.000000,0.264560,0,0,0,0,0,0,0
49,499999,2,490000,72,150000,40,9999,0.100000,0,0,0.000000,6,0.000000,0.000000,0.115531,0,0,0,0,0,0,0
49,499999,3,490000,0,40000,40,9999,0.100000,0,0,0.000000,6,0.000000,0.000000,0.084629,0,0,0,0,0,0,0
49,499999,4,490000,4,10000,40,9999,0.100000,0,0,0.000000,6,0.000000,0.000000,0.233627,0,0,0,0,0,0,0
49,499999,5,490000,72,150000,9,9999,0.100000,0,0,0.000000,6,1.000000,0.000000,15.910062,0,0,0,0,0,0,1
49,499999,6,490000,0,60000,40,9999,0.100000,0,0,0.000000,6,0.000000,0.000000,0.140427,0,0,0,0,0,0,0
49,499999,7,490000,4,10000,40,9999,0.100000,0,0,0.000000,6,0.000000,0.000000,0.889218,0,0,0,0,0,0,0
49,499999,8,490000,72,70000,49,9999,0.100000,0,0,0.000000,6,1.000000,0.000000,6.296136,0,0,0,0,0,0,0
49,499999,9,490000,72,70000,40,9999,0.100000,0,0,0.000000,6,0.000000,0.000000,0.107834,0,0,0,0,0,0,0
49,499999,10,490000,72,70000,40,9999,0.100000,0,0,0.000000,6,0.000000,0.000000,0.622956,0,0,0,0,0,0,0
49,499999,11,490000,20,0,40,9999,0.100000,0,0,0.000000,6,0.000000,0.000000,0.175495,0,0,0,0,0,0,0
49,499999,12,490000,0,60000,40,9999,0.100000,0,0,0.000000,6,0.000000,0.000000,0.390318,0,0,0,0,0,0,0
49,499999,13,490000,0,40000,49,9999,0.100000,0,0,0.000000,6,1.000000,0.000000,7.852807,0,0,0,0,0,0,0
49,499999,14,490000,0,60000,40,9999,0.100000,0,0,0.000000,6,0.000000,0.000000,0.059859,0,0,0,0,0,0,0
49,499999,15,490000,0,40000,40,9999,0.100000,0,0,0.000000,6,0.000000,0.000000,0.237458,0,0,0,0,0,0,0
49,499999,16,490000,0,60000,40,9999,0.100000,0,0,0.000000,6,0.000000,0.000000,0.408577,0,0,0,0,0,0,0
49,499999,17,490000,72,70000,40,9999,0.100000,0,0,0.000000,6,0.000000,0.000000,0.088113,0,0,0,0,0,0,0
49,499999,18,490000,72,70000,40,9999,0.100000,0,0,0.000000,6,0.000000,0.000000,0.238758,0,0,0,0,0,0,0
49,499999,19,490000,4,10000,40,9999,0.100000,0,0,0.000000,6,0.000000,0.000000,0.237347,0,0,0,0,0,0,0
49,499999,20,490000,0,40000,40,9999,0.100000,0,0,0.000000,6,0.000000,0.000000,0.149818,0,0,0,0,0,0,0
49,499999,21,490000,72,150000,0,9999,0.100000,0,0,0.000000,6,0.000000,0.000000,1.307985,0,0,0,0,0,0,1
49,499999,22,490000,72,150000,40,9999,0.100000,0,0,0.000000,6,0.000000,0.000000,0.067501,0,0,0,0,0,0,0
49,499999,23,490000,72,150000,40,9999,0.100000,0,0,0.000000,6,0.000000,0.000000,0.224186,0,0,0,0,0,0,0
49,499999,24,490000,4,10000,40,9999,0.100000,0,0,0.000000,6,0.000000,0.000000,0.268985,0,0,0,0,0,0,0
49,499999,25,490000,20,0,49,9999,0.100000,0,0,0.000000,6,2.000000,0.000000,9.433400,0,0,0,0,0,0,0
49,499999,26,490000,4,10000,40,9999,0.100000,0,0,0.000000,6,0.000000,0.000000,0.537560,0,0,0,0,0,0,0
49,499999,27,490000,72,150000,49,9999,0.100000,0,0,0.000000,6,1.000000,0.000000,16.599614,0,0,0,0,0,0,0
49,499999,28,490000,72,70000,40,9999,0.100000,0,0,0.000000,6,0.000000,0.000000,0.183288,0,0,0,0,0,0,0
49,499999,29,490000,72,70000,40,9999,0.100000,0,0,0.000000,6,0.000000,0.000000,0.669593,0,0,0,0,0,0,0
49,499999,30,490000,0,40000,40,9999,0.100000,0,0,0.000000,6,0.000000,0.000000,0.316640,0,0,0,0,0,0,0
49,499999,31,490000,4,10000,40,9999,0.100000,0,0,0.000000,6,0.000000,0.000000,0.936969,0,0,0,0,0,0,0
49,499999,32,490000,20,0,40,9999,0.100000,0,0,0.000000,6,0.000000,0.000000,0.249481,0,0,0,0,0,0,0
49,499999,33,490000,72,70000,40,9999,0.100000,0,0,0.000000,6,0.000000,0.000000,0.283221,0,0,0,0,0,0,0
49,499999,34,490000,4,10000,40,9999,0.100000,0,0,0.000000,6,0.000000,0.000000,0.071588,0,0,0,0,0,0,0
49,499999,35,490000,72,150000,40,9999,0.100000,0,0,0.000000,6,0.000000,0.000000,0.207984,0,0,0,0,0,0,0
49,499999,36,490000,20,0,40,9999,0.100000,0,0,0.000000,6,0.000000,0.000000,8.383242,0,0,0,0,0,0,0
49,499999,37,490000,0,40000,40,9999,0.100000,0,0,0.000000,6,0.000000,0.000000,0.249487,0,0,0,0,0,0,0
49,499999,38,490000,4,10000,40,9999,0.100000,0,0,0.000000,6,0.000000,0.000000,0.466216,0,0,0,0,0,0,0
49,499999,39,490000,20,0,40,9999,0.100000,0,0,0.000000,6,0.000000,0.000000,0.088459,0,0,0,0,0,0,0
49,499999,40,490000,72,70000,40,9999,0.100000,0,0,0.000000,6,0.000000,0.000000,0.089812,0,0,0,0,0,0,0
49,499999,41,490000,72,150000,40,9999,0.100000,0,0,0.000000,6,0.000000,0.000000,0.570356,0,0,0,0,0,0,0
49,499999,42,490000,72,70000,40,9999,0.100000,0,0,0.000000,6,0.000000,0.000000,0.060873,0,0,0,0,0,0,0
49,499999,43,490000,0,40000,40,9999,0.100000,0,0,0.000000,6,0.000000,0.000000,0.129342,0,0,0,0,0,0,0
49,499999,44,490000,4,10000,40,9999,0.100000,0,0,0.000000,6,0.000000,0.000000,0.240658,0,0,0,0,0,0,0
49,499999,45,490000,20,0,40,9999,0.135000,0,0,0.000000,6,0.000000,0.000000,0.253285,0,0,0,0,0,0,0
49,499999,46,490000,20,0,40,9999,0.100000,0,0,0.000000,6,0.000000,0.000000,0.242228,0,0,0,0,0,0,0
49,499999,47,490000,4,10000,40,9999,0.100000,0,0,0.000000,6,0.000000,0.000000,0.165639,0,0,0,0,0,0,0
49,499999,48,490000,72,150000,40,9999,0.100000,0,0,0.000000,6,0.000000,0.000000,0.177545,0,0,0,0,0,0,0
49,499999,49,490000,72,70000,40,9999,0.100000,0,0,0.000000,6,0.000000,0.000000,0.364323,0,0,0,0,0,0,0
49,499999,50,490000,20,0,40,9999,0.100000,0,0,0.000000,6,0.000000,0.000000,0.105841,0,0,0,0,0,0,0
49,499999,51,490000,72,70000,49,9999,0.100000,0,0,0.000000,6,1.000000,0.000000,2.850913,0,0,0,0,0,0,0
49,499999,52,490000,20,0,40,9999,0.100000,0,0,0.000000,6,0.000000,0.000000,0.168306,0,0,0,0,0,0,0
49,499999,53,490000,4,10000,40,9999,0.100000,0,0,0.000000,6,0.000000,0.000000,0.232061,0,0,0,0,0,0,0
49,499999,54,490000,0,40000,40,9999,0.100000,0,0,0.000000,6,0.000000,0.000000,0.384115,0,0,0,0,0,0,0
49,499999,55,490000,0,40000,40,9999,0.100000,0,0,0.000000,6,0.000000,0.000000,0.787896,0,0,0,0,0,0,0
49,499999,56,490000,0,60000,40,9999,0.100000,0,0,0.000000,6,0.000000,0.000000,0.238925,0,0,0,0,0,0,0
49,499999,57,490000,72,150000,40,9999,0.100000,0,0,0.000000,6,0.000000,0.000000,2.187602,0,0,0,0,0,0,0
49,499999,58,490000,20,0,40,9999,0.100000,0,0,0.000000,6,0.000000,0.000000,0.621038,0,0,0,0,0,0,0
49,499999,59,490000,72,150000,40,9999,0.100000,0,0,0.000000,6,0.000000,0.000000,0.009946,0,0,0,0,0,0,0
49,499999,60,490000,0,40000,40,9999,0.100000,0,0,0.000000,6,0.000000,0.000000,0.095257,0,0,0,0,0,0,0
49,499999,61,490000,0,40000,40,9999,0.100000,0,0,0.000000,6,0.000000,0.000000,0.094754,0,0,0,0,0,0,0
49,499999,62,490000,72,150000,49,9999,0.100000,0,0,0.000000,6,1.000000,0.000000,8.841910,0,0,0,0,0,0,0
49,499999,63,490000,72,70000,40,9999,0.100000,0,0,0.000000,6,0.000000,0.000000,0.097738,0,0,0,0,0,0,0
49,499999,64,490000,0,40000,40,9999,0.100000,0,0,0.000000,6,0.000000,0.000000,0.526302,0,0,0,0,0,0,0
49,499999,65,490000,0,40000,40,9999,0.100000,0,0,0.000000,6,0.000000,0.000000,0.228392,0,0,0,0,0,0,0
49,499999,66,490000,72,70000,40,9999,0.100000,0,0,0.000000,6,0.000000,0.000000,0.271974,0,0,0,0,0,0,0
49,499999,67,490000,20,0,40,9999,0.100000,0,0,0.000000,6,0.000000,0.000000,0.338071,0,0,0,0,0,0,0
49,499999,68,490000,72,70000,40,9999,0.100000,0,0,0.000000,6,0.000000,0.000000,1.095635,0,0,0,0,0,0,0
49,499999,69,490000,72,150000,40,9999,0.100000,0,0,0.000000,6,0.000000,0.000000,0.257673,0,0,0,0,0,0,0
49,499999,70,490000,0,40000,40,9999,0.100000,0,0,0.000000,6,0.000000,0.000000,0.569669,0,0,0,0,0,0,0
49,499999,71,490000,20,0,40,9999,0.100000,0,0,0.000000,6,0.000000,0.000000,0.162889,0,0,0,0,0,0,0
49,499999,72,490000,20,0,40,9999,0.100000,0,0,0.000000,6,0.000000,0.000000,0.104830,0,0,0,0,0,0,0
49,499999,73,490000,72,70000,40,9999,0.100000,0,0,0.000000,6,0.000000,0.000000,0.973893,0,0,0,0,0,0,0
49,499999,74,490000,72,70000,40,9999,0.100000,0,0,0.000000,6,0.000000,0.000000,0.165807,0,0,0,0,0,0,0
49,499999,75,490000,0,60000,40,9999,0.100000,0,0,0.000000,6,0.000000,0.000000,0.091997,0,0,0,0,0,0,0
49,499999,76,490000,20,0,49,9999,0.100000,0,0,0.000000,6,1.000000,0.000000,17.907959,0,0,0,0,0,0,0
49,499999,77,490000,0,40000,40,9999,0.100000,0,0,0.000000,6,0.000000,0.000000,0.379501,0,0,0,0,0,0,0
49,499999,78,490000,0,40000,40,9999,0.100000,0,0,0.000000,6,0.000000,0.000000,0.139816,0,0,0,0,0,0,0
49,499999,79,490000,4,10000,40,9999,0.100000,0,0,0.000000,6,0.000000,0.000000,0.146216,0,0,0,0,0,0,0
49,499999,80,490000,4,10000,9,9999,0.100000,0,0,0.000000,6,1.000000,0.000000,11.661875,0,0,0,0,0,0,1
49,499999,81,490000,72,150000,40,9999,0.100000,0,0,0.000000,6,0.000000,0.000000,23.962089,0,0,0,0,0,0,0
49,499999,82,490000,0,40000,40,9999,0.100000,0,0,0.000000,6,0.000000,0.000000,0.076972,0,0,0,0,0,0,0
49,499999,83,490000,20,0,40,9999,0.100000,0,0,0.000000,6,0.000000,0.000000,0.082100,0,0,0,0,0,0,0
49,499999,84,490000,20,0,40,9999,0.100000,0,0,0.000000,6,0.000000,0.000000,0.284058,0,0,0,0,0,0,0
49,499999,85,490000,72,70000,40,9999,0.100000,0,0,0.000000,6,0.000000,0.000000,0.182938,0,0,0,0,0,0,0
49,499999,86,490000,4,10000,40,9999,0.100000,0,0,0.000000,6,0.000000,0.000000,0.107123,0,0,0,0,0,0,0
49,499999,87,490000,0,40000,40,9999,0.100000,0,0,0.000000,6,0.000000,0.000000,0.089561,0,0,0,0,0,0,0
49,499999,88,490000,20,0,40,9999,0.100000,0,0,0.000000,6,0.000000,0.000000,0.146006,0,0,0,0,0,0,0
49,499999,89,490000,0,60000,40,9999,0.100000,0,0,0.000000,6,0.000000,0.000000,0.305610,0,0,0,0,0,0,0
49,499999,90,490000,72,150000,40,9999,0.100000,0,0,0.000000,6,0.000000,0.000000,0.659063,0,0,0,0,0,0,0
49,499999,91,490000,20,0,40,9999,0.100000,0,0,0.000000,6,0.000000,0.000000,1.064957,0,0,0,0,0,0,0
49,499999,92,490000,20,0,40,9999,0.100000,0,0,0.000000,6,0.000000,0.000000,0.061623,0,0,0,0,0,0,0
49,499999,93,490000,0,40000,40,9999,0.100000,0,0,0.000000,6,0.000000,0.000000,0.090295,0,0,0,0,0,0,0
49,499999,94,490000,72,150000,40,9999,0.100000,0,0,0.000000,6,0.000000,0.000000,0.093151,0,0,0,0,0,0,0
49,499999,95,490000,4,10000,49,9999,0.100000,0,0,0.000000,6,1.000000,0.000000,9.480971,0,0,0,0,0,0,0
49,499999,96,490000,0,60000,40,9999,0.100000,0,0,0.000000,6,0.000000,0.000000,0.092850,0,0,0,0,0,0,0
49,499999,97,490000,72,150000,40,9999,0.100000,0,0,0.000000,6,0.000000,0.000000,0.232871,0,0,0,0,0,0,0
49,499999,98,490000,0,40000,40,9999,0.100000,0,0,0.000000,6,0.000000,0.000000,0.073685,0,0,0,0,0,0,0
49,499999,99,490000,0,60000,40,9999,0.100000,0,0,0.000000,6,0.000000,0.000000,0.164693,0,0,0,0,0,0,0
50,509999,0,500000,72,150000,40,9999,0.100000,0,0,0.000000,6,0.000000,0.000000,0.373172,0,0,0,0,0,0,0
50,509999,1,500000,4,10000,40,9999,0.100000,0,0,0.000000,6,0.000000,0.000000,0.093591,0,0,0,0,0,0,0
50,509999,2,500000,72,150000,40,9999,0.100000,0,0,0.000000,6,0.000000,0.000000,0.109773,0,0,0,0,0,0,0
50,509999,3,500000,72,150000,40,9999,0.100000,0,0,0.000000,6,0.000000,0.000000,0.084606,0,0,0,0,0,0,0
50,509999,4,500000,72,70000,40,9999,0.100000,0,0,0.000000,6,0.000000,0.000000,0.585391,0,0,0,0,0,0,0
50,509999,5,500000,0,40000,49,9999,0.100000,0,0,0.000000,6,2.000000,0.000000,13.218760,0,0,0,0,0,0,0
50,509999,6,500000,72,70000,40,9999,0.100000,0,0,0.000000,6,0.000000,0.000000,0.136507,0,0,0,0,0,0,0
50,509999,7,500000,0,40000,40,9999,0.100000,0,0,0.000000,6,0.000000,0.000000,0.803078,0,0,0,0,0,0,0
50,509999,8,500000,0,60000,40,9999,0.100000,0,0,0.000000,6,0.000000,0.000000,0.999779,0,0,0,0,0,0,0
50,509999,9,500000,0,60000,40,9999,0.100000,0,0,0.000000,6,0.000000,0.000000,0.130803,0,0,0,0,0,0,0
50,509999,10,500000,72,70000,40,9999,0.100000,0,0,0.000000,6,0.000000,0.000000,0.574166,0,0,0,0,0,0,0
50,509999,11,500000,0,60000,40,9999,0.100000,0,0,0.000000,6,0.000000,0.000000,0.168923,0,0,0,0,0,0,0
50,509999,12,500000,72,150000,40,9999,0.100000,0,0,0.000000,6,0.000000,0.000000,0.928492,0,0,0,0,0,0,0
50,509999,13,500000,72,70000,9,9999,0.100000,0,0,0.000000,6,1.000000,0.000000,4.448873,0,0,0,0,0,0,1
50,509999,14,500000,72,70000,40,9999,0.100000,0,0,0.000000,6,0.000000,0.000000,0.134081,0,0,0,0,0,0,0
50,509999,15,500000,72,150000,40,9999,0.100000,0,0,0.000000,6,0.000000,0.000000,0.234652,0,0,0,0,0,0,0
50,509999,16,500000,4,10000,40,9999,0.100000,0,0,0.000000,6,0.000000,0.000000,0.115763,0,0,0,0,0,0,0
50,509999,17,500000,20,0,40,9999,0.100000,0,0,0.000000,6,0.000000,0.000000,0.088319,0,0,0,0,0,0,0
50,509999,18,500000,72,150000,40,9999,0.100000,0,0,0.000000,6,0.000000,0.000000,0.239116,0,0,0,0,0,0,0
50,509999,19,500000,20,0,40,9999,0.100000,0,0,0.000000,6,0.000000,0.000000,0.233012,0,0,0,0,0,0,0
50,509999,20,500000,20,0,40,9999,0.100000,0,0,0.000000,6,0.000000,0.000000,0.156791,0,0,0,0,0,0,0
50,509999,21,500000,20,0,49,9999,0.100000,0,0,0.000000,6,1.000000,0.000000,1.690413,0,0,0,0,0,0,0
50,509999,22,500000,4,10000,40,9999,0.100000,0,0,0.000000,6,0.000000,0.000000,0.090773,0,0,0,0,0,0,0
50,509999,23,500000,20,0,40,9999,0.100000,0,0,0.000000,6,0.000000,0.000000,0.223067,0,0,0,0,0,0,0
50,509999,24,500000,0,40000,40,9999,0.100000,0,0,0.000000,6,0.000000,0.000000,0.764459,0,0,0,0,0,0,0
50,509999,25,500000,0,60000,40,9999,0.100000,0,0,0.000000,6,0.000000,0.000000,1.715434,0,0,0,0,0,0,0
50,509999,26,500000,0,40000,40,9999,0.100000,0,0,0.000000,6,0.000000,0.000000,0.700014,0,0,0,0,0,0,0
50,509999,27,500000,0,60000,9,9999,0.100000,0,0,0.000000,6,2.000000,0.000000,9.648761,0,0,0,0,0,0,1
50,509999,28,500000,0,40000,40,9999,0.100000,0,0,0.000000,6,0.000000,0.000000,0.172338,0,0,0,0,0,0,0
50,509999,29,500000,72,150000,49,9999,0.100000,0,0,0.000000,6,4.000000,0.000000,4.959511,0,0,0,0,0,0,0
50,509999,30,500000,20,0,40,9999,0.100000,0,0,0.000000,6,0.000000,0.000000,0.386244,0,0,0,0,0,0,0
50,509999,31,500000,0,40000,40,9999,0.100000,0,0,0.000000,6,0.000000,0.000000,1.687050,0,0,0,0,0,0,0
50,509999,32,500000,72,150000,40,9999,0.100000,0,0,0.000000,6,0.000000,0.000000,0.253428,0,0,0,0,0,0,0
50,509999,33,500000,0,40000,40,9999,0.100000,0,0,0.000000,6,0.000000,0.000000,0.278107,0,0,0,0,0,0,0
50,509999,34,500000,72,150000,40,9999,0.100000,0,0,0.000000,6,0.000000,0.000000,0.071935,0,0,0,0,0,0,0
50,509999,35,500000,72,70000,40,9999,0.100000,0,0,0.000000,6,0.000000,0.000000,0.216521,0,0,0,0,0,0,0
50,509999,36,500000,0,40000,40,9999,0.100000,0,0,0.000000,6,0.000000,0.000000,8.698080,0,0,0,0,0,0,0
50,509999,37,500000,0,40000,0,9999,0.100000,0,0,0.000000,6,0.000000,0.000000,0.643001,0,0,0,0,0,0,1
50,509999,38,500000,20,0,40,9999,0.100000,0,0,0.000000,6,0.000000,0.000000,0.352122,0,0,0,0,0,0,0
50,509999,39,500000,20,0,40,9999,0.100000,0,0,0.000000,6,0.000000,0.000000,0.106305,0,0,0,0,0,0,0
50,509999,40,500000,0,60000,40,9999,0.100000,0,0,0.000000,6,0.000000,0.000000,0.084684,0,0,0,0,0,0,0
50,509999,41,500000,72,70000,40,9999,0.100000,0,0,0.000000,6,0.000000,0.000000,1.221227,0,0,0,0,0,0,0
50,509999,42,500000,72,150000,40,9999,0.100000,0,0,0.000000,6,0.000000,0.000000,0.279183,0,0,0,0,0,0,0
50,509999,43,500000,72,150000,40,9999,0.100000,0,0,0.000000,6,0.000000,0.000000,0.255791,0,0,0,0,0,0,0
50,509999,44,500000,72,150000,40,9999,0.100000,0,0,0.000000,6,0.000000,0.000000,0.239475,0,0,0,0,0,0,0
50,509999,45,500000,72,150000,40,9999,0.100000,0,0,0.000000,6,0.000000,0.000000,0.231981,0,0,0,0,0,0,0
50,509999,46,500000,0,60000,40,9999,0.100000,0,0,0.000000,6,0.000000,0.000000,0.244054,0,0,0,0,0,0,0
50,509999,47,500000,4,10000,40,9999,0.100000,0,0,0.000000,6,0.000000,0.000000,0.169860,0,0,0,0,0,0,0
50,509999,48,500000,20,0,40,9999,0.100000,0,0,0.000000,6,0.000000,0.000000,0.429414,0,0,0,0,0,0,0
50,509999,49,500000,0,40000,40,9999,0.100000,0,0,0.000000,6,0.000000,0.000000,0.367621,0,0,0,0,0,0,0
50,509999,50,500000,0,60000,40,9999,0.100000,0,0,0.000000,6,0.000000,0.000000,0.106155,0,0,0,0,0,0,0
50,509999,51,500000,0,60000,40,9999,0.100000,0,0,0.000000,6,0.000000,0.000000,1.403109,0,0,0,0,0,0,0
50,509999,52,500000,4,10000,40,9999,0.100000,0,0,0.000000,6,0.000000,0.000000,0.171809,0,0,0,0,0,0,0
50,509999,53,500000,20,0,49,9999,0.100000,0,0,0.000000,6,2.000000,0.000000,3.594572,0,0,0,0,0,0,0
50,509999,54,500000,20,0,40,9999,0.100000,0,0,0.000000,6,0.000000,0.000000,0.416679,0,0,0,0,0,0,0
50,509999,55,500000,0,40000,40,9999,0.100000,0,0,0.000000,6,0.000000,0.000000,0.919933,0,0,0,0,0,0,0
50,509999,56,500000,0,40000,40,9999,0.100000,0,0,0.000000,6,0.000000,0.000000,0.094734,0,0,0,0,0,0,0
50,509999,57,500000,20,0,40,9999,0.100000,0,0,0.000000,6,0.000000,0.000000,0.359983,0,0,0,0,0,0,0
50,509999,58,500000,4,10000,40,9999,0.100000,0,0,0.000000,6,0.000000,0.000000,0.760991,0,0,0,0,0,0,0
50,509999,59,500000,4,10000,40,9999,0.100000,0,0,0.000000,6,0.000000,0.000000,0.049633,0,0,0,0,0,0,0
50,509999,60,500000,72,70000,40,9999,0.100000,0,0,0.000000,6,0.000000,0.000000,0.089744,0,0,0,0,0,0,0
50,509999,61,500000,20,0,40,9999,0.100000,0,0,0.000000,6,0.000000,0.000000,0.094429,0,0,0,0,0,0,0
50,509999,62,500000,72,70000,40,9999,0.100000,0,0,0.000000,6,0.000000,0.000000,0.461354,0,0,0,0,0,0,0
50,509999,63,500000,4,10000,40,9999,0.100000,0,0,0.000000,6,0.000000,0.000000,0.082878,0,0,0,0,0,0,0
50,509999,64,500000,0,60000,40,9999,0.100000,0,0,0.000000,6,0.000000,0.000000,0.468435,0,0,0,0,0,0,0
50,509999,65,500000,72,150000,40,9999,0.100000,0,0,0.000000,6,0.000000,0.000000,0.233847,0,0,0,0,0,0,0
50,509999,66,500000,72,150000,40,9999,0.100000,0,0,0.000000,6,0.000000,0.000000,0.277961,0,0,0,0,0,0,0
50,509999,67,500000,4,10000,40,9999,0.100000,0,0,0.000000,6,0.000000,0.000000,0.262056,0,0,0,0,0,0,0
50,509999,68,500000,72,70000,40,9999,0.100000,0,0,0.000000,6,0.000000,0.000000,1.514939,0,0,0,0,0,0,0
50,509999,69,500000,0,60000,40,9999,0.100000,0,0,0.000000,6,0.000000,0.000000,0.266150,0,0,0,0,0,0,0
50,509999,70,500000,20,0,40,9999,0.100000,0,0,0.000000,6,0.000000,0.000000,2.397070,0,0,0,0,0,0,0
50,509999,71,500000,72,150000,40,9999,0.100000,0,0,0.000000,6,0.000000,0.000000,0.169945,0,0,0,0,0,0,0
50,509999,72,500000,4,10000,40,9999,0.100000,0,0,0.000000,6,0.000000,0.000000,0.086716,0,0,0,0,0,0,0
50,509999,73,500000,72,70000,40,9999,0.100000,0,0,0.000000,6,0.000000,0.000000,0.938986,0,0,0,0,0,0,0
50,509999,74,500000,4,10000,40,9999,0.100000,0,0,0.000000,6,0.000000,0.000000,0.164957,0,0,0,0,0,0,0
50,509999,75,500000,0,60000,40,9999,0.100000,0,0,0.000000,6,0.000000,0.000000,0.092328,0,0,0,0,0,0,0
50,509999,76,500000,0,60000,49,9999,0.100000,0,0,0.000000,6,3.000000,0.000000,5.592562,0,0,0,0,0,0,0
50,509999,77,500000,72,70000,0,9999,0.100000,0,0,0.000000,6,0.000000,0.000000,0.736186,0,0,0,0,0,0,1
50,509999,78,500000,72,150000,40,9999,0.100000,0,0,0.000000,6,0.000000,0.000000,0.134851,0,0,0,0,0,0,0
50,509999,79,500000,72,70000,40,9999,0.100000,0,0,0.000000,6,0.000000,0.000000,0.151004,0,0,0,0,0,0,0
50,509999,80,500000,0,60000,9,9999,0.100000,0,0,0.000000,6,2.000000,0.000000,7.272443,0,0,0,0,0,0,1
50,509999,81,500000,20,0,40,9999,0.100000,0,0,0.000000,6,0.000000,0.000000,23.922581,0,0,0,0,0,0,0
50,509999,82,500000,0,60000,40,9999,0.100000,0,0,0.000000,6,0.000000,0.000000,0.076794,0,0,0,0,0,0,0
50,509999,83,500000,0,40000,40,9999,0.100000,0,0,0.000000,6,0.000000,0.000000,0.084398,0,0,0,0,0,0,0
50,509999,84,500000,72,150000,40,9999,0.100000,0,0,0.000000,6,0.000000,0.000000,0.434230,0,0,0,0,0,0,0
50,509999,85,500000,0,60000,0,9999,0.100000,0,0,0.000000,6,0.000000,0.000000,0.601568,0,0,0,0,0,0,1
50,509999,86,500000,4,10000,40,9999,0.100000,0,0,0.000000,6,0.000000,0.000000,0.106432,0,0,0,0,0,0,0
50,509999,87,500000,4,10000,40,9999,0.100000,0,0,0.000000,6,0.000000,0.000000,0.115227,0,0,0,0,0,0,0
50,509999,88,500000,0,40000,40,9999,0.100000,0,0,0.000000,6,0.000000,0.000000,0.179901,0,0,0,0,0,0,0
50,509999,89,500000,4,10000,40,9999,0.100000,0,0,0.000000,6,0.000000,0.000000,2.719080,0,0,0,0,0,0,0
50,509999,90,500000,0,60000,40,9999,0.100000,0,0,0.000000,6,0.000000,0.000000,0.642857,0,0,0,0,0,0,0
50,509999,91,500000,0,60000,40,9999,0.100000,0,0,0.000000,6,0.000000,0.000000,3.950455,0,0,0,0,0,0,0
50,509999,92,500000,72,150000,40,9999,0.100000,0,0,0.000000,6,0.000000,0.000000,0.077176,0,0,0,0,0,0,0
50,509999,93,500000,4,10000,40,9999,0.100000,0,0,0.000000,6,0.000000,0.000000,0.087777,0,0,0,0,0,0,0
50,509999,94,500000,72,70000,40,9999,0.100000,0,0,0.000000,6,0.000000,0.000000,0.120651,0,0,0,0,0,0,0
50,509999,95,500000,0,60000,49,9999,0.100000,0,0,0.000000,6,2.000000,0.000000,6.248105,0,0,0,0,0,0,0
50,509999,96,500000,72,70000,40,9999,0.100000,0,0,0.000000,6,0.000000,0.000000,0.091553,0,0,0,0,0,0,0
50,509999,97,500000,72,150000,40,9999,0.100000,0,0,0.000000,6,0.000000,0.000000,0.222411,0,0,0,0,0,0,0
50,509999,98,500000,0,40000,40,9999,0.100000,0,0,0.000000,6,0.000000,0.000000,0.070827,0,0,0,0,0,0,0
50,509999,99,500000,0,40000,40,9999,0.100000,0,0,0.000000,6,0.000000,0.000000,0.166081,0,0,0,0,0,0,0
51,519999,0,510000,72,150000,40,9999,0.100000,0,0,0.000000,6,0.000000,0.000000,0.391058,0,0,0,0,0,0,0
51,519999,1,510000,20,0,40,9999,0.100000,0,0,0.000000,6,0.000000,0.000000,0.087316,0,0,0,0,0,0,0
51,519999,2,510000,0,60000,40,9999,0.100000,0,0,0.000000,6,0.000000,0.000000,0.097234,0,0,0,0,0,0,0
51,519999,3,510000,0,60000,40,9999,0.100000,0,0,0.000000,6,0.000000,0.000000,0.082891,0,0,0,0,0,0,0
51,519999,4,510000,72,70000,40,9999,0.100000,0,0,0.000000,6,0.000000,0.000000,0.940962,0,0,0,0,0,0,0
51,519999,5,510000,20,0,49,9999,0.100000,0,0,0.000000,6,3.000000,0.000000,14.511058,0,0,0,0,0,0,0
51,519999,6,510000,0,60000,40,9999,0.100000,0,0,0.000000,6,0.000000,0.000000,0.140070,0,0,0,0,0,0,0
51,519999,7,510000,72,70000,40,9999,0.100000,0,0,0.000000,6,0.000000,0.000000,0.736978,0,0,0,0,0,0,0
51,519999,8,510000,0,60000,40,9999,0.100000,0,0,0.000000,6,0.000000,0.000000,0.996243,0,0,0,0,0,0,0
51,519999,9,510000,72,70000,40,9999,0.100000,0,0,0.000000,6,0.000000,0.000000,0.238295,0,0,0,0,0,0,0
51,519999,10,510000,0,40000,40,9999,0.100000,0,0,0.000000,6,0.000000,0.000000,0.552922,0,0,0,0,0,0,0
51,519999,11,510000,72,70000,40,9999,0.100000,0,0,0.000000,6,0.000000,0.000000,0.163175,0,0,0,0,0,0,0
51,519999,12,510000,20,0,49,9999,0.100000,0,0,0.000000,6,1.000000,0.000000,8.092165,0,0,0,0,0,0,0
51,519999,13,510000,0,40000,0,9999,0.100000,0,0,0.000000,6,0.000000,0.000000,1.218914,0,0,0,1,0,0,0
51,519999,14,510000,20,0,40,9999,0.100000,0,0,0.000000,6,0.000000,0.000000,0.408981,0,0,0,0,0,0,0
51,519999,15,510000,4,10000,40,9999,0.100000,0,0,0.000000,6,0.000000,0.000000,0.236819,0,0,0,0,0,0,0
51,519999,16,510000,4,10000,40,9999,0.100000,0,0,0.000000,6,0.000000,0.000000,0.104023,0,0,0,0,0,0,0
51,519999,17,510000,0,60000,40,9999,0.100000,0,0,0.000000,6,0.000000,0.000000,0.087654,0,0,0,0,0,0,0
51,519999,18,510000,20,0,40,9999,0.100000,0,0,0.000000,6,0.000000,0.000000,0.223216,0,0,0,0,0,0,0
51,519999,19,510000,0,60000,40,9999,0.100000,0,0,0.000000,6,0.000000,0.000000,0.226257,0,0,0,0,0,0,0
51,519999,20,510000,72,150000,40,9999,0.100000,0,0,0.000000,6,0.000000,0.000000,0.245043,0,0,0,0,0,0,0
51,519999,21,510000,72,70000,40,9999,0.100000,0,0,0.000000,6,0.000000,0.000000,0.518542,0,0,0,0,0,0,0
51,519999,22,510000,72,70000,40,9999,0.100000,0,0,0.000000,6,0.000000,0.000000,0.239607,0,0,0,0,0,0,0
51,519999,23,510000,0,40000,40,9999,0.100000,0,0,0.000000,6,0.000000,0.000000,0.221645,0,0,0,0,0,0,0
51,519999,24,510000,0,40000,40,9999,0.100000,0,0,0.000000,6,0.000000,0.000000,0.195991,0,0,0,0,0,0,0
51,519999,25,510000,72,70000,40,9999,0.100000,0,0,0.000000,6,0.000000,0.000000,2.120448,0,0,0,0,0,0,0
51,519999,26,510000,4,10000,40,9999,0.100000,0,0,0.000000,6,0.000000,0.000000,0.703867,0,0,0,0,0,0,0
51,519999,27,510000,72,150000,40,9999,0.100000,0,0,0.000000,6,0.000000,0.000000,9.998175,0,0,0,0,0,0,0
51,519999,28,510000,4,10000,40,9999,0.100000,0,0,0.000000,6,0.000000,0.000000,0.155298,0,0,0,0,0,0,0
51,519999,29,510000,0,60000,40,9999,0.100000,0,0,0.000000,6,0.000000,0.000000,0.476266,0,0,0,0,0,0,0
51,519999,30,510000,0,40000,49,9999,0.100000,0,0,0.000000,6,1.000000,0.000000,2.229244,0,0,0,0,0,0,0
51,519999,31,510000,0,40000,49,9999,0.100000,0,0,0.000000,6,1.000000,0.000000,3.242624,0,0,0,0,0,0,0
51,519999,32,510000,4,10000,40,9999,0.100000,0,0,0.000000,6,0.000000,0.000000,0.234494,0,0,0,0,0,0,0
51,519999,33,510000,4,10000,40,9999,0.100000,0,0,0.000000,6,0.000000,0.000000,0.366853,0,0,0,0,0,0,0
51,519999,34,510000,0,40000,40,9999,0.100000,0,0,0.000000,6,0.000000,0.000000,0.072605,0,0,0,0,0,0,0
51,519999,35,510000,72,150000,40,9999,0.100000,0,0,0.000000,6,0.000000,0.000000,0.211991,0,0,0,0,0,0,0
51,519999,36,510000,0,60000,40,9999,0.100000,0,0,0.000000,6,0.000000,0.000000,8.494740,0,0,0,0,0,0,0
51,519999,37,510000,4,10000,40,9999,0.100000,0,0,0.000000,6,0.000000,0.000000,0.366470,0,0,0,0,0,0,0
51,519999,38,510000,72,150000,40,9999,0.100000,0,0,0.000000,6,0.000000,0.000000,0.344092,0,0,0,0,0,0,0
51,519999,39,510000,0,40000,40,9999,0.100000,0,0,0.000000,6,0.000000,0.000000,0.093623,0,0,0,0,0,0,0
51,519999,40,510000,72,150000,40,9999,0.100000,0,0,0.000000,6,0.000000,0.000000,0.083866,0,0,0,0,0,0,0
51,519999,41,510000,0,60000,40,9999,0.100000,0,0,0.000000,6,0.000000,0.000000,1.036913,0,0,0,0,0,0,0
51,519999,42,510000,4,10000,40,9999,0.100000,0,0,0.000000,6,0.000000,0.000000,0.387095,0,0,0,0,0,0,0
51,519999,43,510000,0,40000,40,9999,0.100000,0,0,0.000000,6,0.000000,0.000000,0.209557,0,0,0,0,0,0,0
51,519999,44,510000,20,0,40,9999,0.100000,0,0,0.000000,6,0.000000,0.000000,0.235528,0,0,0,0,0,0,0
51,519999,45,510000,0,40000,40,9999,0.100000,0,0,0.000000,6,0.000000,0.000000,0.226901,0,0,0,0,0,0,0
51,519999,46,510000,4,10000,40,9999,0.100000,0,0,0.000000,6,0.000000,0.000000,0.244575,0,0,0,0,0,0,0
51,519999,47,510000,0,60000,40,9999,0.100000,0,0,0.000000,6,0.000000,0.000000,0.156409,0,0,0,0,0,0,0
51,519999,48,510000,0,40000,40,9999,0.100000,0,0,0.000000,6,0.000000,0.000000,0.143939,0,0,0,0,0,0,0
51,519999,49,510000,20,0,40,9999,0.100000,0,0,0.000000,6,0.000000,0.000000,0.344906,0,0,0,0,0,0,0
51,519999,50,510000,72,70000,40,9999,0.100000,0,0,0.000000,6,0.000000,0.000000,0.104640,0,0,0,0,0,0,0
51,519999,51,510000,0,40000,40,9999,0.100000,0,0,0.000000,6,0.000000,0.000000,1.501481,0,0,0,0,0,0,0
51,519999,52,510000,0,40000,40,9999,0.100000,0,0,0.000000,6,0.000000,0.000000,0.158284,0,0,0,0,0,0,0
51,519999,53,510000,4,10000,40,9999,0.100000,0,0,0.000000,6,0.000000,0.000000,0.210368,0,0,0,0,0,0,0
51,519999,54,510000,20,0,40,9999,0.100000,0,0,0.000000,6,0.000000,0.000000,0.417338,0,0,0,0,0,0,0
51,519999,55,510000,72,70000,40,9999,0.100000,0,0,0.000000,6,0.000000,0.000000,0.922283,0,0,0,0,0,0,0
51,519999,56,510000,20,0,40,9999,0.100000,0,0,0.000000,6,0.000000,0.000000,0.087089,0,0,0,0,0,0,0
51,519999,57,510000,72,150000,40,9999,0.100000,0,0,0.000000,6,0.000000,0.000000,0.454049,0,0,0,0,0,0,0
51,519999,58,510000,72,70000,40,9999,0.100000,0,0,0.000000,6,0.000000,0.000000,0.783117,0,0,0,0,0,0,0
51,519999,59,510000,20,0,40,9999,0.135000,0,0,0.000000,6,0.000000,0.000000,0.009933,0,0,0,0,0,0,0
51,519999,60,510000,72,70000,40,9999,0.100000,0,0,0.000000,6,0.000000,0.000000,0.089250,0,0,0,0,0,0,0
51,519999,61,510000,0,40000,40,9999,0.100000,0,0,0.000000,6,0.000000,0.000000,0.095528,0,0,0,0,0,0,0
51,519999,62,510000,72,150000,40,9999,0.100000,0,0,0.000000,6,0.000000,0.000000,0.691817,0,0,0,0,0,0,0
51,519999,63,510000,20,0,40,9999,0.100000,0,0,0.000000,6,0.000000,0.000000,0.074680,0,0,0,0,0,0,0
51,519999,64,510000,4,10000,40,9999,0.100000,0,0,0.000000,6,0.000000,0.000000,0.393097,0,0,0,0,0,0,0
51,519999,65,510000,0,40000,40,9999,0.100000,0,0,0.000000,6,0.000000,0.000000,0.230593,0,0,0,0,0,0,0
51,519999,66,510000,72,70000,40,9999,0.100000,0,0,0.000000,6,0.000000,0.000000,0.242814,0,0,0,0,0,0,0
51,519999,67,510000,72,150000,40,9999,0.100000,0,0,0.000000,6,0.000000,0.000000,0.243292,0,0,0,0,0,0,0
51,519999,68,510000,4,10000,40,9999,0.100000,0,0,0.000000,6,0.000000,0.000000,2.666755,0,0,0,0,0,0,0
51,519999,69,510000,72,70000,40,9999,0.100000,0,0,0.000000,6,0.000000,0.000000,0.258161,0,0,0,0,0,0,0
51,519999,70,510000,0,60000,40,9999,0.100000,0,0,0.000000,6,0.000000,0.000000,0.192654,0,0,0,0,0,0,0
51,519999,71,510000,20,0,40,9999,0.100000,0,0,0.000000,6,0.000000,0.000000,0.170073,0,0,0,0,0,0,0
51,519999,72,510000,0,60000,40,9999,0.100000,0,0,0.000000,6,0.000000,0.000000,0.082764,0,0,0,0,0,0,0
51,519999,73,510000,0,40000,40,9999,0.100000,0,0,0.000000,6,0.000000,0.000000,0.928027,0,0,0,0,0,0,0
51,519999,74,510000,4,10000,40,9999,0.100000,0,0,0.000000,6,0.000000,0.000000,0.163453,0,0,0,0,0,0,0
51,519999,75,510000,20,0,40,9999,0.100000,0,0,0.000000,6,0.000000,0.000000,0.094710,0,0,0,0,0,0,0
51,519999,76,510000,0,40000,40,9999,0.100000,0,0,0.000000,6,0.000000,0.000000,0.236045,0,0,0,0,0,0,0
51,519999,77,510000,20,0,40,9999,0.100000,0,0,0.000000,6,0.000000,0.000000,0.741931,0,0,0,0,0,0,0
51,519999,78,510000,72,150000,40,9999,0.100000,0,0,0.000000,6,0.000000,0.000000,0.139948,0,0,0,0,0,0,0
51,519999,79,510000,20,0,40,9999,0.100000,0,0,0.000000,6,0.000000,0.000000,0.127733,0,0,0,0,0,0,0
51,519999,80,510000,72,150000,49,9999,0.100000,0,0,0.000000,6,1.000000,0.000000,14.116159,0,0,0,0,0,0,0
51,519999,81,510000,0,60000,40,9999,0.100000,0,0,0.000000,6,0.000000,0.000000,23.961566,0,0,0,0,0,0,0
51,519999,82,510000,4,10000,40,9999,0.100000,0,0,0.000000,6,0.000000,0.000000,0.077242,0,0,0,0,0,0,0
51,519999,83,510000,0,60000,40,9999,0.100000,0,0,0.000000,6,0.000000,0.000000,0.083613,0,0,0,0,0,0,0
51,519999,84,510000,4,10000,40,9999,0.100000,0,0,0.000000,6,0.000000,0.000000,0.670448,0,0,0,0,0,0,0
51,519999,85,510000,72,70000,40,9999,0.100000,0,0,0.000000,6,0.000000,0.000000,0.262608,0,0,0,0,0,0,0
51,519999,86,510000,72,150000,40,9999,0.100000,0,0,0.000000,6,0.000000,0.000000,0.108275,0,0,0,0,0,0,0
51,519999,87,510000,72,70000,40,9999,0.100000,0,0,0.000000,6,0.000000,0.000000,0.127023,0,0,0,0,0,0,0
51,519999,88,510000,72,150000,40,9999,0.100000,0,0,0.000000,6,0.000000,0.000000,0.376157,0,0,0,0,0,0,0
51,519999,89,510000,20,0,40,9999,0.100000,0,0,0.000000,6,0.000000,0.000000,0.250069,0,0,0,0,0,0,0
51,519999,90,510000,72,150000,40,9999,0.100000,0,0,0.000000,6,0.000000,0.000000,0.778541,0,0,0,0,0,0,0
51,519999,91,510000,0,60000,40,9999,0.100000,0,0,0.000000,6,0.000000,0.000000,6.825786,0,0,0,0,0,0,0
51,519999,92,510000,0,40000,40,9999,0.100000,0,0,0.000000,6,0.000000,0.000000,0.067918,0,0,0,0,0,0,0
51,519999,93,510000,72,70000,40,9999,0.100000,0,0,0.000000,6,0.000000,0.000000,0.101977,0,0,0,0,0,0,0
51,519999,94,510000,4,10000,40,9999,0.100000,0,0,0.000000,6,0.000000,0.000000,0.260376,0,0,0,0,0,0,0
51,519999,95,510000,4,10000,40,9999,0.100000,0,0,0.000000,6,0.000000,0.000000,0.477882,0,0,0,0,0,0,0
51,519999,96,510000,20,0,40,9999,0.100000,0,0,0.000000,6,0.000000,0.000000,0.089447,0,0,0,0,0,0,0
51,519999,97,510000,72,150000,40,9999,0.100000,0,0,0.000000,6,0.000000,0.000000,0.238947,0,0,0,0,0,0,0
51,519999,98,510000,0,40000,40,9999,0.100000,0,0,0.000000,6,0.000000,0.000000,0.070266,0,0,0,0,0,0,0
51,519999,99,510000,4,10000,40,9999,0.100000,0,0,0.000000,6,0.000000,0.000000,0.144466,0,0,0,0,0,0,0
52,529999,0,520000,0,40000,40,9999,0.100000,0,0,0.000000,6,0.000000,0.000000,0.716671,0,0,0,0,0,0,0
52,529999,1,520000,0,40000,40,9999,0.100000,0,0,0.000000,6,0.000000,0.000000,0.087354,0,0,0,0,0,0,0
52,529999,2,520000,0,40000,40,9999,0.100000,0,0,0.000000,6,0.000000,0.000000,0.108010,0,0,0,0,0,0,0
52,529999,3,520000,72,70000,40,9999,0.100000,0,0,0.000000,6,0.000000,0.000000,0.084154,0,0,0,0,0,0,0
52,529999,4,520000,20,0,49,9999,0.100000,0,0,0.000000,6,11.000000,0.000000,12.237954,0,0,0,0,0,0,0
52,529999,5,520000,72,150000,40,9999,0.100000,0,0,0.000000,6,0.000000,0.000000,4.033087,0,0,0,0,0,0,0
52,529999,6,520000,0,40000,40,9999,0.100000,0,0,0.000000,6,0.000000,0.000000,0.138976,0,0,0,0,0,0,0
52,529999,7,520000,0,60000,40,9999,0.100000,0,0,0.000000,6,0.000000,0.000000,0.715628,0,0,0,0,0,0,0
52,529999,8,520000,0,60000,40,9999,0.100000,0,0,0.000000,6,0.000000,0.000000,0.976310,0,0,0,0,0,0,0
52,529999,9,520000,72,150000,40,9999,0.100000,0,0,0.000000,6,0.000000,0.000000,0.214421,0,0,0,0,0,0,0
52,529999,10,520000,72,150000,40,9999,0.100000,0,0,0.000000,6,0.000000,0.000000,5.562847,0,0,0,0,0,0,0
52,529999,11,520000,20,0,40,9999,0.100000,0,0,0.000000,6,0.000000,0.000000,0.157842,0,0,0,0,0,0,0
52,529999,12,520000,20,0,40,9999,0.100000,0,0,0.000000,6,0.000000,0.000000,8.680540,0,0,0,0,0,0,0
52,529999,13,520000,0,40000,40,9999,0.100000,0,0,0.000000,6,0.000000,0.000000,0.930049,0,0,0,0,0,0,0
52,529999,14,520000,0,40000,40,9999,0.100000,0,0,0.000000,6,0.000000,0.000000,0.469801,0,0,0,0,0,0,0
52,529999,15,520000,72,70000,40,9999,0.100000,0,0,0.000000,6,0.000000,0.000000,0.235096,0,0,0,0,0,0,0
52,529999,16,520000,72,70000,40,9999,0.100000,0,0,0.000000,6,0.000000,0.000000,0.353411,0,0,0,0,0,0,0
52,529999,17,520000,72,150000,40,9999,0.100000,0,0,0.000000,6,0.000000,0.000000,0.489169,0,0,0,0,0,0,0
52,529999,18,520000,0,40000,40,9999,0.100000,0,0,0.000000,6,0.000000,0.000000,0.232080,0,0,0,0,0,0,0
52,529999,19,520000,0,60000,40,9999,0.100000,0,0,0.000000,6,0.000000,0.000000,0.241175,0,0,0,0,0,0,0
52,529999,20,520000,0,40000,40,9999,0.100000,0,0,0.000000,6,0.000000,0.000000,0.207472,0,0,0,0,0,0,0
52,529999,21,520000,72,150000,40,9999,0.100000,0,0,0.000000,6,0.000000,0.000000,0.716582,0,0,0,0,0,0,0
52,529999,22,520000,4,10000,40,9999,0.100000,0,0,0.000000,6,0.000000,0.000000,0.255454,0,0,0,0,0,0,0
52,529999,23,520000,4,10000,40,9999,0.100000,0,0,0.000000,6,0.000000,0.000000,0.229142,0,0,0,0,0,0,0
52,529999,24,520000,0,40000,40,9999,0.100000,0,0,0.000000,6,0.000000,0.000000,0.197641,0,0,0,0,0,0,0
52,529999,25,520000,72,150000,40,9999,0.100000,0,0,0.000000,6,0.000000,0.000000,2.413278,0,0,0,0,0,0,0
52,529999,26,520000,72,150000,40,9999,0.100000,0,0,0.000000,6,0.000000,0.000000,0.780832,0,0,0,0,0,0,0
52,529999,27,520000,0,60000,40,9999,0.100000,0,0,0.000000,6,0.000000,0.000000,4.113044,0,0,0,0,0,0,0
52,529999,28,520000,0,60000,40,9999,0.100000,0,0,0.000000,6,0.000000,0.000000,0.185941,0,0,0,0,0,0,0
52,529999,29,520000,20,0,40,9999,0.100000,0,0,0.000000,6,0.000000,0.000000,0.471306,0,0,0,0,0,0,0
52,529999,30,520000,72,150000,49,9999,0.100000,0,0,0.000000,6,2.000000,0.000000,9.126329,0,0,0,0,0,0,0
52,529999,31,520000,0,40000,40,9999,0.100000,0,0,0.000000,6,0.000000,0.000000,2.243644,0,0,0,0,0,0,0
52,529999,32,520000,72,70000,40,9999,0.100000,0,0,0.000000,6,0.000000,0.000000,0.234140,0,0,0,0,0,0,0
52,529999,33,520000,20,0,40,9999,0.100000,0,0,0.000000,6,0.000000,0.000000,0.356386,0,0,0,0,0,0,0
52,529999,34,520000,20,0,40,9999,0.100000,0,0,0.000000,6,0.000000,0.000000,0.949448,0,0,0,0,0,0,0
52,529999,35,520000,0,60000,40,9999,0.100000,0,0,0.000000,6,0.000000,0.000000,0.215693,0,0,0,0,0,0,0
52,529999,36,520000,72,150000,49,9999,0.100000,0,0,0.000000,6,8.000000,0.000000,25.580430,0,0,0,0,0,0,0
52,529999,37,520000,4,10000,40,9999,0.100000,0,0,0.000000,6,0.000000,0.000000,0.397923,0,0,0,0,0,0,0
52,529999,38,520000,20,0,40,9999,0.100000,0,0,0.000000,6,0.000000,0.000000,0.387644,0,0,0,0,0,0,0
52,529999,39,520000,72,150000,40,9999,0.100000,0,0,0.000000,6,0.000000,0.000000,0.109780,0,0,0,0,0,0,0
52,529999,40,520000,20,0,40,9999,0.100000,0,0,0.000000,6,0.000000,0.000000,0.085827,0,0,0,0,0,0,0
52,529999,41,520000,4,10000,40,9999,0.100000,0,0,0.000000,6,0.000000,0.000000,0.754409,0,0,0,0,0,0,0
52,529999,42,520000,20,0,40,9999,0.100000,0,0,0.000000,6,0.000000,0.000000,0.391680,0,0,0,0,0,0,0
52,529999,43,520000,0,60000,40,9999,0.100000,0,0,0.000000,6,0.000000,0.000000,0.402621,0,0,0,0,0,0,0
52,529999,44,520000,72,150000,40,9999,0.100000,0,0,0.000000,6,0.000000,0.000000,0.239931,0,0,0,0,0,0,0
52,529999,45,520000,0,40000,40,9999,0.100000,0,0,0.000000,6,0.000000,0.000000,0.239326,0,0,0,0,0,0,0
52,529999,46,520000,72,70000,40,9999,0.100000,0,0,0.000000,6,0.000000,0.000000,0.251410,0,0,0,0,0,0,0
52,529999,47,520000,72,70000,40,9999,0.100000,0,0,0.000000,6,0.000000,0.000000,0.156123,0,0,0,0,0,0,0
52,529999,48,520000,0,40000,40,9999,0.100000,0,0,0.000000,6,0.000000,0.000000,0.133972,0,0,0,0,0,0,0
52,529999,49,520000,72,70000,40,9999,0.100000,0,0,0.000000,6,0.000000,0.000000,0.330457,0,0,0,0,0,0,0
52,529999,50,520000,72,70000,40,9999,0.100000,0,0,0.000000,6,0.000000,0.000000,0.106058,0,0,0,0,0,0,0
52,529999,51,520000,0,40000,40,9999,0.100000,0,0,0.000000,6,0.000000,0.000000,1.465008,0,0,0,0,0,0,0
52,529999,52,520000,72,150000,40,9999,0.100000,0,0,0.000000,6,0.000000,0.000000,0.159392,0,0,0,0,0,0,0
52,529999,53,520000,4,10000,40,9999,0.100000,0,0,0.000000,6,0.000000,0.000000,0.208722,0,0,0,0,0,0,0
52,529999,54,520000,72,70000,40,9999,0.100000,0,0,0.000000,6,0.000000,0.000000,0.596054,0,0,0,0,0,0,0
52,529999,55,520000,20,0,40,9999,0.100000,0,0,0.000000,6,0.000000,0.000000,0.825041,0,0,0,0,0,0,0
52,529999,56,520000,0,40000,40,9999,0.100000,0,0,0.000000,6,0.000000,0.000000,0.085519,0,0,0,0,0,0,0
52,529999,57,520000,72,150000,40,9999,0.100000,0,0,0.000000,6,0.000000,0.000000,0.484552,0,0,0,0,0,0,0
52,529999,58,520000,4,10000,40,9999,0.100000,0,0,0.000000,6,0.000000,0.000000,0.853107,0,0,0,0,0,0,0
52,529999,59,520000,0,40000,40,9999,0.100000,0,0,0.000000,6,0.000000,0.000000,0.009900,0,0,0,0,0,0,0
52,529999,60,520000,0,60000,40,9999,0.100000,0,0,0.000000,6,0.000000,0.000000,0.094569,0,0,0,0,0,0,0
52,529999,61,520000,72,150000,40,9999,0.100000,0,0,0.000000,6,0.000000,0.000000,0.094232,0,0,0,0,0,0,0
52,529999,62,520000,72,70000,49,9999,0.100000,0,0,0.000000,6,12.000000,0.000000,13.321546,0,0,0,0,0,0,0
52,529999,63,520000,72,150000,40,9999,0.100000,0,0,0.000000,6,0.000000,0.000000,0.073496,0,0,0,0,0,0,0
52,529999,64,520000,20,0,40,9999,0.100000,0,0,0.000000,6,0.000000,0.000000,0.287432,0,0,0,0,0,0,0
52,529999,65,520000,0,40000,40,9999,0.100000,0,0,0.000000,6,0.000000,0.000000,0.229535,0,0,0,0,0,0,0
52,529999,66,520000,72,150000,40,9999,0.100000,0,0,0.000000,6,0.000000,0.000000,0.189945,0,0,0,0,0,0,0
52,529999,67,520000,0,60000,40,9999,0.100000,0,0,0.000000,6,0.000000,0.000000,0.238197,0,0,0,0,0,0,0
52,529999,68,520000,4,10000,40,9999,0.100000,0,0,0.000000,6,0.000000,0.000000,3.068466,0,0,0,0,0,0,0
52,529999,69,520000,4,10000,40,9999,0.100000,0,0,0.000000,6,0.000000,0.000000,0.263634,0,0,0,0,0,0,0
52,529999,70,520000,72,70000,40,9999,0.100000,0,0,0.000000,6,0.000000,0.000000,0.312735,0,0,0,0,0,0,0
52,529999,71,520000,4,10000,40,9999,0.100000,0,0,0.000000,6,0.000000,0.000000,0.172908,0,0,0,0,0,0,0
52,529999,72,520000,72,150000,40,9999,0.100000,0,0,0.000000,6,0.000000,0.000000,0.082693,0,0,0,0,0,0,0
52,529999,73,520000,72,70000,40,9999,0.100000,0,0,0.000000,6,0.000000,0.000000,0.920644,0,0,0,0,0,0,0
52,529999,74,520000,0,40000,40,9999,0.100000,0,0,0.000000,6,0.000000,0.000000,0.163487,0,0,0,0,0,0,0
52,529999,75,520000,72,70000,40,9999,0.100000,0,0,0.000000,6,0.000000,0.000000,0.093985,0,0,0,0,0,0,0
52,529999,76,520000,20,0,40,9999,0.100000,0,0,0.000000,6,0.000000,0.000000,0.230207,0,0,0,0,0,0,0
52,529999,77,520000,0,60000,40,9999,0.100000,0,0,0.000000,6,0.000000,0.000000,1.425533,0,0,0,0,0,0,0
52,529999,78,520000,0,60000,40,9999,0.100000,0,0,0.000000,6,0.000000,0.000000,0.135810,0,0,0,0,0,0,0
52,529999,79,520000,0,60000,40,9999,0.100000,0,0,0.000000,6,0.000000,0.000000,0.147305,0,0,0,0,0,0,0
52,529999,80,520000,0,40000,40,9999,0.100000,0,0,0.000000,6,0.000000,0.000000,14.023995,0,0,0,0,0,0,0
52,529999,81,520000,20,0,40,9999,0.100000,0,0,0.000000,6,0.000000,0.000000,7.470953,0,0,0,0,0,0,0
52,529999,82,520000,20,0,40,9999,0.100000,0,0,0.000000,6,0.000000,0.000000,0.434435,0,0,0,0,0,0,0
52,529999,83,520000,0,60000,40,9999,0.100000,0,0,0.000000,6,0.000000,0.000000,0.085552,0,0,0,0,0,0,0
52,529999,84,520000,4,10000,49,9999,0.100000,0,0,0.000000,6,12.000000,0.000000,12.587994,0,0,0,0,0,0,0
52,529999,85,520000,72,150000,40,9999,0.100000,0,0,0.000000,6,0.000000,0.000000,0.330293,0,0,0,0,0,0,0
52,529999,86,520000,20,0,40,9999,0.100000,0,0,0.000000,6,0.000000,0.000000,0.108859,0,0,0,0,0,0,0
52,529999,87,520000,72,70000,40,9999,0.100000,0,0,0.000000,6,0.000000,0.000000,0.299564,0,0,0,0,0,0,0
52,529999,88,520000,72,70000,40,9999,0.100000,0,0,0.000000,6,0.000000,0.000000,0.066878,0,0,0,0,0,0,0
52,529999,89,520000,72,70000,40,9999,0.100000,0,0,0.000000,6,0.000000,0.000000,0.431494,0,0,0,0,0,0,0
52,529999,90,520000,0,40000,40,9999,0.100000,0,0,0.000000,6,0.000000,0.000000,1.907914,0,0,0,0,0,0,0
52,529999,91,520000,0,60000,40,9999,0.100000,0,0,0.000000,6,0.000000,0.000000,6.229731,0,0,0,0,0,0,0
52,529999,92,520000,72,150000,40,9999,0.100000,0,0,0.000000,6,0.000000,0.000000,0.067935,0,0,0,0,0,0,0
52,529999,93,520000,0,40000,40,9999,0.100000,0,0,0.000000,6,0.000000,0.000000,0.098076,0,0,0,0,0,0,0
52,529999,94,520000,4,10000,40,9999,0.100000,0,0,0.000000,6,0.000000,0.000000,0.213517,0,0,0,0,0,0,0
52,529999,95,520000,20,0,40,9999,0.100000,0,0,0.000000,6,0.000000,0.000000,0.486581,0,0,0,0,0,0,0
52,529999,96,520000,72,150000,40,9999,0.100000,0,0,0.000000,6,0.000000,0.000000,0.388768,0,0,0,0,0,0,0
52,529999,97,520000,4,10000,40,9999,0.100000,0,0,0.000000,6,0.000000,0.000000,0.239857,0,0,0,0,0,0,0
52,529999,98,520000,0,40000,40,9999,0.100000,0,0,0.000000,6,0.000000,0.000000,0.072351,0,0,0,0,0,0,0
52,529999,99,520000,4,10000,40,9999,0.100000,0,0,0.000000,6,0.000000,0.000000,0.087434,0,0,0,0,0,0,0
53,539999,0,530000,72,150000,40,9999,0.100000,0,0,0.000000,6,0.000000,0.000000,0.619035,0,0,0,0,0,0,0
53,539999,1,530000,4,10000,40,9999,0.100000,0,0,0.000000,6,0.000000,0.000000,0.086789,0,0,0,0,0,0,0
53,539999,2,530000,72,70000,40,9999,0.100000,0,0,0.000000,6,0.000000,0.000000,0.101242,0,0,0,0,0,0,0
53,539999,3,530000,72,70000,40,9999,0.100000,0,0,0.000000,6,0.000000,0.000000,0.082461,0,0,0,0,0,0,0
53,539999,4,530000,20,0,40,9999,0.100000,0,0,0.000000,6,0.000000,0.000000,0.795481,0,0,0,0,0,0,0
53,539999,5,530000,0,60000,40,9999,0.100000,0,0,0.000000,6,0.000000,0.000000,1.560252,0,0,0,0,0,0,0
53,539999,6,530000,20,0,40,9999,0.100000,0,0,0.000000,6,0.000000,0.000000,0.145737,0,0,0,0,0,0,0
53,539999,7,530000,72,150000,40,9999,0.100000,0,0,0.000000,6,0.000000,0.000000,0.761533,0,0,0,0,0,0,0
53,539999,8,530000,0,60000,40,9999,0.100000,0,0,0.000000,6,0.000000,0.000000,0.974069,0,0,0,0,0,0,0
53,539999,9,530000,0,60000,40,9999,0.100000,0,0,0.000000,6,0.000000,0.000000,0.233238,0,0,0,0,0,0,0
53,539999,10,530000,4,10000,49,9999,0.100000,0,0,0.000000,6,2.000000,0.000000,6.424548,0,0,0,0,0,0,0
53,539999,11,530000,72,70000,40,9999,0.100000,0,0,0.000000,6,0.000000,0.000000,0.158393,0,0,0,0,0,0,0
53,539999,12,530000,4,10000,40,9999,0.100000,0,0,0.000000,6,0.000000,0.000000,1.065170,0,0,0,0,0,0,0
53,539999,13,530000,0,40000,40,9999,0.100000,0,0,0.000000,6,0.000000,0.000000,0.463757,0,0,0,0,0,0,0
53,539999,14,530000,4,10000,40,9999,0.100000,0,0,0.000000,6,0.000000,0.000000,0.532402,0,0,0,0,0,0,0
53,539999,15,530000,72,70000,40,9999,0.100000,0,0,0.000000,6,0.000000,0.000000,0.236842,0,0,0,0,0,0,0
53,539999,16,530000,4,10000,40,9999,0.100000,0,0,0.000000,6,0.000000,0.000000,0.115814,0,0,0,0,0,0,0
53,539999,17,530000,0,40000,40,9999,0.100000,0,0,0.000000,6,0.000000,0.000000,0.672215,0,0,0,0,0,0,0
53,539999,18,530000,0,40000,40,9999,0.100000,0,0,0.000000,6,0.000000,0.000000,0.239119,0,0,0,0,0,0,0
53,539999,19,530000,0,40000,40,9999,0.100000,0,0,0.000000,6,0.000000,0.000000,0.230692,0,0,0,0,0,0,0
53,539999,20,530000,4,10000,40,9999,0.100000,0,0,0.000000,6,0.000000,0.000000,0.230341,0,0,0,0,0,0,0
53,539999,21,530000,4,10000,40,9999,0.100000,0,0,0.000000,6,0.000000,0.000000,0.827898,0,0,0,0,0,0,0
53,539999,22,530000,72,70000,40,9999,0.100000,0,0,0.000000,6,0.000000,0.000000,0.279302,0,0,0,0,0,0,0
53,539999,23,530000,72,70000,40,9999,0.100000,0,0,0.000000,6,0.000000,0.000000,0.227574,0,0,0,0,0,0,0
53,539999,24,530000,72,150000,40,9999,0.100000,0,0,0.000000,6,0.000000,0.000000,0.214095,0,0,0,0,0,0,0
53,539999,25,530000,0,60000,40,9999,0.100000,0,0,0.000000,6,0.000000,0.000000,3.429963,0,0,0,0,0,0,0
53,539999,26,530000,72,150000,40,9999,0.100000,0,0,0.000000,6,0.000000,0.000000,0.830405,0,0,0,0,0,0,0
53,539999,27,530000,4,10000,40,9999,0.100000,0,0,0.000000,6,0.000000,0.000000,1.797080,0,0,0,0,0,0,0
53,539999,28,530000,72,150000,40,9999,0.100000,0,0,0.000000,6,0.000000,0.000000,0.163144,0,0,0,0,0,0,0
53,539999,29,530000,4,10000,40,9999,0.100000,0,0,0.000000,6,0.000000,0.000000,0.894232,0,0,0,0,0,0,0
53,539999,30,530000,0,40000,49,9999,0.100000,0,0,0.000000,6,4.000000,0.000000,7.089280,0,0,0,0,0,0,0
53,539999,31,530000,72,70000,40,9999,0.100000,0,0,0.000000,6,0.000000,0.000000,0.624678,0,0,0,0,0,0,0
53,539999,32,530000,20,0,40,9999,0.100000,0,0,0.000000,6,0.000000,0.000000,0.248494,0,0,0,0,0,0,0
53,539999,33,530000,0,40000,40,9999,0.100000,0,0,0.000000,6,0.000000,0.000000,0.375032,0,0,0,0,0,0,0
53,539999,34,530000,0,40000,40,9999,0.100000,0,0,0.000000,6,0.000000,0.000000,1.353843,0,0,0,0,0,0,0
53,539999,35,530000,20,0,40,9999,0.100000,0,0,0.000000,6,0.000000,0.000000,0.225159,0,0,0,0,0,0,0
53,539999,36,530000,4,10000,49,9999,0.100000,0,0,0.000000,6,7.000000,0.000000,24.422946,0,0,0,0,0,0,0
53,539999,37,530000,0,40000,40,9999,0.100000,0,0,0.000000,6,0.000000,0.000000,0.457129,0,0,0,0,0,0,0
53,539999,38,530000,0,60000,40,9999,0.100000,0,0,0.000000,6,0.000000,0.000000,0.437427,0,0,0,0,0,0,0
53,539999,39,530000,0,60000,40,9999,0.100000,0,0,0.000000,6,0.000000,0.000000,0.093250,0,0,0,0,0,0,0
53,539999,40,530000,0,40000,40,9999,0.100000,0,0,0.000000,6,0.000000,0.000000,0.083873,0,0,0,0,0,0,0
53,539999,41,530000,72,150000,40,9999,0.100000,0,0,0.000000,6,0.000000,0.000000,0.931539,0,0,0,0,0,0,0
53,539999,42,530000,72,150000,40,9999,0.100000,0,0,0.000000,6,0.000000,0.000000,0.393079,0,0,0,0,0,0,0
53,539999,43,530000,20,0,40,9999,0.100000,0,0,0.000000,6,0.000000,0.000000,0.292230,0,0,0,0,0,0,0
53,539999,44,530000,0,60000,40,9999,0.100000,0,0,0.000000,6,0.000000,0.000000,0.240694,0,0,0,0,0,0,0
53,539999,45,530000,0,40000,40,9999,0.100000,0,0,0.000000,6,0.000000,0.000000,0.234391,0,0,0,0,0,0,0
53,539999,46,530000,0,40000,40,9999,0.100000,0,0,0.000000,6,0.000000,0.000000,0.237826,0,0,0,0,0,0,0
53,539999,47,530000,0,40000,40,9999,0.100000,0,0,0.000000,6,0.000000,0.000000,0.164517,0,0,0,0,0,0,0
53,539999,48,530000,72,150000,40,9999,0.100000,0,0,0.000000,6,0.000000,0.000000,0.131105,0,0,0,0,0,0,0
53,539999,49,530000,20,0,40,9999,0.100000,0,0,0.000000,6,0.000000,0.000000,0.378454,0,0,0,0,0,0,0
53,539999,50,530000,0,40000,40,9999,0.100000,0,0,0.000000,6,0.000000,0.000000,0.106974,0,0,0,0,0,0,0
53,539999,51,530000,0,60000,40,9999,0.100000,0,0,0.000000,6,0.000000,0.000000,0.504866,0,0,0,0,0,0,0
53,539999,52,530000,72,150000,40,9999,0.100000,0,0,0.000000,6,0.000000,0.000000,0.168850,0,0,0,0,0,0,0
53,539999,53,530000,0,40000,40,9999,0.100000,0,0,0.000000,6,0.000000,0.000000,0.202141,0,0,0,0,0,0,0
53,539999,54,530000,4,10000,40,9999,0.100000,0,0,0.000000,6,0.000000,0.000000,0.483899,0,0,0,0,0,0,0
53,539999,55,530000,20,0,40,9999,0.100000,0,0,0.000000,6,0.000000,0.000000,0.860857,0,0,0,0,0,0,0
53,539999,56,530000,72,150000,40,9999,0.100000,0,0,0.000000,6,0.000000,0.000000,0.086162,0,0,0,0,0,0,0
53,539999,57,530000,72,150000,40,9999,0.100000,0,0,0.000000,6,0.000000,0.000000,1.317448,0,0,0,0,0,0,0
53,539999,58,530000,0,60000,40,9999,0.100000,0,0,0.000000,6,0.000000,0.000000,0.895349,0,0,0,0,0,0,0
53,539999,59,530000,0,40000,40,9999,0.100000,0,0,0.000000,6,0.000000,0.000000,0.009783,0,0,0,0,0,0,0
53,539999,60,530000,20,0,40,9999,0.100000,0,0,0.000000,6,0.000000,0.000000,0.088903,0,0,0,0,0,0,0
53,539999,61,530000,0,60000,40,9999,0.100000,0,0,0.000000,6,0.000000,0.000000,0.092801,0,0,0,0,0,0,0
53,539999,62,530000,20,0,40,9999,0.100000,0,0,0.000000,6,0.000000,0.000000,1.405945,0,0,0,0,0,0,0
53,539999,63,530000,0,40000,40,9999,0.100000,0,0,0.000000,6,0.000000,0.000000,0.074951,0,0,0,0,0,0,0
53,539999,64,530000,0,60000,40,9999,0.100000,0,0,0.000000,6,0.000000,0.000000,0.375536,0,0,0,0,0,0,0
53,539999,65,530000,20,0,40,9999,0.100000,0,0,0.000000,6,0.000000,0.000000,0.227291,0,0,0,0,0,0,0
53,539999,66,530000,0,60000,40,9999,0.100000,0,0,0.000000,6,0.000000,0.000000,0.254274,0,0,0,0,0,0,0
53,539999,67,530000,72,70000,49,9999,0.100000,0,0,0.000000,6,5.000000,0.000000,12.207468,0,0,0,0,0,0,0
53,539999,68,530000,72,70000,40,9999,0.100000,0,0,0.000000,6,0.000000,0.000000,1.798937,0,0,0,0,0,0,0
53,539999,69,530000,0,60000,40,9999,0.100000,0,0,0.000000,6,0.000000,0.000000,0.262141,0,0,0,0,0,0,0
53,539999,70,530000,0,60000,40,9999,0.100000,0,0,0.000000,6,0.000000,0.000000,0.448220,0,0,0,0,0,0,0
53,539999,71,530000,72,150000,40,9999,0.100000,0,0,0.000000,6,0.000000,0.000000,0.168766,0,0,0,0,0,0,0
53,539999,72,530000,0,60000,40,9999,0.100000,0,0,0.000000,6,0.000000,0.000000,0.082945,0,0,0,0,0,0,0
53,539999,73,530000,0,60000,40,9999,0.100000,0,0,0.000000,6,0.000000,0.000000,2.399765,0,0,0,0,0,0,0
53,539999,74,530000,72,70000,40,9999,0.100000,0,0,0.000000,6,0.000000,0.000000,0.162388,0,0,0,0,0,0,0
53,539999,75,530000,72,70000,40,9999,0.100000,0,0,0.000000,6,0.000000,0.000000,0.096121,0,0,0,0,0,0,0
53,539999,76,530000,72,150000,40,9999,0.100000,0,0,0.000000,6,0.000000,0.000000,0.237913,0,0,0,0,0,0,0
53,539999,77,530000,0,60000,40,9999,0.100000,0,0,0.000000,6,0.000000,0.000000,1.568832,0,0,0,0,0,0,0
53,539999,78,530000,20,0,40,9999,0.100000,0,0,0.000000,6,0.000000,0.000000,0.139479,0,0,0,0,0,0,0
53,539999,79,530000,20,0,40,9999,0.100000,0,0,0.000000,6,0.000000,0.000000,0.140627,0,0,0,0,0,0,0
53,539999,80,530000,0,60000,40,9999,0.100000,0,0,0.000000,6,0.000000,0.000000,8.879211,0,0,0,0,0,0,0
53,539999,81,530000,72,70000,40,9999,0.100000,0,0,0.000000,6,0.000000,0.000000,0.543786,0,0,0,0,0,0,0
53,539999,82,530000,72,150000,40,9999,0.100000,0,0,0.000000,6,0.000000,0.000000,0.629234,0,0,0,0,0,0,0
53,539999,83,530000,72,70000,40,9999,0.100000,0,0,0.000000,6,0.000000,0.000000,0.086822,0,0,0,0,0,0,0
53,539999,84,530000,0,60000,40,9999,0.100000,0,0,0.000000,6,0.000000,0.000000,1.397443,0,0,0,0,0,0,0
53,539999,85,530000,72,150000,40,9999,0.100000,0,0,0.000000,6,0.000000,0.000000,0.387372,0,0,0,0,0,0,0
53,539999,86,530000,72,70000,40,9999,0.100000,0,0,0.000000,6,0.000000,0.000000,0.112350,0,0,0,0,0,0,0
53,539999,87,530000,0,60000,40,9999,0.100000,0,0,0.000000,6,0.000000,0.000000,0.198470,0,0,0,0,0,0,0
53,539999,88,530000,0,60000,40,9999,0.100000,0,0,0.000000,6,0.000000,0.000000,0.064874,0,0,0,0,0,0,0
53,539999,89,530000,0,40000,40,9999,0.100000,0,0,0.000000,6,0.000000,0.000000,0.473986,0,0,0,0,0,0,0
53,539999,90,530000,72,150000,40,9999,0.100000,0,0,0.000000,6,0.000000,0.000000,0.457516,0,0,0,0,0,0,0
53,539999,91,530000,0,60000,40,9999,0.100000,0,0,0.000000,6,0.000000,0.000000,1.724312,0,0,0,0,0,0,0
53,539999,92,530000,4,10000,40,9999,0.100000,0,0,0.000000,6,0.000000,0.000000,0.067486,0,0,0,0,0,0,0
53,539999,93,530000,72,150000,40,9999,0.100000,0,0,0.000000,6,0.000000,0.000000,0.096987,0,0,0,0,0,0,0
53,539999,94,530000,0,40000,40,9999,0.100000,0,0,0.000000,6,0.000000,0.000000,0.242693,0,0,0,0,0,0,0
53,539999,95,530000,0,60000,40,9999,0.100000,0,0,0.000000,6,0.000000,0.000000,0.490481,0,0,0,0,0,0,0
53,539999,96,530000,20,0,40,9999,0.100000,0,0,0.000000,6,0.000000,0.000000,0.673245,0,0,0,0,0,0,0
53,539999,97,530000,0,60000,40,9999,0.100000,0,0,0.000000,6,0.000000,0.000000,0.222341,0,0,0,0,0,0,0
53,539999,98,530000,4,10000,40,9999,0.100000,0,0,0.000000,6,0.000000,0.000000,0.070177,0,0,0,0,0,0,0
53,539999,99,530000,0,60000,40,9999,0.100000,0,0,0.000000,6,0.000000,0.000000,0.145669,0,0,0,0,0,0,0
54,549999,0,540000,72,150000,40,9999,0.100000,0,0,0.000000,6,0.000000,0.000000,0.645034,0,0,0,0,0,0,0
54,549999,1,540000,4,10000,40,9999,0.100000,0,0,0.000000,6,0.000000,0.000000,0.087458,0,0,0,0,0,0,0
54,549999,2,540000,20,0,40,9999,0.100000,0,0,0.000000,6,0.000000,0.000000,0.100382,0,0,0,0,0,0,0
54,549999,3,540000,0,40000,40,9999,0.100000,0,0,0.000000,6,0.000000,0.000000,0.138364,0,0,0,0,0,0,0
54,549999,4,540000,0,60000,40,9999,0.100000,0,0,0.000000,6,0.000000,0.000000,0.979190,0,0,0,0,0,0,0
54,549999,5,540000,72,150000,40,9999,0.100000,0,0,0.000000,6,0.000000,0.000000,1.353334,0,0,0,0,0,0,0
54,549999,6,540000,0,60000,40,9999,0.100000,0,0,0.000000,6,0.000000,0.000000,0.145951,0,0,0,0,0,0,0
54,549999,7,540000,72,70000,40,9999,0.100000,0,0,0.000000,6,0.000000,0.000000,0.759501,0,0,0,0,0,0,0
54,549999,8,540000,72,70000,40,9999,0.100000,0,0,0.000000,6,0.000000,0.000000,0.875362,0,0,0,0,0,0,0
54,549999,9,540000,72,150000,40,9999,0.100000,0,0,0.000000,6,0.000000,0.000000,0.274907,0,0,0,0,0,0,0
54,549999,10,540000,4,10000,40,9999,0.100000,0,0,0.000000,6,0.000000,0.000000,0.788051,0,0,0,0,0,0,0
54,549999,11,540000,72,150000,40,9999,0.100000,0,0,0.000000,6,0.000000,0.000000,0.171745,0,0,0,0,0,0,0
54,549999,12,540000,4,10000,40,9999,0.100000,0,0,0.000000,6,0.000000,0.000000,1.328958,0,0,0,0,0,0,0
54,549999,13,540000,0,60000,40,9999,0.100000,0,0,0.000000,6,0.000000,0.000000,0.412717,0,0,0,0,0,0,0
54,549999,14,540000,4,10000,40,9999,0.100000,0,0,0.000000,6,0.000000,0.000000,0.547076,0,0,0,0,0,0,0
54,549999,15,540000,20,0,40,9999,0.100000,0,0,0.000000,6,0.000000,0.000000,0.232007,0,0,0,0,0,0,0
54,549999,16,540000,72,70000,40,9999,0.100000,0,0,0.000000,6,0.000000,0.000000,0.098460,0,0,0,0,0,0,0
54,549999,17,540000,72,70000,40,9999,0.135000,0,0,0.000000,6,0.000000,0.000000,0.722517,0,0,0,0,0,0,0
54,549999,18,540000,72,150000,40,9999,0.100000,0,0,0.000000,6,0.000000,0.000000,0.240770,0,0,0,0,0,0,0
54,549999,19,540000,4,10000,40,9999,0.100000,0,0,0.000000,6,0.000000,0.000000,0.230624,0,0,0,0,0,0,0
54,549999,20,540000,72,70000,40,9999,0.100000,0,0,0.000000,6,0.000000,0.000000,0.269467,0,0,0,0,0,0,0
54,549999,21,540000,20,0,40,9999,0.100000,0,0,0.000000,6,0.000000,0.000000,0.945099,0,0,0,0,0,0,0
54,549999,22,540000,72,150000,40,9999,0.100000,0,0,0.000000,6,0.000000,0.000000,0.315737,0,0,0,0,0,0,0
54,549999,23,540000,20,0,40,9999,0.100000,0,0,0.000000,6,0.000000,0.000000,0.217523,0,0,0,0,0,0,0
54,549999,24,540000,20,0,40,9999,0.100000,0,0,0.000000,6,0.000000,0.000000,0.228982,0,0,0,0,0,0,0
54,549999,25,540000,72,150000,40,9999,0.100000,0,0,0.000000,6,0.000000,0.000000,2.305152,0,0,0,0,0,0,0
54,549999,26,540000,20,0,40,9999,0.100000,0,0,0.000000,6,0.000000,0.000000,0.790711,0,0,0,0,0,0,0
54,549999,27,540000,4,10000,40,9999,0.100000,0,0,0.000000,6,0.000000,0.000000,1.743640,0,0,0,0,0,0,0
54,549999,28,540000,72,70000,40,9999,0.100000,0,0,0.000000,6,0.000000,0.000000,0.426117,0,0,0,0,0,0,0
54,549999,29,540000,4,10000,40,9999,0.100000,0,0,0.000000,6,0.000000,0.000000,1.332911,0,0,0,0,0,0,0
54,549999,30,540000,0,60000,40,9999,0.100000,0,0,0.000000,6,0.000000,0.000000,1.076976,0,0,0,0,0,0,0
54,549999,31,540000,0,60000,40,9999,0.100000,0,0,0.000000,6,0.000000,0.000000,0.690266,0,0,0,0,0,0,0
54,549999,32,540000,72,70000,40,9999,0.100000,0,0,0.000000,6,0.000000,0.000000,0.205260,0,0,0,0,0,0,0
54,549999,33,540000,4,10000,40,9999,0.100000,0,0,0.000000,6,0.000000,0.000000,0.418688,0,0,0,0,0,0,0
54,549999,34,540000,0,40000,40,9999,0.100000,0,0,0.000000,6,0.000000,0.000000,1.272306,0,0,0,0,0,0,0
54,549999,35,540000,72,70000,40,9999,0.100000,0,0,0.000000,6,0.000000,0.000000,0.232720,0,0,0,0,0,0,0
54,549999,36,540000,0,40000,40,9999,0.100000,0,0,0.000000,6,0.000000,0.000000,7.739689,0,0,0,0,0,0,0
54,549999,37,540000,20,0,40,9999,0.100000,0,0,0.000000,6,0.000000,0.000000,1.025157,0,0,0,0,0,0,0
54,549999,38,540000,20,0,40,9999,0.100000,0,0,0.000000,6,0.000000,0.000000,0.472811,0,0,0,0,0,0,0
54,549999,39,540000,0,60000,40,9999,0.100000,0,0,0.000000,6,0.000000,0.000000,0.097708,0,0,0,0,0,0,0
54,549999,40,540000,72,150000,40,9999,0.100000,0,0,0.000000,6,0.000000,0.000000,0.083665,0,0,0,0,0,0,0
54,549999,41,540000,0,40000,40,9999,0.100000,0,0,0.000000,6,0.000000,0.000000,0.122478,0,0,0,0,0,0,0
54,549999,42,540000,72,150000,40,9999,0.100000,0,0,0.000000,6,0.000000,0.000000,0.447179,0,0,0,0,0,0,0
54,549999,43,540000,4,10000,40,9999,0.100000,0,0,0.000000,6,0.000000,0.000000,0.265029,0,0,0,0,0,0,0
54,549999,44,540000,72,150000,40,9999,0.100000,0,0,0.000000,6,0.000000,0.000000,0.240862,0,0,0,0,0,0,0
54,549999,45,540000,20,0,40,9999,0.100000,0,0,0.000000,6,0.000000,0.000000,0.248660,0,0,0,0,0,0,0
54,549999,46,540000,0,40000,40,9999,0.100000,0,0,0.000000,6,0.000000,0.000000,0.240935,0,0,0,0,0,0,0
54,549999,47,540000,0,60000,40,9999,0.100000,0,0,0.000000,6,0.000000,0.000000,0.157936,0,0,0,0,0,0,0
54,549999,48,540000,72,150000,40,9999,0.100000,0,0,0.000000,6,0.000000,0.000000,0.164063,0,0,0,0,0,0,0
54,549999,49,540000,20,0,40,9999,0.100000,0,0,0.000000,6,0.000000,0.000000,0.460445,0,0,0,0,0,0,0
54,549999,50,540000,0,40000,40,9999,0.100000,0,0,0.000000,6,0.000000,0.000000,0.432796,0,0,0,0,0,0,0
54,549999,51,540000,72,70000,40,9999,0.100000,0,0,0.000000,6,0.000000,0.000000,0.596941,0,0,0,0,0,0,0
54,549999,52,540000,72,70000,40,9999,0.100000,0,0,0.000000,6,0.000000,0.000000,0.159503,0,0,0,0,0,0,0
54,549999,53,540000,0,60000,40,9999,0.100000,0,0,0.000000,6,0.000000,0.000000,0.201103,0,0,0,0,0,0,0
54,549999,54,540000,0,60000,40,9999,0.100000,0,0,0.000000,6,0.000000,0.000000,0.480981,0,0,0,0,0,0,0
54,549999,55,540000,72,70000,40,9999,0.100000,0,0,0.000000,6,0.000000,0.000000,0.823775,0,0,0,0,0,0,0
54,549999,56,540000,20,0,40,9999,0.100000,0,0,0.000000,6,0.000000,0.000000,0.085798,0,0,0,0,0,0,0
54,549999,57,540000,72,70000,40,9999,0.100000,0,0,0.000000,6,0.000000,0.000000,4.999185,0,0,0,0,0,0,0
54,549999,58,540000,20,0,40,9999,0.100000,0,0,0.000000,6,0.000000,0.000000,0.873876,0,0,0,0,0,0,0
54,549999,59,540000,4,10000,40,9999,0.100000,0,0,0.000000,6,0.000000,0.000000,0.009801,0,0,0,0,0,0,0
54,549999,60,540000,0,40000,40,9999,0.100000,0,0,0.000000,6,0.000000,0.000000,0.178986,0,0,0,0,0,0,0
54,549999,61,540000,0,60000,40,9999,0.100000,0,0,0.000000,6,0.000000,0.000000,0.087847,0,0,0,0,0,0,0
54,549999,62,540000,0,60000,49,9999,0.100000,0,0,0.000000,6,1.000000,0.000000,1.263726,0,0,0,0,0,0,0
54,549999,63,540000,4,10000,40,9999,0.100000,0,0,0.000000,6,0.000000,0.000000,0.074973,0,0,0,0,0,0,0
54,549999,64,540000,0,40000,40,9999,0.100000,0,0,0.000000,6,0.000000,0.000000,0.386676,0,0,0,0,0,0,0
54,549999,65,540000,72,70000,40,9999,0.100000,0,0,0.000000,6,0.000000,0.000000,0.231288,0,0,0,0,0,0,0
54,549999,66,540000,0,40000,40,9999,0.100000,0,0,0.000000,6,0.000000,0.000000,0.296859,0,0,0,0,0,0,0
54,549999,67,540000,72,150000,40,9999,0.135000,0,0,0.000000,6,0.000000,0.000000,0.216967,0,0,0,0,0,0,0
54,549999,68,540000,0,60000,40,9999,0.100000,0,0,0.000000,6,0.000000,0.000000,0.111428,0,0,0,0,0,0,0
54,549999,69,540000,0,60000,40,9999,0.100000,0,0,0.000000,6,0.000000,0.000000,0.251550,0,0,0,0,0,0,0
54,549999,70,540000,72,70000,40,9999,0.100000,0,0,0.000000,6,0.000000,0.000000,0.739541,0,0,0,0,0,0,0
54,549999,71,540000,72,70000,40,9999,0.100000,0,0,0.000000,6,0.000000,0.000000,0.165650,0,0,0,0,0,0,0
54,549999,72,540000,20,0,40,9999,0.100000,0,0,0.000000,6,0.000000,0.000000,0.082532,0,0,0,0,0,0,0
54,549999,73,540000,0,60000,49,9999,0.100000,0,0,0.000000,6,1.000000,0.000000,3.553500,0,0,0,0,0,0,0
54,549999,74,540000,20,0,40,9999,0.100000,0,0,0.000000,6,0.000000,0.000000,0.162000,0,0,0,0,0,0,0
54,549999,75,540000,20,0,40,9999,0.100000,0,0,0.000000,6,0.000000,0.000000,0.097320,0,0,0,0,0,0,0
54,549999,76,540000,0,60000,40,9999,0.100000,0,0,0.000000,6,0.000000,0.000000,0.238486,0,0,0,0,0,0,0
54,549999,77,540000,0,60000,40,9999,0.100000,0,0,0.000000,6,0.000000,0.000000,1.748818,0,0,0,0,0,0,0
54,549999,78,540000,0,60000,40,9999,0.100000,0,0,0.000000,6,0.000000,0.000000,0.140739,0,0,0,0,0,0,0
54,549999,79,540000,0,40000,40,9999,0.100000,0,0,0.000000,6,0.000000,0.000000,0.447393,0,0,0,0,0,0,0
54,549999,80,540000,72,70000,40,9999,0.100000,0,0,0.000000,6,0.000000,0.000000,8.085756,0,0,0,0,0,0,0
54,549999,81,540000,20,0,40,9999,0.100000,0,0,0.000000,6,0.000000,0.000000,0.473723,0,0,0,0,0,0,0
54,549999,82,540000,0,60000,40,9999,0.100000,0,0,0.000000,6,0.000000,0.000000,0.602775,0,0,0,0,0,0,0
54,549999,83,540000,0,40000,40,9999,0.100000,0,0,0.000000,6,0.000000,0.000000,0.088477,0,0,0,0,0,0,0
54,549999,84,540000,0,40000,49,9999,0.100000,0,0,0.000000,6,1.000000,0.000000,1.361486,0,0,0,0,0,0,0
54,549999,85,540000,72,150000,40,9999,0.100000,0,0,0.000000,6,0.000000,0.000000,0.852134,0,0,0,0,0,0,0
54,549999,86,540000,72,70000,40,9999,0.100000,0,0,0.000000,6,0.000000,0.000000,0.113228,0,0,0,0,0,0,0
54,549999,87,540000,72,70000,40,9999,0.100000,0,0,0.000000,6,0.000000,0.000000,0.199565,0,0,0,0,0,0,0
54,549999,88,540000,0,40000,40,9999,0.100000,0,0,0.000000,6,0.000000,0.000000,0.065537,0,0,0,0,0,0,0
54,549999,89,540000,4,10000,40,9999,0.100000,0,0,0.000000,6,0.000000,0.000000,0.625419,0,0,0,0,0,0,0
54,549999,90,540000,0,60000,40,9999,0.100000,0,0,0.000000,6,0.000000,0.000000,0.488171,0,0,0,0,0,0,0
54,549999,91,540000,72,150000,40,9999,0.100000,0,0,0.000000,6,0.000000,0.000000,0.374266,0,0,0,0,0,0,0
54,549999,92,540000,0,60000,40,9999,0.100000,0,0,0.000000,6,0.000000,0.000000,0.067335,0,0,0,0,0,0,0
54,549999,93,540000,72,150000,40,9999,0.100000,0,0,0.000000,6,0.000000,0.000000,0.099036,0,0,0,0,0,0,0
54,549999,94,540000,72,70000,40,9999,0.100000,0,0,0.000000,6,0.000000,0.000000,0.290490,0,0,0,0,0,0,0
54,549999,95,540000,0,40000,40,9999,0.100000,0,0,0.000000,6,0.000000,0.000000,0.480318,0,0,0,0,0,0,0
54,549999,96,540000,20,0,40,9999,0.100000,0,0,0.000000,6,0.000000,0.000000,0.931174,0,0,0,0,0,0,0
54,549999,97,540000,20,0,40,9999,0.100000,0,0,0.000000,6,0.000000,0.000000,0.228582,0,0,0,0,0,0,0
54,549999,98,540000,4,10000,40,9999,0.100000,0,0,0.000000,6,0.000000,0.000000,0.159554,0,0,0,0,0,0,0
54,549999,99,540000,0,60000,40,9999,0.100000,0,0,0.000000,6,0.000000,0.000000,0.180891,0,0,0,0,0,0,0
55,559999,0,550000,0,40000,40,9999,0.100000,0,0,0.000000,6,0.000000,0.000000,0.699963,0,0,0,0,0,0,0
55,559999,1,550000,4,10000,40,9999,0.100000,0,0,0.000000,6,0.000000,0.000000,0.088103,0,0,0,0,0,0,0
55,559999,2,550000,4,10000,40,9999,0.100000,0,0,0.000000,6,0.000000,0.000000,0.096142,0,0,0,0,0,0,0
55,559999,3,550000,4,10000,40,9999,0.100000,0,0,0.000000,6,0.000000,0.000000,0.301544,0,0,0,0,0,0,0
55,559999,4,550000,72,150000,40,9999,0.100000,0,0,0.000000,6,0.000000,0.000000,0.822007,0,0,0,0,0,0,0
55,559999,5,550000,0,40000,40,9999,0.100000,0,0,0.000000,6,0.000000,0.000000,1.390751,0,0,0,0,0,0,0
55,559999,6,550000,72,150000,40,9999,0.100000,0,0,0.000000,6,0.000000,0.000000,0.142149,0,0,0,0,0,0,0
55,559999,7,550000,4,10000,40,9999,0.100000,0,0,0.000000,6,0.000000,0.000000,0.618257,0,0,0,0,0,0,0
55,559999,8,550000,4,10000,49,9999,0.100000,0,0,0.000000,6,4.000000,0.000000,6.993947,0,0,0,0,0,0,0
55,559999,9,550000,20,0,40,9999,0.100000,0,0,0.000000,6,0.000000,0.000000,0.287672,0,0,0,0,0,0,0
55,559999,10,550000,0,60000,40,9999,0.100000,0,0,0.000000,6,0.000000,0.000000,6.872623,0,0,0,0,0,0,0
55,559999,11,550000,0,60000,40,9999,0.100000,0,0,0.000000,6,0.000000,0.000000,0.162892,0,0,0,0,0,0,0
55,559999,12,550000,4,10000,40,9999,0.100000,0,0,0.000000,6,0.000000,0.000000,4.394408,0,0,0,0,0,0,0
55,559999,13,550000,72,150000,40,9999,0.100000,0,0,0.000000,6,0.000000,0.000000,0.330517,0,0,0,0,0,0,0
55,559999,14,550000,72,70000,40,9999,0.100000,0,0,0.000000,6,0.000000,0.000000,0.542261,0,0,0,0,0,0,0
55,559999,15,550000,72,150000,40,9999,0.100000,0,0,0.000000,6,0.000000,0.000000,0.239231,0,0,0,0,0,0,0
55,559999,16,550000,0,40000,40,9999,0.100000,0,0,0.000000,6,0.000000,0.000000,0.090327,0,0,0,0,0,0,0
55,559999,17,550000,0,60000,40,9999,0.100000,0,0,0.000000,6,0.000000,0.000000,0.699487,0,0,0,0,0,0,0
55,559999,18,550000,72,150000,40,9999,0.100000,0,0,0.000000,6,0.000000,0.000000,0.221930,0,0,0,0,0,0,0
55,559999,19,550000,72,150000,40,9999,0.100000,0,0,0.000000,6,0.000000,0.000000,0.233514,0,0,0,0,0,0,0
55,559999,20,550000,0,40000,40,9999,0.100000,0,0,0.000000,6,0.000000,0.000000,0.281640,0,0,0,0,0,0,0
55,559999,21,550000,72,150000,40,9999,0.135000,0,0,0.000000,6,0.000000,0.000000,4.226754,0,0,0,0,0,0,0
55,559999,22,550000,72,70000,40,9999,0.100000,0,0,0.000000,6,0.000000,0.000000,0.309613,0,0,0,0,0,0,0
55,559999,23,550000,20,0,40,9999,0.100000,0,0,0.000000,6,0.000000,0.000000,0.222586,0,0,0,0,0,0,0
55,559999,24,550000,0,60000,40,9999,0.100000,0,0,0.000000,6,0.000000,0.000000,0.261935,0,0,0,0,0,0,0
55,559999,25,550000,0,60000,40,9999,0.100000,0,0,0.000000,6,0.000000,0.000000,1.835084,0,0,0,0,0,0,0
55,559999,26,550000,4,10000,40,9999,0.100000,0,0,0.000000,6,0.000000,0.000000,0.794182,0,0,0,0,0,0,0
55,559999,27,550000,72,70000,40,9999,0.100000,0,0,0.000000,6,0.000000,0.000000,7.556837,0,0,0,0,0,0,0
55,559999,28,550000,72,70000,40,9999,0.100000,0,0,0.000000,6,0.000000,0.000000,1.473447,0,0,0,0,0,0,0
55,559999,29,550000,72,70000,40,9999,0.100000,0,0,0.000000,6,0.000000,0.000000,1.004066,0,0,0,0,0,0,0
55,559999,30,550000,4,10000,40,9999,0.100000,0,0,0.000000,6,0.000000,0.000000,1.009601,0,0,0,0,0,0,0
55,559999,31,550000,72,70000,40,9999,0.100000,0,0,0.000000,6,0.000000,0.000000,1.139524,0,0,0,0,0,0,0
55,559999,32,550000,0,60000,40,9999,0.100000,0,0,0.000000,6,0.000000,0.000000,0.228451,0,0,0,0,0,0,0
55,559999,33,550000,72,70000,40,9999,0.100000,0,0,0.000000,6,0.000000,0.000000,0.427588,0,0,0,0,0,0,0
55,559999,34,550000,4,10000,40,9999,0.100000,0,0,0.000000,6,0.000000,0.000000,0.605194,0,0,0,0,0,0,0
55,559999,35,550000,72,70000,40,9999,0.100000,0,0,0.000000,6,0.000000,0.000000,0.227994,0,0,0,0,0,0,0
55,559999,36,550000,0,40000,40,9999,0.100000,0,0,0.000000,6,0.000000,0.000000,7.839151,0,0,0,0,0,0,0
55,559999,37,550000,0,60000,40,9999,0.100000,0,0,0.000000,6,0.000000,0.000000,0.188251,0,0,0,0,0,0,0
55,559999,38,550000,0,40000,40,9999,0.100000,0,0,0.000000,6,0.000000,0.000000,0.464385,0,0,0,0,0,0,0
55,559999,39,550000,4,10000,40,9999,0.100000,0,0,0.000000,6,0.000000,0.000000,0.086355,0,0,0,0,0,0,0
55,559999,40,550000,72,150000,40,9999,0.100000,0,0,0.000000,6,0.000000,0.000000,0.085419,0,0,0,0,0,0,0
55,559999,41,550000,4,10000,40,9999,0.100000,0,0,0.000000,6,0.000000,0.000000,0.096358,0,0,0,0,0,0,0
55,559999,42,550000,20,0,40,9999,0.100000,0,0,0.000000,6,0.000000,0.000000,0.442634,0,0,0,0,0,0,0
55,559999,43,550000,0,40000,40,9999,0.100000,0,0,0.000000,6,0.000000,0.000000,0.337912,0,0,0,0,0,0,0
55,559999,44,550000,4,10000,40,9999,0.100000,0,0,0.000000,6,0.000000,0.000000,0.244075,0,0,0,0,0,0,0
55,559999,45,550000,0,40000,40,9999,0.100000,0,0,0.000000,6,0.000000,0.000000,0.232909,0,0,0,0,0,0,0
55,559999,46,550000,0,40000,40,9999,0.100000,0,0,0.000000,6,0.000000,0.000000,0.240475,0,0,0,0,0,0,0
55,559999,47,550000,0,40000,40,9999,0.100000,0,0,0.000000,6,0.000000,0.000000,0.164263,0,0,0,0,0,0,0
55,559999,48,550000,72,150000,40,9999,0.100000,0,0,0.000000,6,0.000000,0.000000,0.173329,0,0,0,0,0,0,0
55,559999,49,550000,72,70000,40,9999,0.100000,0,0,0.000000,6,0.000000,0.000000,0.394598,0,0,0,0,0,0,0
55,559999,50,550000,0,60000,40,9999,0.100000,0,0,0.000000,6,0.000000,0.000000,0.189710,0,0,0,0,0,0,0
55,559999,51,550000,72,150000,40,9999,0.100000,0,0,0.000000,6,0.000000,0.000000,0.938092,0,0,0,0,0,0,0
55,559999,52,550000,4,10000,40,9999,0.100000,0,0,0.000000,6,0.000000,0.000000,0.167266,0,0,0,0,0,0,0
55,559999,53,550000,72,150000,40,9999,0.100000,0,0,0.000000,6,0.000000,0.000000,0.200349,0,0,0,0,0,0,0
55,559999,54,550000,0,60000,40,9999,0.100000,0,0,0.000000,6,0.000000,0.000000,0.518210,0,0,0,0,0,0,0
55,559999,55,550000,0,60000,40,9999,0.100000,0,0,0.000000,6,0.000000,0.000000,0.836731,0,0,0,0,0,0,0
55,559999,56,550000,0,40000,40,9999,0.100000,0,0,0.000000,6,0.000000,0.000000,0.085613,0,0,0,0,0,0,0
55,559999,57,550000,0,40000,40,9999,0.100000,0,0,0.000000,6,0.000000,0.000000,5.160173,0,0,0,0,0,0,0
55,559999,58,550000,4,10000,40,9999,0.100000,0,0,0.000000,6,0.000000,0.000000,0.871491,0,0,0,0,0,0,0
55,559999,59,550000,0,40000,40,9999,0.100000,0,0,0.000000,6,0.000000,0.000000,0.009741,0,0,0,0,0,0,0
55,559999,60,550000,0,40000,40,9999,0.100000,0,0,0.000000,6,0.000000,0.000000,1.937925,0,0,0,0,0,0,0
55,559999,61,550000,4,10000,49,9999,0.100000,0,0,0.000000,6,5.000000,0.000000,11.029605,0,0,0,0,0,0,0
55,559999,62,550000,4,10000,40,9999,0.100000,0,0,0.000000,6,0.000000,0.000000,0.930645,0,0,0,0,0,0,0
55,559999,63,550000,0,60000,40,9999,0.100000,0,0,0.000000,6,0.000000,0.000000,0.076040,0,0,0,0,0,0,0
55,559999,64,550000,0,40000,40,9999,0.100000,0,0,0.000000,6,0.000000,0.000000,0.285337,0,0,0,0,0,0,0
55,559999,65,550000,72,150000,40,9999,0.100000,0,0,0.000000,6,0.000000,0.000000,0.227955,0,0,0,0,0,0,0
55,559999,66,550000,0,40000,40,9999,0.100000,0,0,0.000000,6,0.000000,0.000000,0.231500,0,0,0,0,0,0,0
55,559999,67,550000,20,0,40,9999,0.100000,0,0,0.000000,6,0.000000,0.000000,0.214500,0,0,0,0,0,0,0
55,559999,68,550000,4,10000,40,9999,0.100000,0,0,0.000000,6,0.000000,0.000000,0.791360,0,0,0,0,0,0,0
55,559999,69,550000,0,40000,40,9999,0.100000,0,0,0.000000,6,0.000000,0.000000,0.265951,0,0,0,0,0,0,0
55,559999,70,550000,0,60000,40,9999,0.100000,0,0,0.000000,6,0.000000,0.000000,0.287970,0,0,0,0,0,0,0
55,559999,71,550000,72,70000,40,9999,0.100000,0,0,0.000000,6,0.000000,0.000000,0.172190,0,0,0,0,0,0,0
55,559999,72,550000,72,70000,40,9999,0.100000,0,0,0.000000,6,0.000000,0.000000,0.082563,0,0,0,0,0,0,0
55,559999,73,550000,4,10000,40,9999,0.100000,0,0,0.000000,6,0.000000,0.000000,2.430520,0,0,0,0,0,0,0
55,559999,74,550000,72,70000,40,9999,0.100000,0,0,0.000000,6,0.000000,0.000000,0.161466,0,0,0,0,0,0,0
55,559999,75,550000,72,150000,40,9999,0.100000,0,0,0.000000,6,0.000000,0.000000,0.096453,0,0,0,0,0,0,0
55,559999,76,550000,20,0,40,9999,0.100000,0,0,0.000000,6,0.000000,0.000000,0.238076,0,0,0,0,0,0,0
55,559999,77,550000,4,10000,40,9999,0.100000,0,0,0.000000,6,0.000000,0.000000,0.200759,0,0,0,0,0,0,0
55,559999,78,550000,72,150000,40,9999,0.100000,0,0,0.000000,6,0.000000,0.000000,0.136426,0,0,0,0,0,0,0
55,559999,79,550000,72,150000,40,9999,0.100000,0,0,0.000000,6,0.000000,0.000000,0.446262,0,0,0,0,0,0,0
55,559999,80,550000,20,0,49,9999,0.100000,0,0,0.000000,6,3.000000,0.000000,4.555450,0,0,0,0,0,0,0
55,559999,81,550000,0,60000,40,9999,0.100000,0,0,0.000000,6,0.000000,0.000000,0.229026,0,0,0,0,0,0,0
55,559999,82,550000,72,70000,40,9999,0.100000,0,0,0.000000,6,0.000000,0.000000,0.545639,0,0,0,0,0,0,0
55,559999,83,550000,20,0,40,9999,0.100000,0,0,0.000000,6,0.000000,0.000000,0.089286,0,0,0,0,0,0,0
55,559999,84,550000,20,0,40,9999,0.100000,0,0,0.000000,6,0.000000,0.000000,5.605144,0,0,0,0,0,0,0
55,559999,85,550000,4,10000,40,9999,0.100000,0,0,0.000000,6,0.000000,0.000000,0.310684,0,0,0,0,0,0,0
55,559999,86,550000,20,0,40,9999,0.100000,0,0,0.000000,6,0.000000,0.000000,0.110580,0,0,0,0,0,0,0
55,559999,87,550000,4,10000,40,9999,0.100000,0,0,0.000000,6,0.000000,0.000000,0.208639,0,0,0,0,0,0,0
55,559999,88,550000,20,0,40,9999,0.100000,0,0,0.000000,6,0.000000,0.000000,0.069155,0,0,0,0,0,0,0
55,559999,89,550000,20,0,40,9999,0.100000,0,0,0.000000,6,0.000000,0.000000,0.753242,0,0,0,0,0,0,0
55,559999,90,550000,72,70000,40,9999,0.100000,0,0,0.000000,6,0.000000,0.000000,0.813462,0,0,0,0,0,0,0
55,559999,91,550000,72,70000,40,9999,0.100000,0,0,0.000000,6,0.000000,0.000000,1.410498,0,0,0,0,0,0,0
55,559999,92,550000,20,0,40,9999,0.100000,0,0,0.000000,6,0.000000,0.000000,0.068217,0,0,0,0,0,0,0
55,559999,93,550000,72,70000,40,9999,0.100000,0,0,0.000000,6,0.000000,0.000000,0.099514,0,0,0,0,0,0,0
55,559999,94,550000,72,150000,40,9999,0.100000,0,0,0.000000,6,0.000000,0.000000,0.297715,0,0,0,0,0,0,0
55,559999,95,550000,72,70000,40,9999,0.100000,0,0,0.000000,6,0.000000,0.000000,0.492520,0,0,0,0,0,0,0
55,559999,96,550000,72,70000,40,9999,0.100000,0,0,0.000000,6,0.000000,0.000000,0.862606,0,0,0,0,0,0,0
55,559999,97,550000,0,60000,40,9999,0.100000,0,0,0.000000,6,0.000000,0.000000,0.241643,0,0,0,0,0,0,0
55,559999,98,550000,72,70000,40,9999,0.100000,0,0,0.000000,6,0.000000,0.000000,0.376863,0,0,0,0,0,0,0
55,559999,99,550000,4,10000,40,9999,0.100000,0,0,0.000000,6,0.000000,0.000000,0.201834,0,0,0,0,0,0,0
56,569999,0,560000,4,10000,40,9999,0.100000,0,0,0.000000,6,0.000000,0.000000,0.640996,0,0,0,0,0,0,0
56,569999,1,560000,0,40000,40,9999,0.100000,0,0,0.000000,6,0.000000,0.000000,0.087166,0,0,0,0,0,0,0
56,569999,2,560000,0,40000,40,9999,0.100000,0,0,0.000000,6,0.000000,0.000000,0.100603,0,0,0,0,0,0,0
56,569999,3,560000,0,40000,40,9999,0.100000,0,0,0.000000,6,0.000000,0.000000,0.294367,0,0,0,0,0,0,0
56,569999,4,560000,0,40000,49,9999,0.100000,0,0,0.000000,6,1.000000,0.000000,2.617459,0,0,0,0,0,0,0
56,569999,5,560000,4,10000,40,9999,0.100000,0,0,0.000000,6,0.000000,0.000000,2.568519,0,0,0,0,0,0,0
56,569999,6,560000,72,70000,40,9999,0.100000,0,0,0.000000,6,0.000000,0.000000,0.141008,0,0,0,0,0,0,0
56,569999,7,560000,0,60000,40,9999,0.100000,0,0,0.000000,6,0.000000,0.000000,0.677809,0,0,0,0,0,0,0
56,569999,8,560000,0,60000,40,9999,0.100000,0,0,0.000000,6,0.000000,0.000000,2.260872,0,0,0,0,0,0,0
56,569999,9,560000,20,0,40,9999,0.100000,0,0,0.000000,6,0.000000,0.000000,0.390639,0,0,0,0,0,0,0
56,569999,10,560000,0,60000,40,9999,0.100000,0,0,0.000000,6,0.000000,0.000000,11.458143,0,0,0,0,0,0,0
56,569999,11,560000,20,0,40,9999,0.100000,0,0,0.000000,6,0.000000,0.000000,0.154941,0,0,0,0,0,0,0
56,569999,12,560000,0,40000,40,9999,0.100000,0,0,0.000000,6,0.000000,0.000000,19.583809,0,0,0,0,0,0,0
56,569999,13,560000,0,40000,40,9999,0.100000,0,0,0.000000,6,0.000000,0.000000,0.341726,0,0,0,0,0,0,0
56,569999,14,560000,72,150000,40,9999,0.100000,0,0,0.000000,6,0.000000,0.000000,0.579463,0,0,0,0,0,0,0
56,569999,15,560000,72,150000,40,9999,0.100000,0,0,0.000000,6,0.000000,0.000000,0.242894,0,0,0,0,0,0,0
56,569999,16,560000,20,0,40,9999,0.100000,0,0,0.000000,6,0.000000,0.000000,0.093085,0,0,0,0,0,0,0
56,569999,17,560000,0,40000,40,9999,0.100000,0,0,0.000000,6,0.000000,0.000000,0.734818,0,0,0,0,0,0,0
56,569999,18,560000,0,60000,40,9999,0.100000,0,0,0.000000,6,0.000000,0.000000,0.241787,0,0,0,0,0,0,0
56,569999,19,560000,20,0,40,9999,0.100000,0,0,0.000000,6,0.000000,0.000000,0.235279,0,0,0,0,0,0,0
56,569999,20,560000,20,0,40,9999,0.100000,0,0,0.000000,6,0.000000,0.000000,0.369012,0,0,0,0,0,0,0
56,569999,21,560000,0,40000,49,9999,0.100000,0,0,0.000000,6,7.000000,0.000000,10.437662,0,0,0,0,0,0,0
56,569999,22,560000,0,40000,40,9999,0.100000,0,0,0.000000,6,0.000000,0.000000,0.418869,0,0,0,0,0,0,0
56,569999,23,560000,72,150000,40,9999,0.100000,0,0,0.000000,6,0.000000,0.000000,0.228277,0,0,0,0,0,0,0
56,569999,24,560000,20,0,40,9999,0.100000,0,0,0.000000,6,0.000000,0.000000,0.273958,0,0,0,0,0,0,0
56,569999,25,560000,4,10000,40,9999,0.100000,0,0,0.000000,6,0.000000,0.000000,1.819262,0,0,0,0,0,0,0
56,569999,26,560000,72,150000,40,9999,0.100000,0,0,0.000000,6,0.000000,0.000000,0.896658,0,0,0,0,0,0,0
56,569999,27,560000,4,10000,40,9999,0.100000,0,0,0.000000,6,0.000000,0.000000,6.472914,0,0,0,0,0,0,0
56,569999,28,560000,4,10000,40,9999,0.100000,0,0,0.000000,6,0.000000,0.000000,0.237089,0,0,0,0,0,0,0
56,569999,29,560000,72,150000,40,9999,0.100000,0,0,0.000000,6,0.000000,0.000000,1.114007,0,0,0,0,0,0,0
56,569999,30,560000,72,150000,40,9999,0.100000,0,0,0.000000,6,0.000000,0.000000,0.998308,0,0,0,0,0,0,0
56,569999,31,560000,0,40000,40,9999,0.100000,0,0,0.000000,6,0.000000,0.000000,0.972066,0,0,0,0,0,0,0
56,569999,32,560000,72,150000,40,9999,0.100000,0,0,0.000000,6,0.000000,0.000000,0.242964,0,0,0,0,0,0,0
56,569999,33,560000,0,40000,40,9999,0.100000,0,0,0.000000,6,0.000000,0.000000,0.516809,0,0,0,0,0,0,0
56,569999,34,560000,72,150000,40,9999,0.100000,0,0,0.000000,6,0.000000,0.000000,0.670178,0,0,0,0,0,0,0
56,569999,35,560000,0,40000,40,9999,0.100000,0,0,0.000000,6,0.000000,0.000000,0.238263,0,0,0,0,0,0,0
56,569999,36,560000,72,150000,40,9999,0.100000,0,0,0.000000,6,0.000000,0.000000,7.033541,0,0,0,0,0,0,0
56,569999,37,560000,20,0,40,9999,0.100000,0,0,0.000000,6,0.000000,0.000000,0.141309,0,0,0,0,0,0,0
56,569999,38,560000,20,0,40,9999,0.100000,0,0,0.000000,6,0.000000,0.000000,1.078439,0,0,0,0,0,0,0
56,569999,39,560000,0,40000,40,9999,0.100000,0,0,0.000000,6,0.000000,0.000000,0.086022,0,0,0,0,0,0,0
56,569999,40,560000,72,70000,40,9999,0.100000,0,0,0.000000,6,0.000000,0.000000,0.086402,0,0,0,0,0,0,0
56,569999,41,560000,20,0,40,9999,0.100000,0,0,0.000000,6,0.000000,0.000000,0.094158,0,0,0,0,0,0,0
56,569999,42,560000,72,150000,40,9999,0.100000,0,0,0.000000,6,0.000000,0.000000,0.512706,0,0,0,0,0,0,0
56,569999,43,560000,0,40000,40,9999,0.100000,0,0,0.000000,6,0.000000,0.000000,0.129859,0,0,0,0,0,0,0
56,569999,44,560000,0,60000,40,9999,0.100000,0,0,0.000000,6,0.000000,0.000000,0.240700,0,0,0,0,0,0,0
56,569999,45,560000,4,10000,40,9999,0.100000,0,0,0.000000,6,0.000000,0.000000,0.239750,0,0,0,0,0,0,0
56,569999,46,560000,72,70000,40,9999,0.100000,0,0,0.000000,6,0.000000,0.000000,0.243046,0,0,0,0,0,0,0
56,569999,47,560000,0,40000,40,9999,0.100000,0,0,0.000000,6,0.000000,0.000000,0.158873,0,0,0,0,0,0,0
56,569999,48,560000,0,40000,40,9999,0.100000,0,0,0.000000,6,0.000000,0.000000,0.160916,0,0,0,0,0,0,0
56,569999,49,560000,0,40000,40,9999,0.100000,0,0,0.000000,6,0.000000,0.000000,0.597149,0,0,0,0,0,0,0
56,569999,50,560000,72,70000,40,9999,0.100000,0,0,0.000000,6,0.000000,0.000000,0.153505,0,0,0,0,0,0,0
56,569999,51,560000,0,60000,40,9999,0.100000,0,0,0.000000,6,0.000000,0.000000,0.641079,0,0,0,0,0,0,0
56,569999,52,560000,20,0,40,9999,0.100000,0,0,0.000000,6,0.000000,0.000000,0.161051,0,0,0,0,0,0,0
56,569999,53,560000,72,150000,40,9999,0.100000,0,0,0.000000,6,0.000000,0.000000,0.196779,0,0,0,0,0,0,0
56,569999,54,560000,0,40000,40,9999,0.100000,0,0,0.000000,6,0.000000,0.000000,0.434832,0,0,0,0,0,0,0
56,569999,55,560000,72,150000,40,9999,0.100000,0,0,0.000000,6,0.000000,0.000000,0.940816,0,0,0,0,0,0,0
56,569999,56,560000,72,150000,40,9999,0.100000,0,0,0.000000,6,0.000000,0.000000,0.086098,0,0,0,0,0,0,0
56,569999,57,560000,0,40000,40,9999,0.100000,0,0,0.000000,6,0.000000,0.000000,5.748905,0,0,0,0,0,0,0
56,569999,58,560000,0,60000,40,9999,0.100000,0,0,0.000000,6,0.000000,0.000000,0.966161,0,0,0,0,0,0,0
56,569999,59,560000,20,0,40,9999,0.100000,0,0,0.000000,6,0.000000,0.000000,0.211280,0,0,0,0,0,0,0
56,569999,60,560000,72,70000,40,9999,0.100000,0,0,0.000000,6,0.000000,0.000000,0.337817,0,0,0,0,0,0,0
56,569999,61,560000,72,70000,40,9999,0.100000,0,0,0.000000,6,0.000000,0.000000,0.094441,0,0,0,0,0,0,0
56,569999,62,560000,72,150000,49,9999,0.100000,0,0,0.000000,6,1.000000,0.000000,1.890469,0,0,0,0,0,0,0
56,569999,63,560000,72,150000,40,9999,0.100000,0,0,0.000000,6,0.000000,0.000000,0.074228,0,0,0,0,0,0,0
56,569999,64,560000,72,70000,40,9999,0.100000,0,0,0.000000,6,0.000000,0.000000,0.346633,0,0,0,0,0,0,0
56,569999,65,560000,72,150000,40,9999,0.100000,0,0,0.000000,6,0.000000,0.000000,0.224413,0,0,0,0,0,0,0
56,569999,66,560000,72,150000,40,9999,0.100000,0,0,0.000000,6,0.000000,0.000000,0.296841,0,0,0,0,0,0,0
56,569999,67,560000,4,10000,40,9999,0.100000,0,0,0.000000,6,0.000000,0.000000,0.214466,0,0,0,0,0,0,0
56,569999,68,560000,72,150000,40,9999,0.100000,0,0,0.000000,6,0.000000,0.000000,1.226142,0,0,0,0,0,0,0
56,569999,69,560000,72,150000,40,9999,0.100000,0,0,0.000000,6,0.000000,0.000000,0.269907,0,0,0,0,0,0,0
56,569999,70,560000,72,150000,40,9999,0.100000,0,0,0.000000,6,0.000000,0.000000,0.245574,0,0,0,0,0,0,0
56,569999,71,560000,0,40000,40,9999,0.100000,0,0,0.000000,6,0.000000,0.000000,0.164565,0,0,0,0,0,0,0
56,569999,72,560000,0,40000,40,9999,0.100000,0,0,0.000000,6,0.000000,0.000000,0.083606,0,0,0,0,0,0,0
56,569999,73,560000,20,0,49,9999,0.100000,0,0,0.000000,6,9.000000,0.000000,20.473490,0,0,0,0,0,0,0
56,569999,74,560000,72,150000,40,9999,0.100000,0,0,0.000000,6,0.000000,0.000000,0.159333,0,0,0,0,0,0,0
56,569999,75,560000,72,150000,40,9999,0.100000,0,0,0.000000,6,0.000000,0.000000,0.096824,0,0,0,0,0,0,0
56,569999,76,560000,72,70000,40,9999,0.100000,0,0,0.000000,6,0.000000,0.000000,0.201721,0,0,0,0,0,0,0
56,569999,77,560000,0,60000,40,9999,0.100000,0,0,0.000000,6,0.000000,0.000000,0.146841,0,0,0,0,0,0,0
56,569999,78,560000,0,60000,40,9999,0.100000,0,0,0.000000,6,0.000000,0.000000,0.142072,0,0,0,0,0,0,0
56,569999,79,560000,72,70000,40,9999,0.100000,0,0,0.000000,6,0.000000,0.000000,0.448624,0,0,0,0,0,0,0
56,569999,80,560000,0,40000,40,9999,0.100000,0,0,0.000000,6,0.000000,0.000000,0.145377,0,0,0,0,0,0,0
56,569999,81,560000,0,60000,40,9999,0.100000,0,0,0.000000,6,0.000000,0.000000,0.198965,0,0,0,0,0,0,0
56,569999,82,560000,4,10000,40,9999,0.100000,0,0,0.000000,6,0.000000,0.000000,0.555400,0,0,0,0,0,0,0
56,569999,83,560000,0,40000,40,9999,0.100000,0,0,0.000000,6,0.000000,0.000000,1.018747,0,0,0,0,0,0,0
56,569999,84,560000,72,150000,49,9999,0.100000,0,0,0.000000,6,1.000000,0.000000,2.522417,0,0,0,0,0,0,0
56,569999,85,560000,0,60000,40,9999,0.100000,0,0,0.000000,6,0.000000,0.000000,0.286335,0,0,0,0,0,0,0
56,569999,86,560000,20,0,40,9999,0.100000,0,0,0.000000,6,0.000000,0.000000,0.109144,0,0,0,0,0,0,0
56,569999,87,560000,0,40000,40,9999,0.100000,0,0,0.000000,6,0.000000,0.000000,0.093798,0,0,0,0,0,0,0
56,569999,88,560000,72,150000,40,9999,0.100000,0,0,0.000000,6,0.000000,0.000000,0.095437,0,0,0,0,0,0,0
56,569999,89,560000,4,10000,49,9999,0.100000,0,0,0.000000,6,4.000000,0.000000,12.415939,0,0,0,0,0,0,0
56,569999,90,560000,4,10000,40,9999,0.100000,0,0,0.000000,6,0.000000,0.000000,0.825730,0,0,0,0,0,0,0
56,569999,91,560000,72,150000,40,9999,0.100000,0,0,0.000000,6,0.000000,0.000000,2.342616,0,0,0,0,0,0,0
56,569999,92,560000,0,60000,40,9999,0.100000,0,0,0.000000,6,0.000000,0.000000,0.067623,0,0,0,0,0,0,0
56,569999,93,560000,72,150000,40,9999,0.135000,0,0,0.000000,6,0.000000,0.000000,0.098669,0,0,0,0,0,0,0
56,569999,94,560000,20,0,40,9999,0.100000,0,0,0.000000,6,0.000000,0.000000,0.379811,0,0,0,0,0,0,0
56,569999,95,560000,72,150000,40,9999,0.100000,0,0,0.000000,6,0.000000,0.000000,0.481816,0,0,0,0,0,0,0
56,569999,96,560000,4,10000,40,9999,0.100000,0,0,0.000000,6,0.000000,0.000000,0.694415,0,0,0,0,0,0,0
56,569999,97,560000,72,150000,40,9999,0.100000,0,0,0.000000,6,0.000000,0.000000,0.234928,0,0,0,0,0,0,0
56,569999,98,560000,72,70000,40,9999,0.100000,0,0,0.000000,6,0.000000,0.000000,0.392152,0,0,0,0,0,0,0
56,569999,99,560000,20,0,40,9999,0.100000,0,0,0.000000,6,0.000000,0.000000,0.324961,0,0,0,0,0,0,0
57,579999,0,570000,0,60000,40,9999,0.100000,0,0,0.000000,6,0.000000,0.000000,7.353195,0,0,0,0,0,0,0
57,579999,1,570000,4,10000,40,9999,0.100000,0,0,0.000000,6,0.000000,0.000000,0.087874,0,0,0,0,0,0,0
57,579999,2,570000,0,60000,40,9999,0.100000,0,0,0.000000,6,0.000000,0.000000,0.105784,0,0,0,0,0,0,0
57,579999,3,570000,0,40000,40,9999,0.100000,0,0,0.000000,6,0.000000,0.000000,2.325453,0,0,0,0,0,0,0
57,579999,4,570000,4,10000,40,9999,0.100000,0,0,0.000000,6,0.000000,0.000000,1.857224,0,0,0,0,0,0,0
57,579999,5,570000,0,60000,40,9999,0.100000,0,0,0.000000,6,0.000000,0.000000,2.349179,0,0,0,0,0,0,0
57,579999,6,570000,0,60000,40,9999,0.100000,0,0,0.000000,6,0.000000,0.000000,0.142563,0,0,0,0,0,0,0
57,579999,7,570000,72,150000,40,9999,0.100000,0,0,0.000000,6,0.000000,0.000000,0.614134,0,0,0,0,0,0,0
57,579999,8,570000,0,40000,40,9999,0.100000,0,0,0.000000,6,0.000000,0.000000,1.393693,0,0,0,0,0,0,0
57,579999,9,570000,0,40000,40,9999,0.100000,0,0,0.000000,6,0.000000,0.000000,0.987000,0,0,0,0,0,0,0
57,579999,10,570000,0,60000,40,9999,0.100000,0,0,0.000000,6,0.000000,0.000000,1.079475,0,0,0,0,0,0,0
57,579999,11,570000,72,70000,40,9999,0.100000,0,0,0.000000,6,0.000000,0.000000,0.151275,0,0,0,0,0,0,0
57,579999,12,570000,72,150000,40,9999,0.100000,0,0,0.000000,6,0.000000,0.000000,5.292725,0,0,0,0,0,0,0
57,579999,13,570000,72,150000,40,9999,0.100000,0,0,0.000000,6,0.000000,0.000000,2.718755,0,0,0,0,0,0,0
57,579999,14,570000,0,40000,40,9999,0.100000,0,0,0.000000,6,0.000000,0.000000,0.884663,0,0,0,0,0,0,0
57,579999,15,570000,72,70000,40,9999,0.100000,0,0,0.000000,6,0.000000,0.000000,0.231076,0,0,0,0,0,0,0
57,579999,16,570000,4,10000,40,9999,0.100000,0,0,0.000000,6,0.000000,0.000000,0.101338,0,0,0,0,0,0,0
57,579999,17,570000,4,10000,40,9999,0.100000,0,0,0.000000,6,0.000000,0.000000,0.707399,0,0,0,0,0,0,0
57,579999,18,570000,4,10000,40,9999,0.100000,0,0,0.000000,6,0.000000,0.000000,0.245268,0,0,0,0,0,0,0
57,579999,19,570000,20,0,40,9999,0.100000,0,0,0.000000,6,0.000000,0.000000,0.229935,0,0,0,0,0,0,0
57,579999,20,570000,72,70000,40,9999,0.100000,0,0,0.000000,6,0.000000,0.000000,0.735077,0,0,0,0,0,0,0
57,579999,21,570000,4,10000,40,9999,0.100000,0,0,0.000000,6,0.000000,0.000000,5.410253,0,0,0,0,0,0,0
57,579999,22,570000,0,60000,40,9999,0.100000,0,0,0.000000,6,0.000000,0.000000,0.934548,0,0,0,0,0,0,0
57,579999,23,570000,20,0,40,9999,0.100000,0,0,0.000000,6,0.000000,0.000000,0.220907,0,0,0,0,0,0,0
57,579999,24,570000,72,150000,40,9999,0.100000,0,0,0.000000,6,0.000000,0.000000,0.268876,0,0,0,0,0,0,0
57,579999,25,570000,0,60000,40,9999,0.100000,0,0,0.000000,6,0.000000,0.000000,1.837741,0,0,0,0,0,0,0
57,579999,26,570000,0,40000,40,9999,0.100000,0,0,0.000000,6,0.000000,0.000000,1.476381,0,0,0,0,0,0,0
57,579999,27,570000,72,150000,40,9999,0.100000,0,0,0.000000,6,0.000000,0.000000,7.826267,0,0,0,0,0,0,0
57,579999,28,570000,4,10000,40,9999,0.100000,0,0,0.000000,6,0.000000,0.000000,0.087523,0,0,0,0,0,0,0
57,579999,29,570000,0,60000,40,9999,0.100000,0,0,0.000000,6,0.000000,0.000000,1.563814,0,0,0,0,0,0,0
57,579999,30,570000,0,40000,40,9999,0.100000,0,0,0.000000,6,0.000000,0.000000,0.691767,0,0,0,0,0,0,0
57,579999,31,570000,72,150000,40,9999,0.100000,0,0,0.000000,6,0.000000,0.000000,2.335823,0,0,0,0,0,0,0
57,579999,32,570000,72,70000,40,9999,0.100000,0,0,0.000000,6,0.000000,0.000000,0.250076,0,0,0,0,0,0,0
57,579999,33,570000,72,150000,40,9999,0.100000,0,0,0.000000,6,0.000000,0.000000,1.045093,0,0,0,0,0,0,0
57,579999,34,560000,72,150000,40,19999,0.100000,0,0,0.000000,6,0.000000,0.000000,0.683547,0,0,0,0,0,0,0
57,579999,35,570000,72,150000,40,9999,0.100000,0,0,0.000000,6,0.000000,0.000000,0.248751,0,0,0,0,0,0,0
57,579999,36,570000,0,40000,40,9999,0.100000,0,0,0.000000,6,0.000000,0.000000,6.180696,0,0,0,0,0,0,0
57,579999,37,570000,4,10000,40,9999,0.100000,0,0,0.000000,6,0.000000,0.000000,0.232625,0,0,0,0,0,0,0
57,579999,38,570000,72,70000,49,9999,0.100000,0,0,0.000000,6,1.000000,0.000000,5.861856,0,0,0,0,0,0,0
57,579999,39,570000,0,60000,40,9999,0.100000,0,0,0.000000,6,0.000000,0.000000,0.086364,0,0,0,0,0,0,0
57,579999,40,570000,0,60000,40,9999,0.100000,0,0,0.000000,6,0.000000,0.000000,0.085566,0,0,0,0,0,0,0
57,579999,41,570000,4,10000,40,9999,0.100000,0,0,0.000000,6,0.000000,0.000000,0.093739,0,0,0,0,0,0,0
57,579999,42,570000,0,60000,40,9999,0.100000,0,0,0.000000,6,0.000000,0.000000,0.829258,0,0,0,0,0,0,0
57,579999,43,570000,0,40000,40,9999,0.100000,0,0,0.000000,6,0.000000,0.000000,0.184761,0,0,0,0,0,0,0
57,579999,44,570000,20,0,40,9999,0.100000,0,0,0.000000,6,0.000000,0.000000,0.238797,0,0,0,0,0,0,0
57,579999,45,570000,0,60000,40,9999,0.100000,0,0,0.000000,6,0.000000,0.000000,0.231843,0,0,0,0,0,0,0
57,579999,46,570000,72,70000,40,9999,0.100000,0,0,0.000000,6,0.000000,0.000000,0.235610,0,0,0,0,0,0,0
57,579999,47,570000,72,150000,40,9999,0.100000,0,0,0.000000,6,0.000000,0.000000,0.163505,0,0,0,0,0,0,0
57,579999,48,570000,4,10000,40,9999,0.100000,0,0,0.000000,6,0.000000,0.000000,0.175407,0,0,0,0,0,0,0
57,579999,49,570000,20,0,40,9999,0.100000,0,0,0.000000,6,0.000000,0.000000,0.364501,0,0,0,0,0,0,0
57,579999,50,570000,4,10000,40,9999,0.100000,0,0,0.000000,6,0.000000,0.000000,0.496936,0,0,0,0,0,0,0
57,579999,51,570000,0,40000,40,9999,0.100000,0,0,0.000000,6,0.000000,0.000000,0.888769,0,0,0,0,0,0,0
57,579999,52,570000,72,150000,40,9999,0.100000,0,0,0.000000,6,0.000000,0.000000,0.165768,0,0,0,0,0,0,0
57,579999,53,570000,72,150000,40,9999,0.100000,0,0,0.000000,6,0.000000,0.000000,0.171819,0,0,0,0,0,0,0
57,579999,54,570000,20,0,40,9999,0.100000,0,0,0.000000,6,0.000000,0.000000,0.577392,0,0,0,0,0,0,0
57,579999,55,570000,72,70000,49,9999,0.100000,0,0,0.000000,6,1.000000,0.000000,2.264905,0,0,0,0,0,0,0
57,579999,56,570000,0,40000,40,9999,0.100000,0,0,0.000000,6,0.000000,0.000000,0.086682,0,0,0,0,0,0,0
57,579999,57,570000,0,60000,40,9999,0.100000,0,0,0.000000,6,0.000000,0.000000,7.040290,0,0,0,0,0,0,0
57,579999,58,570000,0,40000,40,9999,0.100000,0,0,0.000000,6,0.000000,0.000000,0.670870,0,0,0,0,0,0,0
57,579999,59,570000,72,150000,40,9999,0.100000,0,0,0.000000,6,0.000000,0.000000,0.053527,0,0,0,0,0,0,0
57,579999,60,570000,4,10000,40,9999,0.100000,0,0,0.000000,6,0.000000,0.000000,0.101170,0,0,0,0,0,0,0
57,579999,61,570000,0,40000,40,9999,0.100000,0,0,0.000000,6,0.000000,0.000000,0.105872,0,0,0,0,0,0,0
57,579999,62,570000,4,10000,40,9999,0.100000,0,0,0.000000,6,0.000000,0.000000,1.642034,0,0,0,0,0,0,0
57,579999,63,570000,72,150000,40,9999,0.100000,0,0,0.000000,6,0.000000,0.000000,0.074222,0,0,0,0,0,0,0
57,579999,64,570000,4,10000,40,9999,0.100000,0,0,0.000000,6,0.000000,0.000000,0.324389,0,0,0,0,0,0,0
57,579999,65,570000,0,40000,40,9999,0.100000,0,0,0.000000,6,0.000000,0.000000,0.230195,0,0,0,0,0,0,0
57,579999,66,570000,0,40000,40,9999,0.100000,0,0,0.000000,6,0.000000,0.000000,0.262332,0,0,0,0,0,0,0
57,579999,67,570000,0,60000,40,9999,0.100000,0,0,0.000000,6,0.000000,0.000000,0.208471,0,0,0,0,0,0,0
57,579999,68,570000,0,60000,40,9999,0.100000,0,0,0.000000,6,0.000000,0.000000,0.856486,0,0,0,0,0,0,0
57,579999,69,570000,0,60000,40,9999,0.100000,0,0,0.000000,6,0.000000,0.000000,0.290396,0,0,0,0,0,0,0
57,579999,70,570000,0,60000,40,9999,0.100000,0,0,0.000000,6,0.000000,0.000000,0.411142,0,0,0,0,0,0,0
57,579999,71,570000,4,10000,40,9999,0.100000,0,0,0.000000,6,0.000000,0.000000,0.172578,0,0,0,0,0,0,0
57,579999,72,570000,72,70000,40,9999,0.100000,0,0,0.000000,6,0.000000,0.000000,0.084253,0,0,0,0,0,0,0
57,579999,73,570000,4,10000,40,9999,0.100000,0,0,0.000000,6,0.000000,0.000000,0.588918,0,0,0,0,0,0,0
57,579999,74,570000,0,40000,40,9999,0.100000,0,0,0.000000,6,0.000000,0.000000,0.160192,0,0,0,0,0,0,0
57,579999,75,570000,72,150000,40,9999,0.135000,0,0,0.000000,6,0.000000,0.000000,0.098244,0,0,0,0,0,0,0
57,579999,76,570000,72,70000,40,9999,0.100000,0,0,0.000000,6,0.000000,0.000000,0.237949,0,0,0,0,0,0,0
57,579999,77,570000,4,10000,40,9999,0.100000,0,0,0.000000,6,0.000000,0.000000,0.259624,0,0,0,0,0,0,0
57,579999,78,570000,0,40000,40,9999,0.100000,0,0,0.000000,6,0.000000,0.000000,0.138414,0,0,0,0,0,0,0
57,579999,79,570000,0,60000,40,9999,0.100000,0,0,0.000000,6,0.000000,0.000000,0.434231,0,0,0,0,0,0,0
57,579999,80,570000,0,60000,40,9999,0.100000,0,0,0.000000,6,0.000000,0.000000,0.124678,0,0,0,0,0,0,0
57,579999,81,570000,72,150000,40,9999,0.100000,0,0,0.000000,6,0.000000,0.000000,0.215852,0,0,0,0,0,0,0
57,579999,82,570000,72,70000,40,9999,0.100000,0,0,0.000000,6,0.000000,0.000000,0.619488,0,0,0,0,0,0,0
57,579999,83,570000,4,10000,40,9999,0.100000,0,0,0.000000,6,0.000000,0.000000,0.089468,0,0,0,0,0,0,0
57,579999,84,570000,72,150000,40,9999,0.100000,0,0,0.000000,6,0.000000,0.000000,2.482021,0,0,0,0,0,0,0
57,579999,85,570000,4,10000,40,9999,0.100000,0,0,0.000000,6,0.000000,0.000000,0.523643,0,0,0,0,0,0,0
57,579999,86,570000,0,40000,40,9999,0.100000,0,0,0.000000,6,0.000000,0.000000,0.109872,0,0,0,0,0,0,0
57,579999,87,570000,0,40000,40,9999,0.100000,0,0,0.000000,6,0.000000,0.000000,0.706252,0,0,0,0,0,0,0
57,579999,88,570000,72,70000,40,9999,0.135000,0,0,0.000000,6,0.000000,0.000000,0.320652,0,0,0,0,0,0,0
57,579999,89,570000,0,40000,40,9999,0.100000,0,0,0.000000,6,0.000000,0.000000,0.074709,0,0,0,0,0,0,0
57,579999,90,570000,72,150000,40,9999,0.100000,0,0,0.000000,6,0.000000,0.000000,0.762869,0,0,0,0,0,0,0
57,579999,91,570000,72,150000,40,9999,0.100000,0,0,0.000000,6,0.000000,0.000000,2.491486,0,0,0,0,0,0,0
57,579999,92,570000,72,150000,40,9999,0.100000,0,0,0.000000,6,0.000000,0.000000,0.067562,0,0,0,0,0,0,0
57,579999,93,570000,0,60000,40,9999,0.100000,0,0,0.000000,6,0.000000,0.000000,0.098319,0,0,0,0,0,0,0
57,579999,94,570000,72,150000,40,9999,0.100000,0,0,0.000000,6,0.000000,0.000000,0.670936,0,0,0,0,0,0,0
57,579999,95,570000,72,150000,40,9999,0.100000,0,0,0.000000,6,0.000000,0.000000,0.489671,0,0,0,0,0,0,0
57,579999,96,570000,72,70000,40,9999,0.100000,0,0,0.000000,6,0.000000,0.000000,0.539514,0,0,0,0,0,0,0
57,579999,97,570000,72,70000,40,9999,0.100000,0,0,0.000000,6,0.000000,0.000000,0.219606,0,0,0,0,0,0,0
57,579999,98,570000,0,40000,40,9999,0.100000,0,0,0.000000,6,0.000000,0.000000,0.118289,0,0,0,0,0,0,0
57,579999,99,570000,72,70000,40,9999,0.100000,0,0,0.000000,6,0.000000,0.000000,0.200553,0,0,0,0,0,0,0
58,589999,0,580000,72,70000,40,9999,0.100000,0,0,0.000000,6,0.000000,0.000000,6.387978,0,0,0,0,0,0,0
58,589999,1,580000,72,70000,40,9999,0.100000,0,0,0.000000,6,0.000000,0.000000,0.087832,0,0,0,0,0,0,0
58,589999,2,580000,4,10000,40,9999,0.065000,0,0,0.000000,6,0.000000,0.000000,0.109036,0,0,0,0,0,0,0
58,589999,3,580000,72,70000,40,9999,0.100000,0,0,0.000000,6,0.000000,0.000000,1.907746,0,0,0,0,0,0,0
58,589999,4,580000,72,150000,40,9999,0.100000,0,0,0.000000,6,0.000000,0.000000,0.939168,0,0,0,0,0,0,0
58,589999,5,580000,0,60000,40,9999,0.100000,0,0,0.000000,6,0.000000,0.000000,0.547596,0,0,0,0,0,0,0
58,589999,6,580000,72,70000,40,9999,0.100000,0,0,0.000000,6,0.000000,0.000000,0.140781,0,0,0,0,0,0,0
58,589999,7,580000,0,40000,40,9999,0.100000,0,0,0.000000,6,0.000000,0.000000,1.034205,0,0,0,0,0,0,0
58,589999,8,580000,72,150000,40,9999,0.100000,0,0,0.000000,6,0.000000,0.000000,0.097766,0,0,0,0,0,0,0
58,589999,9,580000,20,0,40,9999,0.100000,0,0,0.000000,6,0.000000,0.000000,0.542646,0,0,0,0,0,0,0
58,589999,10,580000,0,40000,40,9999,0.100000,0,0,0.000000,6,0.000000,0.000000,0.804892,0,0,0,0,0,0,0
58,589999,11,580000,72,150000,40,9999,0.100000,0,0,0.000000,6,0.000000,0.000000,0.142391,0,0,0,0,0,0,0
58,589999,12,580000,20,0,40,9999,0.100000,0,0,0.000000,6,0.000000,0.000000,2.315116,0,0,0,0,0,0,0
58,589999,13,580000,72,70000,49,9999,0.100000,0,0,0.000000,6,4.000000,0.000000,5.784491,0,0,0,0,0,0,0
58,589999,14,580000,20,0,40,9999,0.100000,0,0,0.000000,6,0.000000,0.000000,0.545825,0,0,0,0,0,0,0
58,589999,15,580000,20,0,40,9999,0.100000,0,0,0.000000,6,0.000000,0.000000,0.234906,0,0,0,0,0,0,0
58,589999,16,580000,4,10000,40,9999,0.100000,0,0,0.000000,6,0.000000,0.000000,0.103263,0,0,0,0,0,0,0
58,589999,17,580000,72,70000,40,9999,0.100000,0,0,0.000000,6,0.000000,0.000000,0.647625,0,0,0,0,0,0,0
58,589999,18,580000,0,40000,40,9999,0.100000,0,0,0.000000,6,0.000000,0.000000,0.233770,0,0,0,0,0,0,0
58,589999,19,580000,0,60000,40,9999,0.100000,0,0,0.000000,6,0.000000,0.000000,0.238177,0,0,0,0,0,0,0
58,589999,20,580000,72,70000,40,9999,0.100000,0,0,0.000000,6,0.000000,0.000000,0.599040,0,0,0,0,0,0,0
58,589999,21,580000,0,60000,40,9999,0.100000,0,0,0.000000,6,0.000000,0.000000,4.784313,0,0,0,0,0,0,0
58,589999,22,580000,0,40000,40,9999,0.100000,0,0,0.000000,6,0.000000,0.000000,0.550186,0,0,0,0,0,0,0
58,589999,23,580000,4,10000,40,9999,0.100000,0,0,0.000000,6,0.000000,0.000000,0.221032,0,0,0,0,0,0,0
58,589999,24,580000,4,10000,40,9999,0.135000,0,0,0.000000,6,0.000000,0.000000,0.270506,0,0,0,0,0,0,0
58,589999,25,580000,20,0,40,9999,0.100000,0,0,0.000000,6,0.000000,0.000000,1.786822,0,0,0,0,0,0,0
58,589999,26,580000,0,40000,40,9999,0.100000,0,0,0.000000,6,0.000000,0.000000,0.214934,0,0,0,0,0,0,0
58,589999,27,580000,72,150000,40,9999,0.100000,0,0,0.000000,6,0.000000,0.000000,7.050314,0,0,0,0,0,0,0
58,589999,28,580000,20,0,40,9999,0.100000,0,0,0.000000,6,0.000000,0.000000,0.121925,0,0,0,0,0,0,0
58,589999,29,580000,20,0,40,9999,0.100000,0,0,0.000000,6,0.000000,0.000000,2.717291,0,0,0,0,0,0,0
58,589999,30,580000,0,60000,40,9999,0.100000,0,0,0.000000,6,0.000000,0.000000,0.486882,0,0,0,0,0,0,0
58,589999,31,580000,72,70000,40,9999,0.100000,0,0,0.000000,6,0.000000,0.000000,1.661592,0,0,0,0,0,0,0
58,589999,32,580000,0,60000,40,9999,0.100000,0,0,0.000000,6,0.000000,0.000000,0.235262,0,0,0,0,0,0,0
58,589999,33,580000,72,70000,40,9999,0.100000,0,0,0.000000,6,0.000000,0.000000,0.508716,0,0,0,0,0,0,0
58,589999,34,580000,0,40000,40,9999,0.100000,0,0,0.000000,6,0.000000,0.000000,0.693347,0,0,0,0,0,0,0
58,589999,35,580000,72,150000,40,9999,0.100000,0,0,0.000000,6,0.000000,0.000000,0.245263,0,0,0,0,0,0,0
58,589999,36,580000,72,70000,40,9999,0.100000,0,0,0.000000,6,0.000000,0.000000,6.205776,0,0,0,0,0,0,0
58,589999,37,580000,0,60000,40,9999,0.100000,0,0,0.000000,6,0.000000,0.000000,0.192843,0,0,0,0,0,0,0
58,589999,38,580000,0,40000,40,9999,0.100000,0,0,0.000000,6,0.000000,0.000000,0.514865,0,0,0,0,0,0,0
58,589999,39,580000,0,60000,40,9999,0.100000,0,0,0.000000,6,0.000000,0.000000,0.123608,0,0,0,0,0,0,0
58,589999,40,580000,72,150000,40,9999,0.135000,0,0,0.000000,6,0.000000,0.000000,0.472374,0,0,0,0,0,0,0
58,589999,41,580000,72,150000,40,9999,0.100000,0,0,0.000000,6,0.000000,0.000000,0.088702,0,0,0,0,0,0,0
58,589999,42,580000,72,150000,40,9999,0.100000,0,0,0.000000,6,0.000000,0.000000,0.765024,0,0,0,0,0,0,0
58,589999,43,580000,72,150000,40,9999,0.100000,0,0,0.000000,6,0.000000,0.000000,0.315387,0,0,0,0,0,0,0
58,589999,44,580000,0,60000,40,9999,0.100000,0,0,0.000000,6,0.000000,0.000000,0.236646,0,0,0,0,0,0,0
58,589999,45,580000,0,40000,40,9999,0.100000,0,0,0.000000,6,0.000000,0.000000,0.235089,0,0,0,0,0,0,0
58,589999,46,580000,0,40000,40,9999,0.100000,0,0,0.000000,6,0.000000,0.000000,0.235699,0,0,0,0,0,0,0
58,589999,47,580000,0,40000,40,9999,0.100000,0,0,0.000000,6,0.000000,0.000000,0.162689,0,0,0,0,0,0,0
58,589999,48,580000,20,0,40,9999,0.100000,0,0,0.000000,6,0.000000,0.000000,0.176850,0,0,0,0,0,0,0
58,589999,49,580000,72,70000,40,9999,0.100000,0,0,0.000000,6,0.000000,0.000000,0.522734,0,0,0,0,0,0,0
58,589999,50,580000,72,70000,40,9999,0.100000,0,0,0.000000,6,0.000000,0.000000,0.258428,0,0,0,0,0,0,0
58,589999,51,580000,72,150000,40,9999,0.100000,0,0,0.000000,6,0.000000,0.000000,0.624396,0,0,0,0,0,0,0
58,589999,52,580000,0,60000,40,9999,0.100000,0,0,0.000000,6,0.000000,0.000000,0.166447,0,0,0,0,0,0,0
58,589999,53,580000,0,40000,40,9999,0.100000,0,0,0.000000,6,0.000000,0.000000,0.123523,0,0,0,0,0,0,0
58,589999,54,580000,72,150000,40,9999,0.100000,0,0,0.000000,6,0.000000,0.000000,0.597652,0,0,0,0,0,0,0
58,589999,55,580000,0,60000,40,9999,0.100000,0,0,0.000000,6,0.000000,0.000000,1.652270,0,0,0,0,0,0,0
58,589999,56,580000,4,10000,40,9999,0.100000,0,0,0.000000,6,0.000000,0.000000,0.085436,0,0,0,0,0,0,0
58,589999,57,580000,72,150000,40,9999,0.100000,0,0,0.000000,6,0.000000,0.000000,4.699328,0,0,0,0,0,0,0
58,589999,58,580000,20,0,40,9999,0.100000,0,0,0.000000,6,0.000000,0.000000,0.439253,0,0,0,0,0,0,0
58,589999,59,580000,72,150000,40,9999,0.100000,0,0,0.000000,6,0.000000,0.000000,0.013424,0,0,0,0,0,0,0
58,589999,60,580000,0,40000,40,9999,0.100000,0,0,0.000000,6,0.000000,0.000000,0.106261,0,0,0,0,0,0,0
58,589999,61,580000,72,70000,40,9999,0.100000,0,0,0.000000,6,0.000000,0.000000,0.109148,0,0,0,0,0,0,0
58,589999,62,580000,4,10000,40,9999,0.100000,0,0,0.000000,6,0.000000,0.000000,0.694798,0,0,0,0,0,0,0
58,589999,63,580000,72,150000,40,9999,0.100000,0,0,0.000000,6,0.000000,0.000000,0.075095,0,0,0,0,0,0,0
58,589999,64,580000,20,0,40,9999,0.100000,0,0,0.000000,6,0.000000,0.000000,0.706756,0,0,0,0,0,0,0
58,589999,65,580000,72,70000,40,9999,0.100000,0,0,0.000000,6,0.000000,0.000000,0.236641,0,0,0,0,0,0,0
58,589999,66,580000,0,60000,40,9999,0.100000,0,0,0.000000,6,0.000000,0.000000,0.525170,0,0,0,0,0,0,0
58,589999,67,580000,0,40000,40,9999,0.100000,0,0,0.000000,6,0.000000,0.000000,0.202923,0,0,0,0,0,0,0
58,589999,68,580000,72,150000,40,9999,0.100000,0,0,0.000000,6,0.000000,0.000000,0.876608,0,0,0,0,0,0,0
58,589999,69,580000,0,60000,40,9999,0.100000,0,0,0.000000,6,0.000000,0.000000,0.730766,0,0,0,0,0,0,0
58,589999,70,580000,0,40000,40,9999,0.100000,0,0,0.000000,6,0.000000,0.000000,0.333373,0,0,0,0,0,0,0
58,589999,71,580000,0,40000,40,9999,0.100000,0,0,0.000000,6,0.000000,0.000000,0.192434,0,0,0,0,0,0,0
58,589999,72,580000,20,0,40,9999,0.100000,0,0,0.000000,6,0.000000,0.000000,0.085237,0,0,0,0,0,0,0
58,589999,73,580000,4,10000,40,9999,0.100000,0,0,0.000000,6,0.000000,0.000000,0.563982,0,0,0,0,0,0,0
58,589999,74,580000,0,60000,40,9999,0.100000,0,0,0.000000,6,0.000000,0.000000,0.159329,0,0,0,0,0,0,0
58,589999,75,580000,0,60000,40,9999,0.100000,0,0,0.000000,6,0.000000,0.000000,0.097527,0,0,0,0,0,0,0
58,589999,76,580000,72,70000,40,9999,0.100000,0,0,0.000000,6,0.000000,0.000000,0.237699,0,0,0,0,0,0,0
58,589999,77,580000,72,150000,40,9999,0.100000,0,0,0.000000,6,0.000000,0.000000,0.245256,0,0,0,0,0,0,0
58,589999,78,580000,72,150000,40,9999,0.100000,0,0,0.000000,6,0.000000,0.000000,0.136916,0,0,0,0,0,0,0
58,589999,79,580000,4,10000,40,9999,0.100000,0,0,0.000000,6,0.000000,0.000000,0.446762,0,0,0,0,0,0,0
58,589999,80,580000,72,70000,40,9999,0.100000,0,0,0.000000,6,0.000000,0.000000,0.094628,0,0,0,0,0,0,0
58,589999,81,580000,20,0,40,9999,0.100000,0,0,0.000000,6,0.000000,0.000000,0.199244,0,0,0,0,0,0,0
58,589999,82,580000,0,40000,40,9999,0.100000,0,0,0.000000,6,0.000000,0.000000,0.640482,0,0,0,0,0,0,0
58,589999,83,580000,0,60000,40,9999,0.100000,0,0,0.000000,6,0.000000,0.000000,0.090241,0,0,0,0,0,0,0
58,589999,84,580000,20,0,40,9999,0.100000,0,0,0.000000,6,0.000000,0.000000,1.433661,0,0,0,0,0,0,0
58,589999,85,580000,72,70000,40,9999,0.100000,0,0,0.000000,6,0.000000,0.000000,0.356877,0,0,0,0,0,0,0
58,589999,86,580000,0,40000,40,9999,0.100000,0,0,0.000000,6,0.000000,0.000000,0.108381,0,0,0,0,0,0,0
58,589999,87,580000,72,70000,40,9999,0.100000,0,0,0.000000,6,0.000000,0.000000,0.712380,0,0,0,0,0,0,0
58,589999,88,580000,72,150000,40,9999,0.100000,0,0,0.000000,6,0.000000,0.000000,0.296449,0,0,0,0,0,0,0
58,589999,89,580000,72,70000,40,9999,0.100000,0,0,0.000000,6,0.000000,0.000000,0.074489,0,0,0,0,0,0,0
58,589999,90,580000,0,60000,40,9999,0.100000,0,0,0.000000,6,0.000000,0.000000,0.587553,0,0,0,0,0,0,0
58,589999,91,580000,72,70000,40,9999,0.100000,0,0,0.000000,6,0.000000,0.000000,3.774164,0,0,0,0,0,0,0
58,589999,92,580000,72,70000,40,9999,0.100000,0,0,0.000000,6,0.000000,0.000000,0.067850,0,0,0,0,0,0,0
58,589999,93,580000,72,70000,40,9999,0.100000,0,0,0.000000,6,0.000000,0.000000,0.097930,0,0,0,0,0,0,0
58,589999,94,580000,0,60000,40,9999,0.100000,0,0,0.000000,6,0.000000,0.000000,0.479496,0,0,0,0,0,0,0
58,589999,95,580000,72,70000,40,9999,0.100000,0,0,0.000000,6,0.000000,0.000000,0.475242,0,0,0,0,0,0,0
58,589999,96,580000,72,150000,40,9999,0.100000,0,0,0.000000,6,0.000000,0.000000,0.532551,0,0,0,0,0,0,0
58,589999,97,580000,0,40000,40,9999,0.100000,0,0,0.000000,6,0.000000,0.000000,0.231177,0,0,0,0,0,0,0
58,589999,98,580000,20,0,40,9999,0.100000,0,0,0.000000,6,0.000000,0.000000,0.135059,0,0,0,0,0,0,0
58,589999,99,580000,0,40000,40,9999,0.100000,0,0,0.000000,6,0.000000,0.000000,0.368574,0,0,0,0,0,0,0
59,599999,0,590000,20,0,40,9999,0.100000,0,0,0.000000,6,0.000000,0.000000,0.656496,0,0,0,0,0,0,0
59,599999,1,590000,4,10000,40,9999,0.100000,0,0,0.000000,6,0.000000,0.000000,0.087051,0,0,0,0,0,0,0
59,599999,2,590000,0,60000,40,9999,0.100000,0,0,0.000000,6,0.000000,0.000000,0.108584,0,0,0,0,0,0,0
59,599999,3,590000,72,150000,40,9999,0.100000,0,0,0.000000,6,0.000000,0.000000,0.987030,0,0,0,0,0,0,0
59,599999,4,590000,20,0,40,9999,0.100000,0,0,0.000000,6,0.000000,0.000000,0.888601,0,0,0,0,0,0,0
59,599999,5,590000,72,70000,40,9999,0.100000,0,0,0.000000,6,0.000000,0.000000,0.471097,0,0,0,0,0,0,0
59,599999,6,590000,0,60000,40,9999,0.100000,0,0,0.000000,6,0.000000,0.000000,0.139396,0,0,0,0,0,0,0
59,599999,7,590000,0,40000,40,9999,0.100000,0,0,0.000000,6,0.000000,0.000000,0.645932,0,0,0,0,0,0,0
59,599999,8,590000,0,40000,40,9999,0.100000,0,0,0.000000,6,0.000000,0.000000,0.116990,0,0,0,0,0,0,0
59,599999,9,590000,20,0,40,9999,0.100000,0,0,0.000000,6,0.000000,0.000000,0.602090,0,0,0,0,0,0,0
59,599999,10,590000,0,60000,40,9999,0.100000,0,0,0.000000,6,0.000000,0.000000,0.802441,0,0,0,0,0,0,0
59,599999,11,590000,20,0,40,9999,0.100000,0,0,0.000000,6,0.000000,0.000000,0.143218,0,0,0,0,0,0,0
59,599999,12,590000,0,60000,40,9999,0.100000,0,0,0.000000,6,0.000000,0.000000,3.686410,0,0,0,0,0,0,0
59,599999,13,590000,20,0,40,9999,0.100000,0,0,0.000000,6,0.000000,0.000000,3.347845,0,0,0,0,0,0,0
59,599999,14,590000,0,40000,40,9999,0.100000,0,0,0.000000,6,0.000000,0.000000,0.592769,0,0,0,0,0,0,0
59,599999,15,590000,4,10000,40,9999,0.100000,0,0,0.000000,6,0.000000,0.000000,0.238973,0,0,0,0,0,0,0
59,599999,16,590000,0,60000,40,9999,0.100000,0,0,0.000000,6,0.000000,0.000000,0.094323,0,0,0,0,0,0,0
59,599999,17,590000,72,70000,40,9999,0.100000,0,0,0.000000,6,0.000000,0.000000,0.612523,0,0,0,0,0,0,0
59,599999,18,590000,20,0,40,9999,0.100000,0,0,0.000000,6,0.000000,0.000000,0.232702,0,0,0,0,0,0,0
59,599999,19,590000,0,60000,40,9999,0.100000,0,0,0.000000,6,0.000000,0.000000,0.231857,0,0,0,0,0,0,0
59,599999,20,590000,0,40000,40,9999,0.100000,0,0,0.000000,6,0.000000,0.000000,0.794171,0,0,0,0,0,0,0
59,599999,21,590000,0,60000,40,9999,0.100000,0,0,0.000000,6,0.000000,0.000000,5.023188,0,0,0,0,0,0,0
59,599999,22,590000,0,60000,40,9999,0.100000,0,0,0.000000,6,0.000000,0.000000,0.612544,0,0,0,0,0,0,0
59,599999,23,590000,20,0,40,9999,0.100000,0,0,0.000000,6,0.000000,0.000000,0.234463,0,0,0,0,0,0,0
59,599999,24,590000,0,60000,40,9999,0.100000,0,0,0.000000,6,0.000000,0.000000,0.271510,0,0,0,0,0,0,0
59,599999,25,590000,72,150000,40,9999,0.100000,0,0,0.000000,6,0.000000,0.000000,1.810898,0,0,0,0,0,0,0
59,599999,26,590000,72,150000,40,9999,0.100000,0,0,0.000000,6,0.000000,0.000000,0.393135,0,0,0,0,0,0,0
59,599999,27,590000,20,0,40,9999,0.100000,0,0,0.000000,6,0.000000,0.000000,0.378353,0,0,0,0,0,0,0
59,599999,28,590000,0,60000,40,9999,0.100000,0,0,0.000000,6,0.000000,0.000000,0.084599,0,0,0,0,0,0,0
59,599999,29,590000,72,70000,40,9999,0.100000,0,0,0.000000,6,0.000000,0.000000,2.634562,0,0,0,0,0,0,0
59,599999,30,590000,20,0,40,9999,0.100000,0,0,0.000000,6,0.000000,0.000000,0.931354,0,0,0,0,0,0,0
59,599999,31,590000,4,10000,40,9999,0.100000,0,0,0.000000,6,0.000000,0.000000,1.706270,0,0,0,0,0,0,0
59,599999,32,590000,20,0,40,9999,0.100000,0,0,0.000000,6,0.000000,0.000000,0.230366,0,0,0,0,0,0,0
59,599999,33,590000,72,150000,40,9999,0.100000,0,0,0.000000,6,0.000000,0.000000,0.609870,0,0,0,0,0,0,0
59,599999,34,590000,0,40000,40,9999,0.100000,0,0,0.000000,6,0.000000,0.000000,0.666141,0,0,0,0,0,0,0
59,599999,35,590000,72,150000,40,9999,0.100000,0,0,0.000000,6,0.000000,0.000000,0.254023,0,0,0,0,0,0,0
59,599999,36,590000,20,0,40,9999,0.100000,0,0,0.000000,6,0.000000,0.000000,6.216554,0,0,0,0,0,0,0
59,599999,37,590000,20,0,40,9999,0.100000,0,0,0.000000,6,0.000000,0.000000,0.162576,0,0,0,0,0,0,0
59,599999,38,590000,72,150000,40,9999,0.100000,0,0,0.000000,6,0.000000,0.000000,0.308418,0,0,0,0,0,0,0
59,599999,39,590000,0,60000,40,9999,0.100000,0,0,0.000000,6,0.000000,0.000000,0.088650,0,0,0,0,0,0,0
59,599999,40,590000,72,70000,40,9999,0.100000,0,0,0.000000,6,0.000000,0.000000,0.121163,0,0,0,0,0,0,0
59,599999,41,590000,4,10000,40,9999,0.100000,0,0,0.000000,6,0.000000,0.000000,0.097142,0,0,0,0,0,0,0
59,599999,42,590000,0,40000,40,9999,0.100000,0,0,0.000000,6,0.000000,0.000000,0.776268,0,0,0,0,0,0,0
59,599999,43,590000,20,0,40,9999,0.100000,0,0,0.000000,6,0.000000,0.000000,0.307506,0,0,0,0,0,0,0
59,599999,44,590000,72,70000,40,9999,0.100000,0,0,0.000000,6,0.000000,0.000000,0.237568,0,0,0,0,0,0,0
59,599999,45,590000,20,0,40,9999,0.100000,0,0,0.000000,6,0.000000,0.000000,0.235929,0,0,0,0,0,0,0
59,599999,46,590000,72,150000,40,9999,0.100000,0,0,0.000000,6,0.000000,0.000000,0.244975,0,0,0,0,0,0,0
59,599999,47,590000,4,10000,40,9999,0.100000,0,0,0.000000,6,0.000000,0.000000,0.162360,0,0,0,0,0,0,0
59,599999,48,590000,72,150000,40,9999,0.100000,0,0,0.000000,6,0.000000,0.000000,0.178062,0,0,0,0,0,0,0
59,599999,49,590000,0,60000,40,9999,0.100000,0,0,0.000000,6,0.000000,0.000000,0.599871,0,0,0,0,0,0,0
59,599999,50,590000,0,40000,40,9999,0.100000,0,0,0.000000,6,0.000000,0.000000,0.111336,0,0,0,0,0,0,0
59,599999,51,590000,0,40000,40,9999,0.100000,0,0,0.000000,6,0.000000,0.000000,0.677589,0,0,0,0,0,0,0
59,599999,52,590000,0,60000,40,9999,0.100000,0,0,0.000000,6,0.000000,0.000000,0.164415,0,0,0,0,0,0,0
59,599999,53,590000,4,10000,40,9999,0.100000,0,0,0.000000,6,0.000000,0.000000,0.129244,0,0,0,0,0,0,0
59,599999,54,590000,0,60000,40,9999,0.100000,0,0,0.000000,6,0.000000,0.000000,0.545623,0,0,0,0,0,0,0
59,599999,55,590000,72,70000,40,9999,0.100000,0,0,0.000000,6,0.000000,0.000000,0.307159,0,0,0,0,0,0,0
59,599999,56,590000,72,150000,40,9999,0.100000,0,0,0.000000,6,0.000000,0.000000,0.085573,0,0,0,0,0,0,0
59,599999,57,590000,20,0,40,9999,0.100000,0,0,0.000000,6,0.000000,0.000000,0.916631,0,0,0,0,0,0,0
59,599999,58,590000,4,10000,40,9999,0.100000,0,0,0.000000,6,0.000000,0.000000,1.193093,0,0,0,0,0,0,0
59,599999,59,590000,72,70000,40,9999,0.100000,0,0,0.000000,6,0.000000,0.000000,0.009672,0,0,0,0,0,0,0
59,599999,60,590000,4,10000,40,9999,0.100000,0,0,0.000000,6,0.000000,0.000000,0.101921,0,0,0,0,0,0,0
59,599999,61,590000,72,70000,40,9999,0.100000,0,0,0.000000,6,0.000000,0.000000,0.112458,0,0,0,0,0,0,0
59,599999,62,590000,72,150000,40,9999,0.100000,0,0,0.000000,6,0.000000,0.000000,0.701319,0,0,0,0,0,0,0
59,599999,63,590000,4,10000,40,9999,0.100000,0,0,0.000000,6,0.000000,0.000000,0.075566,0,0,0,0,0,0,0
59,599999,64,590000,0,40000,40,9999,0.100000,0,0,0.000000,6,0.000000,0.000000,0.351921,0,0,0,0,0,0,0
59,599999,65,590000,20,0,40,9999,0.100000,0,0,0.000000,6,0.000000,0.000000,0.228462,0,0,0,0,0,0,0
59,599999,66,590000,4,10000,40,9999,0.100000,0,0,0.000000,6,0.000000,0.000000,0.394387,0,0,0,0,0,0,0
59,599999,67,590000,72,150000,40,9999,0.100000,0,0,0.000000,6,0.000000,0.000000,0.202775,0,0,0,0,0,0,0
59,599999,68,590000,0,40000,40,9999,0.100000,0,0,0.000000,6,0.000000,0.000000,0.882341,0,0,0,0,0,0,0
59,599999,69,590000,72,70000,40,9999,0.100000,0,0,0.000000,6,0.000000,0.000000,0.969214,0,0,0,0,0,0,0
59,599999,70,590000,72,150000,40,9999,0.100000,0,0,0.000000,6,0.000000,0.000000,0.296777,0,0,0,0,0,0,0
59,599999,71,590000,0,60000,40,9999,0.100000,0,0,0.000000,6,0.000000,0.000000,0.187619,0,0,0,0,0,0,0
59,599999,72,590000,0,40000,40,9999,0.100000,0,0,0.000000,6,0.000000,0.000000,0.118959,0,0,0,0,0,0,0
59,599999,73,590000,4,10000,40,9999,0.100000,0,0,0.000000,6,0.000000,0.000000,0.572761,0,0,0,0,0,0,0
59,599999,74,590000,0,60000,40,9999,0.100000,0,0,0.000000,6,0.000000,0.000000,0.160212,0,0,0,0,0,0,0
59,599999,75,590000,72,150000,40,9999,0.100000,0,0,0.000000,6,0.000000,0.000000,0.097330,0,0,0,0,0,0,0
59,599999,76,590000,0,60000,40,9999,0.100000,0,0,0.000000,6,0.000000,0.000000,0.234650,0,0,0,0,0,0,0
59,599999,77,590000,0,60000,40,9999,0.100000,0,0,0.000000,6,0.000000,0.000000,0.179130,0,0,0,0,0,0,0
59,599999,78,590000,20,0,40,9999,0.100000,0,0,0.000000,6,0.000000,0.000000,0.139873,0,0,0,0,0,0,0
59,599999,79,590000,72,70000,40,9999,0.100000,0,0,0.000000,6,0.000000,0.000000,0.458966,0,0,0,0,0,0,0
59,599999,80,590000,0,60000,40,9999,0.100000,0,0,0.000000,6,0.000000,0.000000,0.093807,0,0,0,0,0,0,0
59,599999,81,590000,72,150000,40,9999,0.100000,0,0,0.000000,6,0.000000,0.000000,0.215198,0,0,0,0,0,0,0
59,599999,82,590000,0,60000,40,9999,0.100000,0,0,0.000000,6,0.000000,0.000000,0.608026,0,0,0,0,0,0,0
59,599999,83,590000,20,0,40,9999,0.100000,0,0,0.000000,6,0.000000,0.000000,0.090594,0,0,0,0,0,0,0
59,599999,84,590000,72,150000,40,9999,0.100000,0,0,0.000000,6,0.000000,0.000000,1.948102,0,0,0,0,0,0,0
59,599999,85,590000,0,60000,40,9999,0.100000,0,0,0.000000,6,0.000000,0.000000,0.274137,0,0,0,0,0,0,0
59,599999,86,590000,4,10000,40,9999,0.100000,0,0,0.000000,6,0.000000,0.000000,0.112203,0,0,0,0,0,0,0
59,599999,87,590000,0,60000,40,9999,0.100000,0,0,0.000000,6,0.000000,0.000000,0.668971,0,0,0,0,0,0,0
59,599999,88,590000,4,10000,40,9999,0.100000,0,0,0.000000,6,0.000000,0.000000,0.092915,0,0,0,0,0,0,0
59,599999,89,590000,72,70000,40,9999,0.100000,0,0,0.000000,6,0.000000,0.000000,0.074346,0,0,0,0,0,0,0
59,599999,90,590000,4,10000,40,9999,0.100000,0,0,0.000000,6,0.000000,0.000000,0.617078,0,0,0,0,0,0,0
59,599999,91,590000,72,150000,40,9999,0.100000,0,0,0.000000,6,0.000000,0.000000,3.808036,0,0,0,0,0,0,0
59,599999,92,590000,4,10000,40,9999,0.100000,0,0,0.000000,6,0.000000,0.000000,0.067410,0,0,0,0,0,0,0
59,599999,93,590000,4,10000,40,9999,0.100000,0,0,0.000000,6,0.000000,0.000000,0.098631,0,0,0,0,0,0,0
59,599999,94,590000,0,60000,40,9999,0.100000,0,0,0.000000,6,0.000000,0.000000,0.511033,0,0,0,0,0,0,0
59,599999,95,590000,20,0,40,9999,0.100000,0,0,0.000000,6,0.000000,0.000000,0.500118,0,0,0,0,0,0,0
59,599999,96,590000,4,10000,40,9999,0.100000,0,0,0.000000,6,0.000000,0.000000,0.574704,0,0,0,0,0,0,0
59,599999,97,590000,20,0,40,9999,0.100000,0,0,0.000000,6,0.000000,0.000000,0.232726,0,0,0,0,0,0,0
59,599999,98,590000,0,60000,40,9999,0.100000,0,0,0.000000,6,0.000000,0.000000,0.110359,0,0,0,0,0,0,0
59,599999,99,590000,20,0,40,9999,0.100000,0,0,0.000000,6,0.000000,0.000000,0.170999,0,0,0,0,0,0,0
60,609999,0,600000,0,60000,40,9999,0.100000,0,0,0.000000,6,0.000000,0.000000,2.092376,0,0,0,0,0,0,0
60,609999,1,600000,0,40000,40,9999,0.100000,0,0,0.000000,6,0.000000,0.000000,0.087035,0,0,0,0,0,0,0
60,609999,2,600000,0,40000,40,9999,0.100000,0,0,0.000000,6,0.000000,0.000000,0.104673,0,0,0,0,0,0,0
60,609999,3,600000,20,0,40,9999,0.100000,0,0,0.000000,6,0.000000,0.000000,1.120013,0,0,0,0,0,0,0
60,609999,4,600000,20,0,40,9999,0.100000,0,0,0.000000,6,0.000000,0.000000,0.982366,0,0,0,0,0,0,0
60,609999,5,600000,72,70000,40,9999,0.100000,0,0,0.000000,6,0.000000,0.000000,0.624728,0,0,0,0,0,0,0
60,609999,6,600000,72,70000,40,9999,0.100000,0,0,0.000000,6,0.000000,0.000000,0.137407,0,0,0,0,0,0,0
60,609999,7,600000,4,10000,40,9999,0.100000,0,0,0.000000,6,0.000000,0.000000,0.634498,0,0,0,0,0,0,0
60,609999,8,600000,72,70000,40,9999,0.100000,0,0,0.000000,6,0.000000,0.000000,0.091480,0,0,0,0,0,0,0
60,609999,9,600000,4,10000,40,9999,0.100000,0,0,0.000000,6,0.000000,0.000000,0.638049,0,0,0,0,0,0,0
60,609999,10,600000,0,60000,40,9999,0.100000,0,0,0.000000,6,0.000000,0.000000,1.255366,0,0,0,0,0,0,0
60,609999,11,600000,72,70000,40,9999,0.100000,0,0,0.000000,6,0.000000,0.000000,0.150873,0,0,0,0,0,0,0
60,609999,12,600000,0,40000,40,9999,0.100000,0,0,0.000000,6,0.000000,0.000000,1.202194,0,0,0,0,0,0,0
60,609999,13,600000,72,150000,40,9999,0.100000,0,0,0.000000,6,0.000000,0.000000,3.198972,0,0,0,0,0,0,0
60,609999,14,600000,0,60000,40,9999,0.100000,0,0,0.000000,6,0.000000,0.000000,0.607216,0,0,0,0,0,0,0
60,609999,15,600000,72,70000,40,9999,0.100000,0,0,0.000000,6,0.000000,0.000000,0.242353,0,0,0,0,0,0,0
60,609999,16,600000,0,60000,40,9999,0.100000,0,0,0.000000,6,0.000000,0.000000,0.093786,0,0,0,0,0,0,0
60,609999,17,600000,72,150000,40,9999,0.100000,0,0,0.000000,6,0.000000,0.000000,0.588817,0,0,0,0,0,0,0
60,609999,18,600000,20,0,40,9999,0.100000,0,0,0.000000,6,0.000000,0.000000,0.240075,0,0,0,0,0,0,0
60,609999,19,600000,4,10000,40,9999,0.100000,0,0,0.000000,6,0.000000,0.000000,0.233598,0,0,0,0,0,0,0
60,609999,20,600000,0,40000,40,9999,0.100000,0,0,0.000000,6,0.000000,0.000000,0.796113,0,0,0,0,0,0,0
60,609999,21,600000,72,150000,40,9999,0.100000,0,0,0.000000,6,0.000000,0.000000,3.589617,0,0,0,0,0,0,0
60,609999,22,600000,0,60000,40,9999,0.100000,0,0,0.000000,6,0.000000,0.000000,0.643473,0,0,0,0,0,0,0
60,609999,23,600000,72,70000,40,9999,0.100000,0,0,0.000000,6,0.000000,0.000000,0.229301,0,0,0,0,0,0,0
60,609999,24,600000,0,60000,40,9999,0.100000,0,0,0.000000,6,0.000000,0.000000,0.278896,0,0,0,0,0,0,0
60,609999,25,600000,4,10000,40,9999,0.100000,0,0,0.000000,6,0.000000,0.000000,1.879353,0,0,0,0,0,0,0
60,609999,26,600000,0,40000,40,9999,0.100000,0,0,0.000000,6,0.000000,0.000000,0.253763,0,0,0,0,0,0,0
60,609999,27,600000,0,60000,40,9999,0.100000,0,0,0.000000,6,0.000000,0.000000,0.120862,0,0,0,0,0,0,0
60,609999,28,600000,72,150000,40,9999,0.100000,0,0,0.000000,6,0.000000,0.000000,0.084679,0,0,0,0,0,0,0
60,609999,29,600000,72,70000,40,9999,0.100000,0,0,0.000000,6,0.000000,0.000000,3.437051,0,0,0,0,0,0,0
60,609999,30,600000,72,150000,40,9999,0.100000,0,0,0.000000,6,0.000000,0.000000,1.005927,0,0,0,0,0,0,0
60,609999,31,600000,4,10000,40,9999,0.100000,0,0,0.000000,6,0.000000,0.000000,3.953608,0,0,0,0,0,0,0
60,609999,32,600000,0,60000,40,9999,0.100000,0,0,0.000000,6,0.000000,0.000000,0.249324,0,0,0,0,0,0,0
60,609999,33,600000,20,0,40,9999,0.100000,0,0,0.000000,6,0.000000,0.000000,0.665263,0,0,0,0,0,0,0
60,609999,34,600000,72,150000,40,9999,0.100000,0,0,0.000000,6,0.000000,0.000000,0.555761,0,0,0,0,0,0,0
60,609999,35,600000,72,150000,40,9999,0.100000,0,0,0.000000,6,0.000000,0.000000,0.253246,0,0,0,0,0,0,0
60,609999,36,600000,4,10000,40,9999,0.100000,0,0,0.000000,6,0.000000,0.000000,6.227268,0,0,0,0,0,0,0
60,609999,37,600000,72,70000,40,9999,0.100000,0,0,0.000000,6,0.000000,0.000000,0.175649,0,0,0,0,0,0,0
60,609999,38,600000,72,150000,40,9999,0.100000,0,0,0.000000,6,0.000000,0.000000,0.203682,0,0,0,0,0,0,0
60,609999,39,600000,0,40000,40,9999,0.100000,0,0,0.000000,6,0.000000,0.000000,0.089312,0,0,0,0,0,0,0
60,609999,40,600000,4,10000,40,9999,0.100000,0,0,0.000000,6,0.000000,0.000000,0.154912,0,0,0,0,0,0,0
60,609999,41,600000,0,60000,40,9999,0.100000,0,0,0.000000,6,0.000000,0.000000,0.101310,0,0,0,0,0,0,0
60,609999,42,600000,72,150000,40,9999,0.100000,0,0,0.000000,6,0.000000,0.000000,0.601917,0,0,0,0,0,0,0
60,609999,43,600000,0,60000,40,9999,0.100000,0,0,0.000000,6,0.000000,0.000000,0.287964,0,0,0,0,0,0,0
60,609999,44,600000,0,60000,40,9999,0.100000,0,0,0.000000,6,0.000000,0.000000,0.237870,0,0,0,0,0,0,0
60,609999,45,600000,72,70000,40,9999,0.100000,0,0,0.000000,6,0.000000,0.000000,0.228642,0,0,0,0,0,0,0
60,609999,46,590000,72,150000,40,19999,0.100000,0,0,0.000000,6,0.000000,0.000000,0.244686,0,0,0,0,0,0,0
60,609999,47,600000,72,70000,40,9999,0.100000,0,0,0.000000,6,0.000000,0.000000,0.169672,0,0,0,0,0,0,0
60,609999,48,600000,72,150000,40,9999,0.065000,0,0,0.000000,6,0.000000,0.000000,0.176958,0,0,0,0,0,0,0
60,609999,49,600000,72,70000,40,9999,0.100000,0,0,0.000000,6,0.000000,0.000000,0.795984,0,0,0,0,0,0,0
60,609999,50,600000,20,0,40,9999,0.100000,0,0,0.000000,6,0.000000,0.000000,0.110561,0,0,0,0,0,0,0
60,609999,51,600000,20,0,40,9999,0.100000,0,0,0.000000,6,0.000000,0.000000,0.967363,0,0,0,0,0,0,0
60,609999,52,600000,0,60000,40,9999,0.100000,0,0,0.000000,6,0.000000,0.000000,0.173218,0,0,0,0,0,0,0
60,609999,53,600000,4,10000,40,9999,0.100000,0,0,0.000000,6,0.000000,0.000000,0.120124,0,0,0,0,0,0,0
60,609999,54,600000,0,60000,40,9999,0.100000,0,0,0.000000,6,0.000000,0.000000,0.565270,0,0,0,0,0,0,0
60,609999,55,600000,72,150000,40,9999,0.100000,0,0,0.000000,6,0.000000,0.000000,0.220587,0,0,0,0,0,0,0
60,609999,56,600000,20,0,40,9999,0.100000,0,0,0.000000,6,0.000000,0.000000,0.084552,0,0,0,0,0,0,0
60,609999,57,600000,72,70000,40,9999,0.100000,0,0,0.000000,6,0.000000,0.000000,1.530202,0,0,0,0,0,0,0
60,609999,58,600000,4,10000,40,9999,0.100000,0,0,0.000000,6,0.000000,0.000000,0.724193,0,0,0,0,0,0,0
60,609999,59,600000,20,0,49,9999,0.100000,0,0,0.000000,6,9.000000,0.000000,18.026759,0,0,0,0,0,0,0
60,609999,60,600000,20,0,40,9999,0.100000,0,0,0.000000,6,0.000000,0.000000,0.102192,0,0,0,0,0,0,0
60,609999,61,600000,4,10000,40,9999,0.100000,0,0,0.000000,6,0.000000,0.000000,0.112169,0,0,0,0,0,0,0
60,609999,62,600000,0,40000,49,9999,0.100000,0,0,0.000000,6,12.000000,0.000000,24.216225,0,0,0,0,0,0,0
60,609999,63,600000,0,40000,40,9999,0.100000,0,0,0.000000,6,0.000000,0.000000,0.075882,0,0,0,0,0,0,0
60,609999,64,600000,72,70000,40,9999,0.100000,0,0,0.000000,6,0.000000,0.000000,0.366681,0,0,0,0,0,0,0
60,609999,65,600000,72,70000,40,9999,0.100000,0,0,0.000000,6,0.000000,0.000000,0.228636,0,0,0,0,0,0,0
60,609999,66,600000,0,40000,40,9999,0.100000,0,0,0.000000,6,0.000000,0.000000,0.428772,0,0,0,0,0,0,0
60,609999,67,600000,0,40000,40,9999,0.100000,0,0,0.000000,6,0.000000,0.000000,0.198328,0,0,0,0,0,0,0
60,609999,68,600000,20,0,40,9999,0.100000,0,0,0.000000,6,0.000000,0.000000,0.994845,0,0,0,0,0,0,0
60,609999,69,600000,4,10000,40,9999,0.100000,0,0,0.000000,6,0.000000,0.000000,1.032516,0,0,0,0,0,0,0
60,609999,70,600000,0,60000,40,9999,0.100000,0,0,0.000000,6,0.000000,0.000000,0.306350,0,0,0,0,0,0,0
60,609999,71,600000,0,40000,40,9999,0.100000,0,0,0.000000,6,0.000000,0.000000,0.203011,0,0,0,0,0,0,0
60,609999,72,600000,0,60000,40,9999,0.100000,0,0,0.000000,6,0.000000,0.000000,0.165218,0,0,0,0,0,0,0
60,609999,73,600000,20,0,40,9999,0.100000,0,0,0.000000,6,0.000000,0.000000,0.607316,0,0,0,0,0,0,0
60,609999,74,600000,0,60000,40,9999,0.100000,0,0,0.000000,6,0.000000,0.000000,0.159465,0,0,0,0,0,0,0
60,609999,75,600000,20,0,40,9999,0.100000,0,0,0.000000,6,0.000000,0.000000,0.096773,0,0,0,0,0,0,0
60,609999,76,600000,0,40000,40,9999,0.100000,0,0,0.000000,6,0.000000,0.000000,0.233439,0,0,0,0,0,0,0
60,609999,77,600000,20,0,40,9999,0.100000,0,0,0.000000,6,0.000000,0.000000,0.177744,0,0,0,0,0,0,0
60,609999,78,600000,0,40000,40,9999,0.100000,0,0,0.000000,6,0.000000,0.000000,0.134417,0,0,0,0,0,0,0
60,609999,79,600000,72,70000,40,9999,0.100000,0,0,0.000000,6,0.000000,0.000000,0.450098,0,0,0,0,0,0,0
60,609999,80,600000,72,70000,40,9999,0.100000,0,0,0.000000,6,0.000000,0.000000,0.093183,0,0,0,0,0,0,0
60,609999,81,600000,20,0,40,9999,0.100000,0,0,0.000000,6,0.000000,0.000000,0.225334,0,0,0,0,0,0,0
60,609999,82,600000,0,40000,40,9999,0.100000,0,0,0.000000,6,0.000000,0.000000,0.522274,0,0,0,0,0,0,0
60,609999,83,600000,0,40000,49,9999,0.100000,0,0,0.000000,6,6.000000,0.000000,14.868333,0,0,0,0,0,0,0
60,609999,84,600000,4,10000,40,9999,0.100000,0,0,0.000000,6,0.000000,0.000000,3.374132,0,0,0,0,0,0,0
60,609999,85,600000,20,0,40,9999,0.100000,0,0,0.000000,6,0.000000,0.000000,0.257044,0,0,0,0,0,0,0
60,609999,86,600000,0,60000,40,9999,0.100000,0,0,0.000000,6,0.000000,0.000000,0.112175,0,0,0,0,0,0,0
60,609999,87,600000,0,60000,40,9999,0.100000,0,0,0.000000,6,0.000000,0.000000,0.511606,0,0,0,0,0,0,0
60,609999,88,600000,20,0,40,9999,0.100000,0,0,0.000000,6,0.000000,0.000000,0.082353,0,0,0,0,0,0,0
60,609999,89,600000,0,60000,40,9999,0.100000,0,0,0.000000,6,0.000000,0.000000,0.073486,0,0,0,0,0,0,0
60,609999,90,600000,0,40000,40,9999,0.100000,0,0,0.000000,6,0.000000,0.000000,0.758328,0,0,0,0,0,0,0
60,609999,91,600000,72,150000,40,9999,0.100000,0,0,0.000000,6,0.000000,0.000000,4.370731,0,0,0,0,0,0,0
60,609999,92,600000,4,10000,40,9999,0.100000,0,0,0.000000,6,0.000000,0.000000,0.067587,0,0,0,0,0,0,0
60,609999,93,600000,4,10000,40,9999,0.100000,0,0,0.000000,6,0.000000,0.000000,0.097067,0,0,0,0,0,0,0
60,609999,94,600000,0,60000,40,9999,0.100000,0,0,0.000000,6,0.000000,0.000000,0.507860,0,0,0,0,0,0,0
60,609999,95,600000,4,10000,40,9999,0.100000,0,0,0.000000,6,0.000000,0.000000,0.524324,0,0,0,0,0,0,0
60,609999,96,600000,4,10000,40,9999,0.100000,0,0,0.000000,6,0.000000,0.000000,0.543689,0,0,0,0,0,0,0
60,609999,97,600000,72,150000,40,9999,0.100000,0,0,0.000000,6,0.000000,0.000000,0.230989,0,0,0,0,0,0,0
60,609999,98,600000,4,10000,40,9999,0.100000,0,0,0.000000,6,0.000000,0.000000,0.128310,0,0,0,0,0,0,0
60,609999,99,600000,0,60000,40,9999,0.100000,0,0,0.000000,6,0.000000,0.000000,0.161071,0,0,0,0,0,0,0
61,619999,0,610000,0,40000,40,9999,0.100000,0,0,0.000000,6,0.000000,0.000000,2.749091,0,0,0,0,0,0,0
61,619999,1,610000,0,40000,40,9999,0.100000,0,0,0.000000,6,0.000000,0.000000,0.086277,0,0,0,0,0,0,0
61,619999,2,610000,4,10000,40,9999,0.100000,0,0,0.000000,6,0.000000,0.000000,0.102246,0,0,0,0,0,0,0
61,619999,3,610000,72,70000,49,9999,0.100000,0,0,0.000000,6,2.000000,0.000000,6.620569,0,0,0,0,0,0,0
61,619999,4,610000,4,10000,40,9999,0.100000,0,0,0.000000,6,0.000000,0.000000,0.775201,0,0,0,0,0,0,0
61,619999,5,610000,4,10000,40,9999,0.100000,0,0,0.000000,6,0.000000,0.000000,0.581268,0,0,0,0,0,0,0
61,619999,6,610000,0,60000,40,9999,0.100000,0,0,0.000000,6,0.000000,0.000000,0.136626,0,0,0,0,0,0,0
61,619999,7,610000,0,60000,40,9999,0.100000,0,0,0.000000,6,0.000000,0.000000,0.949492,0,0,0,0,0,0,0
61,619999,8,610000,0,40000,40,9999,0.100000,0,0,0.000000,6,0.000000,0.000000,0.090543,0,0,0,0,0,0,0
61,619999,9,610000,0,60000,49,9999,0.100000,0,0,0.000000,6,1.000000,0.000000,1.517188,0,0,0,0,0,0,0
61,619999,10,610000,72,150000,40,9999,0.100000,0,0,0.000000,6,0.000000,0.000000,0.740233,0,0,0,0,0,0,0
61,619999,11,610000,72,150000,40,9999,0.100000,0,0,0.000000,6,0.000000,0.000000,0.142471,0,0,0,0,0,0,0
61,619999,12,610000,0,40000,40,9999,0.100000,0,0,0.000000,6,0.000000,0.000000,1.139096,0,0,0,0,0,0,0
61,619999,13,610000,72,150000,40,9999,0.100000,0,0,0.000000,6,0.000000,0.000000,2.407641,0,0,0,0,0,0,0
61,619999,14,610000,72,150000,49,9999,0.100000,0,0,0.000000,6,1.000000,0.000000,1.528702,0,0,0,0,0,0,0
61,619999,15,610000,72,150000,40,9999,0.100000,0,0,0.000000,6,0.000000,0.000000,0.240110,0,0,0,0,0,0,0
61,619999,16,610000,72,70000,40,9999,0.100000,0,0,0.000000,6,0.000000,0.000000,0.097609,0,0,0,0,0,0,0
61,619999,17,610000,0,40000,40,9999,0.100000,0,0,0.000000,6,0.000000,0.000000,0.607174,0,0,0,0,0,0,0
61,619999,18,610000,0,40000,40,9999,0.100000,0,0,0.000000,6,0.000000,0.000000,0.233034,0,0,0,0,0,0,0
61,619999,19,610000,4,10000,40,9999,0.100000,0,0,0.000000,6,0.000000,0.000000,0.230059,0,0,0,0,0,0,0
61,619999,20,610000,72,150000,49,9999,0.100000,0,0,0.000000,6,1.000000,0.000000,1.541572,0,0,0,0,0,0,0
61,619999,21,610000,72,150000,40,9999,0.100000,0,0,0.000000,6,0.000000,0.000000,1.666632,0,0,0,0,0,0,0
61,619999,22,610000,4,10000,49,9999,0.100000,0,0,0.000000,6,1.000000,0.000000,1.513005,0,0,0,0,0,0,0
61,619999,23,610000,0,60000,40,9999,0.100000,0,0,0.000000,6,0.000000,0.000000,0.218828,0,0,0,0,0,0,0
61,619999,24,610000,72,150000,40,9999,0.100000,0,0,0.000000,6,0.000000,0.000000,0.298726,0,0,0,0,0,0,0
61,619999,25,610000,72,150000,40,9999,0.100000,0,0,0.000000,6,0.000000,0.000000,1.841338,0,0,0,0,0,0,0
61,619999,26,610000,72,70000,40,9999,0.100000,0,0,0.000000,6,0.000000,0.000000,0.152307,0,0,0,0,0,0,0
61,619999,27,610000,20,0,40,9999,0.100000,0,0,0.000000,6,0.000000,0.000000,0.132778,0,0,0,0,0,0,0
61,619999,28,610000,0,60000,40,9999,0.100000,0,0,0.000000,6,0.000000,0.000000,0.084215,0,0,0,0,0,0,0
61,619999,29,610000,20,0,40,9999,0.100000,0,0,0.000000,6,0.000000,0.000000,1.498196,0,0,0,0,0,0,0
61,619999,30,610000,0,60000,40,9999,0.100000,0,0,0.000000,6,0.000000,0.000000,0.998737,0,0,0,0,0,0,0
61,619999,31,610000,20,0,40,9999,0.100000,0,0,0.000000,6,0.000000,0.000000,2.836454,0,0,0,0,0,0,0
61,619999,32,610000,20,0,40,9999,0.100000,0,0,0.000000,6,0.000000,0.000000,0.241748,0,0,0,0,0,0,0
61,619999,33,610000,20,0,49,9999,0.100000,0,0,0.000000,6,1.000000,0.000000,1.494805,0,0,0,0,0,0,0
61,619999,34,610000,72,70000,40,9999,0.100000,0,0,0.000000,6,0.000000,0.000000,0.590783,0,0,0,0,0,0,0
61,619999,35,610000,72,150000,40,9999,0.100000,0,0,0.000000,6,0.000000,0.000000,0.246589,0,0,0,0,0,0,0
61,619999,36,610000,72,70000,40,9999,0.100000,0,0,0.000000,6,0.000000,0.000000,6.277213,0,0,0,0,0,0,0
61,619999,37,610000,20,0,40,9999,0.100000,0,0,0.000000,6,0.000000,0.000000,0.196737,0,0,0,0,0,0,0
61,619999,38,610000,20,0,40,9999,0.100000,0,0,0.000000,6,0.000000,0.000000,0.275026,0,0,0,0,0,0,0
61,619999,39,610000,0,60000,40,9999,0.100000,0,0,0.000000,6,0.000000,0.000000,0.087624,0,0,0,0,0,0,0
61,619999,40,610000,72,150000,40,9999,0.100000,0,0,0.000000,6,0.000000,0.000000,0.226051,0,0,0,0,0,0,0
61,619999,41,610000,72,150000,40,9999,0.100000,0,0,0.000000,6,0.000000,0.000000,0.098721,0,0,0,0,0,0,0
61,619999,42,610000,0,40000,49,9999,0.100000,0,0,0.000000,6,1.000000,0.000000,1.542841,0,0,0,0,0,0,0
61,619999,43,610000,0,60000,40,9999,0.100000,0,0,0.000000,6,0.000000,0.000000,0.260989,0,0,0,0,0,0,0
61,619999,44,610000,72,70000,40,9999,0.100000,0,0,0.000000,6,0.000000,0.000000,0.235928,0,0,0,0,0,0,0
61,619999,45,610000,20,0,40,9999,0.100000,0,0,0.000000,6,0.000000,0.000000,0.237456,0,0,0,0,0,0,0
61,619999,46,610000,20,0,40,9999,0.100000,0,0,0.000000,6,0.000000,0.000000,0.240251,0,0,0,0,0,0,0
61,619999,47,610000,20,0,40,9999,0.100000,0,0,0.000000,6,0.000000,0.000000,0.167959,0,0,0,0,0,0,0
61,619999,48,610000,0,60000,40,9999,0.100000,0,0,0.000000,6,0.000000,0.000000,0.178157,0,0,0,0,0,0,0
61,619999,49,610000,4,10000,40,9999,0.100000,0,0,0.000000,6,0.000000,0.000000,0.720922,0,0,0,0,0,0,0
61,619999,50,610000,20,0,40,9999,0.100000,0,0,0.000000,6,0.000000,0.000000,0.110433,0,0,0,0,0,0,0
61,619999,51,610000,0,40000,40,9999,0.100000,0,0,0.000000,6,0.000000,0.000000,0.444282,0,0,0,0,0,0,0
61,619999,52,610000,72,70000,49,9999,0.100000,0,0,0.000000,6,7.000000,0.000000,28.239005,0,0,0,0,0,0,0
61,619999,53,610000,4,10000,40,9999,0.100000,0,0,0.000000,6,0.000000,0.000000,0.114867,0,0,0,0,0,0,0
61,619999,54,610000,0,60000,40,9999,0.100000,0,0,0.000000,6,0.000000,0.000000,0.474330,0,0,0,0,0,0,0
61,619999,55,610000,72,70000,40,9999,0.100000,0,0,0.000000,6,0.000000,0.000000,0.145949,0,0,0,0,0,0,0
61,619999,56,610000,72,70000,40,9999,0.100000,0,0,0.000000,6,0.000000,0.000000,0.085259,0,0,0,0,0,0,0
61,619999,57,610000,0,60000,40,9999,0.100000,0,0,0.000000,6,0.000000,0.000000,1.084521,0,0,0,0,0,0,0
61,619999,58,610000,0,40000,40,9999,0.100000,0,0,0.000000,6,0.000000,0.000000,0.355679,0,0,0,0,0,0,0
61,619999,59,610000,72,70000,40,9999,0.100000,0,0,0.000000,6,0.000000,0.000000,0.650320,0,0,0,0,0,0,0
61,619999,60,610000,0,60000,40,9999,0.100000,0,0,0.000000,6,0.000000,0.000000,0.104373,0,0,0,0,0,0,0
61,619999,61,610000,0,60000,40,9999,0.100000,0,0,0.000000,6,0.000000,0.000000,0.103873,0,0,0,0,0,0,0
61,619999,62,610000,0,40000,40,9999,0.100000,0,0,0.000000,6,0.000000,0.000000,0.009388,0,0,0,0,0,0,0
61,619999,63,610000,72,150000,40,9999,0.100000,0,0,0.000000,6,0.000000,0.000000,0.076359,0,0,0,0,0,0,0
61,619999,64,610000,72,70000,40,9999,0.100000,0,0,0.000000,6,0.000000,0.000000,0.476548,0,0,0,0,0,0,0
61,619999,65,610000,20,0,40,9999,0.100000,0,0,0.000000,6,0.000000,0.000000,0.224002,0,0,0,0,0,0,0
61,619999,66,610000,72,150000,40,9999,0.100000,0,0,0.000000,6,0.000000,0.000000,0.807689,0,0,0,0,0,0,0
61,619999,67,610000,72,150000,49,9999,0.100000,0,0,0.000000,6,5.000000,0.000000,11.600718,0,0,0,0,0,0,0
61,619999,68,610000,72,150000,40,9999,0.100000,0,0,0.000000,6,0.000000,0.000000,1.053757,0,0,0,0,0,0,0
61,619999,69,610000,0,40000,49,9999,0.100000,0,0,0.000000,6,2.000000,0.000000,6.982824,0,0,0,0,0,0,0
61,619999,70,610000,72,150000,40,9999,0.100000,0,0,0.000000,6,0.000000,0.000000,0.490290,0,0,0,0,0,0,0
61,619999,71,610000,72,70000,40,9999,0.100000,0,0,0.000000,6,0.000000,0.000000,0.180111,0,0,0,0,0,0,0
61,619999,72,610000,4,10000,40,9999,0.100000,0,0,0.000000,6,0.000000,0.000000,0.104799,0,0,0,0,0,0,0
61,619999,73,610000,0,60000,40,9999,0.100000,0,0,0.000000,6,0.000000,0.000000,0.629868,0,0,0,0,0,0,0
61,619999,74,610000,72,70000,40,9999,0.100000,0,0,0.000000,6,0.000000,0.000000,0.158737,0,0,0,0,0,0,0
61,619999,75,610000,72,150000,40,9999,0.100000,0,0,0.000000,6,0.000000,0.000000,0.096722,0,0,0,0,0,0,0
61,619999,76,610000,20,0,40,9999,0.100000,0,0,0.000000,6,0.000000,0.000000,0.235741,0,0,0,0,0,0,0
61,619999,77,610000,4,10000,49,9999,0.100000,0,0,0.000000,6,6.000000,0.000000,12.513609,0,0,0,0,0,0,0
61,619999,78,610000,72,150000,40,9999,0.100000,0,0,0.000000,6,0.000000,0.000000,0.140243,0,0,0,0,0,0,0
61,619999,79,610000,0,40000,40,9999,0.100000,0,0,0.000000,6,0.000000,0.000000,0.434952,0,0,0,0,0,0,0
61,619999,80,610000,4,10000,40,9999,0.100000,0,0,0.000000,6,0.000000,0.000000,0.091141,0,0,0,0,0,0,0
61,619999,81,610000,0,40000,40,9999,0.100000,0,0,0.000000,6,0.000000,0.000000,0.231404,0,0,0,0,0,0,0
61,619999,82,610000,4,10000,40,9999,0.100000,0,0,0.000000,6,0.000000,0.000000,0.555833,0,0,0,0,0,0,0
61,619999,83,610000,72,70000,40,9999,0.100000,0,0,0.000000,6,0.000000,0.000000,0.089182,0,0,0,0,0,0,0
61,619999,84,610000,72,70000,40,9999,0.100000,0,0,0.000000,6,0.000000,0.000000,1.395356,0,0,0,0,0,0,0
61,619999,85,610000,72,70000,40,9999,0.100000,0,0,0.000000,6,0.000000,0.000000,0.239320,0,0,0,0,0,0,0
61,619999,86,610000,0,60000,40,9999,0.100000,0,0,0.000000,6,0.000000,0.000000,0.109314,0,0,0,0,0,0,0
61,619999,87,610000,72,150000,40,9999,0.100000,0,0,0.000000,6,0.000000,0.000000,0.264738,0,0,0,0,0,0,0
61,619999,88,610000,72,150000,40,9999,0.100000,0,0,0.000000,6,0.000000,0.000000,0.081996,0,0,0,0,0,0,0
61,619999,89,610000,4,10000,40,9999,0.100000,0,0,0.000000,6,0.000000,0.000000,0.072830,0,0,0,0,0,0,0
61,619999,90,610000,0,60000,40,9999,0.100000,0,0,0.000000,6,0.000000,0.000000,1.315768,0,0,0,0,0,0,0
61,619999,91,610000,20,0,40,9999,0.100000,0,0,0.000000,6,0.000000,0.000000,4.752316,0,0,0,0,0,0,0
61,619999,92,610000,4,10000,40,9999,0.100000,0,0,0.000000,6,0.000000,0.000000,0.067189,0,0,0,0,0,0,0
61,619999,93,610000,72,150000,40,9999,0.100000,0,0,0.000000,6,0.000000,0.000000,0.097849,0,0,0,0,0,0,0
61,619999,94,610000,4,10000,49,9999,0.100000,0,0,0.000000,6,1.000000,0.000000,1.471316,0,0,0,0,0,0,0
61,619999,95,610000,72,70000,40,9999,0.100000,0,0,0.000000,6,0.000000,0.000000,0.530371,0,0,0,0,0,0,0
61,619999,96,610000,72,150000,40,9999,0.100000,0,0,0.000000,6,0.000000,0.000000,0.533272,0,0,0,0,0,0,0
61,619999,97,610000,72,70000,40,9999,0.100000,0,0,0.000000,6,0.000000,0.000000,0.218840,0,0,0,0,0,0,0
61,619999,98,610000,72,70000,40,9999,0.100000,0,0,0.000000,6,0.000000,0.000000,0.116152,0,0,0,0,0,0,0
61,619999,99,610000,0,60000,40,9999,0.100000,0,0,0.000000,6,0.000000,0.000000,0.228918,0,0,0,0,0,0,0
62,629999,0,620000,0,60000,40,9999,0.100000,0,0,0.000000,6,0.000000,0.000000,2.542270,0,0,0,0,0,0,0
62,629999,1,620000,20,0,40,9999,0.100000,0,0,0.000000,6,0.000000,0.000000,0.087014,0,0,0,0,0,0,0
62,629999,2,620000,4,10000,40,9999,0.100000,0,0,0.000000,6,0.000000,0.000000,0.106651,0,0,0,0,0,0,0
62,629999,3,620000,72,70000,49,9999,0.100000,0,0,0.000000,6,2.000000,0.000000,3.644530,0,0,0,0,0,0,0
62,629999,4,620000,72,150000,40,9999,0.100000,0,0,0.000000,6,0.000000,0.000000,1.136011,0,0,0,0,0,0,0
62,629999,5,620000,4,10000,40,9999,0.100000,0,0,0.000000,6,0.000000,0.000000,0.314026,0,0,0,0,0,0,0
62,629999,6,620000,20,0,40,9999,0.100000,0,0,0.000000,6,0.000000,0.000000,0.149124,0,0,0,0,0,0,0
62,629999,7,620000,0,60000,40,9999,0.100000,0,0,0.000000,6,0.000000,0.000000,1.039259,0,0,0,0,0,0,0
62,629999,8,620000,20,0,40,9999,0.100000,0,0,0.000000,6,0.000000,0.000000,0.093313,0,0,0,0,0,0,0
62,629999,9,620000,72,150000,40,9999,0.100000,0,0,0.000000,6,0.000000,0.000000,0.878246,0,0,0,0,0,0,0
62,629999,10,620000,72,150000,40,9999,0.100000,0,0,0.000000,6,0.000000,0.000000,1.033528,0,0,0,0,0,0,0
62,629999,11,620000,0,60000,40,9999,0.100000,0,0,0.000000,6,0.000000,0.000000,0.149871,0,0,0,0,0,0,0
62,629999,12,620000,20,0,40,9999,0.100000,0,0,0.000000,6,0.000000,0.000000,0.482155,0,0,0,0,0,0,0
62,629999,13,620000,72,150000,40,9999,0.100000,0,0,0.000000,6,0.000000,0.000000,1.956272,0,0,0,0,0,0,0
62,629999,14,620000,72,150000,40,9999,0.100000,0,0,0.000000,6,0.000000,0.000000,1.029124,0,0,0,0,0,0,0
62,629999,15,620000,72,150000,40,9999,0.100000,0,0,0.000000,6,0.000000,0.000000,0.246313,0,0,0,0,0,0,0
62,629999,16,620000,20,0,40,9999,0.100000,0,0,0.000000,6,0.000000,0.000000,0.102418,0,0,0,0,0,0,0
62,629999,17,620000,20,0,40,9999,0.100000,0,0,0.000000,6,0.000000,0.000000,0.499101,0,0,0,0,0,0,0
62,629999,18,620000,0,40000,40,9999,0.100000,0,0,0.000000,6,0.000000,0.000000,0.220829,0,0,0,0,0,0,0
62,629999,19,620000,72,70000,40,9999,0.100000,0,0,0.000000,6,0.000000,0.000000,0.232907,0,0,0,0,0,0,0
62,629999,20,620000,0,40000,40,9999,0.100000,0,0,0.000000,6,0.000000,0.000000,0.791495,0,0,0,0,0,0,0
62,629999,21,620000,0,40000,40,9999,0.100000,0,0,0.000000,6,0.000000,0.000000,2.329901,0,0,0,0,0,0,0
62,629999,22,620000,4,10000,40,9999,0.100000,0,0,0.000000,6,0.000000,0.000000,9.840910,0,0,0,0,0,0,0
62,629999,23,620000,0,40000,40,9999,0.100000,0,0,0.000000,6,0.000000,0.000000,0.212707,0,0,0,0,0,0,0
62,629999,24,620000,0,40000,40,9999,0.100000,0,0,0.000000,6,0.000000,0.000000,0.302389,0,0,0,0,0,0,0
62,629999,25,620000,72,70000,40,9999,0.100000,0,0,0.000000,6,0.000000,0.000000,1.820931,0,0,0,0,0,0,0
62,629999,26,620000,0,60000,40,9999,0.100000,0,0,0.000000,6,0.000000,0.000000,0.159898,0,0,0,0,0,0,0
62,629999,27,620000,0,60000,40,9999,0.100000,0,0,0.000000,6,0.000000,0.000000,0.809818,0,0,0,0,0,0,0
62,629999,28,620000,4,10000,40,9999,0.100000,0,0,0.000000,6,0.000000,0.000000,0.133143,0,0,0,0,0,0,0
62,629999,29,620000,72,150000,40,9999,0.100000,0,0,0.000000,6,0.000000,0.000000,0.365163,0,0,0,0,0,0,0
62,629999,30,620000,0,40000,40,9999,0.100000,0,0,0.000000,6,0.000000,0.000000,0.975171,0,0,0,0,0,0,0
62,629999,31,620000,0,60000,40,9999,0.100000,0,0,0.000000,6,0.000000,0.000000,0.848742,0,0,0,0,0,0,0
62,629999,32,620000,20,0,40,9999,0.100000,0,0,0.000000,6,0.000000,0.000000,0.227527,0,0,0,0,0,0,0
62,629999,33,620000,0,40000,40,9999,0.100000,0,0,0.000000,6,0.000000,0.000000,1.087481,0,0,0,0,0,0,0
62,629999,34,620000,0,60000,40,9999,0.100000,0,0,0.000000,6,0.000000,0.000000,0.646273,0,0,0,0,0,0,0
62,629999,35,620000,20,0,40,9999,0.100000,0,0,0.000000,6,0.000000,0.000000,0.254179,0,0,0,0,0,0,0
62,629999,36,620000,0,40000,40,9999,0.100000,0,0,0.000000,6,0.000000,0.000000,6.068448,0,0,0,0,0,0,0
62,629999,37,620000,0,60000,40,9999,0.100000,0,0,0.000000,6,0.000000,0.000000,0.144349,0,0,0,0,0,0,0
62,629999,38,620000,0,60000,40,9999,0.100000,0,0,0.000000,6,0.000000,0.000000,0.371655,0,0,0,0,0,0,0
62,629999,39,620000,72,70000,40,9999,0.100000,0,0,0.000000,6,0.000000,0.000000,0.089402,0,0,0,0,0,0,0
62,629999,40,620000,20,0,40,9999,0.100000,0,0,0.000000,6,0.000000,0.000000,0.203567,0,0,0,0,0,0,0
62,629999,41,620000,0,40000,40,9999,0.100000,0,0,0.000000,6,0.000000,0.000000,0.090465,0,0,0,0,0,0,0
62,629999,42,620000,72,150000,40,9999,0.100000,0,0,0.000000,6,0.000000,0.000000,2.133196,0,0,0,0,0,0,0
62,629999,43,620000,4,10000,40,9999,0.100000,0,0,0.000000,6,0.000000,0.000000,0.176389,0,0,0,0,0,0,0
62,629999,44,620000,4,10000,40,9999,0.100000,0,0,0.000000,6,0.000000,0.000000,0.244606,0,0,0,0,0,0,0
62,629999,45,620000,72,150000,40,9999,0.100000,0,0,0.000000,6,0.000000,0.000000,0.241214,0,0,0,0,0,0,0
62,629999,46,620000,0,60000,40,9999,0.100000,0,0,0.000000,6,0.000000,0.000000,0.239861,0,0,0,0,0,0,0
62,629999,47,620000,0,40000,40,9999,0.100000,0,0,0.000000,6,0.000000,0.000000,0.165040,0,0,0,0,0,0,0
62,629999,48,620000,4,10000,40,9999,0.100000,0,0,0.000000,6,0.000000,0.000000,0.184809,0,0,0,0,0,0,0
62,629999,49,620000,4,10000,40,9999,0.100000,0,0,0.000000,6,0.000000,0.000000,1.561673,0,0,0,0,0,0,0
62,629999,50,620000,72,150000,40,9999,0.100000,0,0,0.000000,6,0.000000,0.000000,0.110195,0,0,0,0,0,0,0
62,629999,51,620000,0,40000,40,9999,0.100000,0,0,0.000000,6,0.000000,0.000000,0.284156,0,0,0,0,0,0,0
62,629999,52,620000,72,150000,40,9999,0.100000,0,0,0.000000,6,0.000000,0.000000,0.166825,0,0,0,0,0,0,0
62,629999,53,620000,4,10000,40,9999,0.100000,0,0,0.000000,6,0.000000,0.000000,0.112446,0,0,0,0,0,0,0
62,629999,54,620000,0,60000,40,9999,0.100000,0,0,0.000000,6,0.000000,0.000000,0.396633,0,0,0,0,0,0,0
62,629999,55,620000,72,150000,40,9999,0.100000,0,0,0.000000,6,0.000000,0.000000,0.147279,0,0,0,0,0,0,0
62,629999,56,620000,20,0,40,9999,0.100000,0,0,0.000000,6,0.000000,0.000000,0.086018,0,0,0,0,0,0,0
62,629999,57,620000,4,10000,49,9999,0.100000,0,0,0.000000,6,2.000000,0.000000,6.131248,0,0,0,0,0,0,0
62,629999,58,620000,4,10000,40,9999,0.100000,0,0,0.000000,6,0.000000,0.000000,0.358251,0,0,0,0,0,0,0
62,629999,59,620000,4,10000,49,9999,0.100000,0,0,0.000000,6,14.000000,0.000000,14.584841,0,0,0,0,0,0,0
62,629999,60,620000,72,70000,40,9999,0.100000,0,0,0.000000,6,0.000000,0.000000,0.110861,0,0,0,0,0,0,0
62,629999,61,620000,20,0,40,9999,0.100000,0,0,0.000000,6,0.000000,0.000000,0.103866,0,0,0,0,0,0,0
62,629999,62,620000,0,60000,40,9999,0.100000,0,0,0.000000,6,0.000000,0.000000,0.009430,0,0,0,0,0,0,0
62,629999,63,620000,4,10000,40,9999,0.100000,0,0,0.000000,6,0.000000,0.000000,0.076027,0,0,0,0,0,0,0
62,629999,64,620000,0,60000,40,9999,0.100000,0,0,0.000000,6,0.000000,0.000000,0.577578,0,0,0,0,0,0,0
62,629999,65,620000,20,0,40,9999,0.100000,0,0,0.000000,6,0.000000,0.000000,0.236156,0,0,0,0,0,0,0
62,629999,66,620000,0,60000,40,9999,0.100000,0,0,0.000000,6,0.000000,0.000000,0.903285,0,0,0,0,0,0,0
62,629999,67,620000,72,150000,40,9999,0.100000,0,0,0.000000,6,0.000000,0.000000,0.192257,0,0,0,0,0,0,0
62,629999,68,620000,72,150000,40,9999,0.100000,0,0,0.000000,6,0.000000,0.000000,1.054218,0,0,0,0,0,0,0
62,629999,69,620000,0,60000,49,9999,0.100000,0,0,0.000000,6,2.000000,0.000000,3.393629,0,0,0,0,0,0,0
62,629999,70,620000,72,70000,40,9999,0.100000,0,0,0.000000,6,0.000000,0.000000,0.161416,0,0,0,0,0,0,0
62,629999,71,620000,72,70000,40,9999,0.100000,0,0,0.000000,6,0.000000,0.000000,0.206214,0,0,0,0,0,0,0
62,629999,72,620000,20,0,40,9999,0.100000,0,0,0.000000,6,0.000000,0.000000,0.128329,0,0,0,0,0,0,0
62,629999,73,620000,72,70000,40,9999,0.100000,0,0,0.000000,6,0.000000,0.000000,0.623699,0,0,0,0,0,0,0
62,629999,74,620000,20,0,40,9999,0.100000,0,0,0.000000,6,0.000000,0.000000,0.158228,0,0,0,0,0,0,0
62,629999,75,620000,72,70000,40,9999,0.135000,0,0,0.000000,6,0.000000,0.000000,0.095150,0,0,0,0,0,0,0
62,629999,76,620000,0,40000,40,9999,0.100000,0,0,0.000000,6,0.000000,0.000000,0.240770,0,0,0,0,0,0,0
62,629999,77,620000,0,40000,40,9999,0.100000,0,0,0.000000,6,0.000000,0.000000,0.194823,0,0,0,0,0,0,0
62,629999,78,620000,20,0,40,9999,0.100000,0,0,0.000000,6,0.000000,0.000000,0.144601,0,0,0,0,0,0,0
62,629999,79,620000,72,70000,40,9999,0.100000,0,0,0.000000,6,0.000000,0.000000,0.450418,0,0,0,0,0,0,0
62,629999,80,620000,0,60000,40,9999,0.100000,0,0,0.000000,6,0.000000,0.000000,0.092256,0,0,0,0,0,0,0
62,629999,81,620000,20,0,40,9999,0.100000,0,0,0.000000,6,0.000000,0.000000,0.204017,0,0,0,0,0,0,0
62,629999,82,620000,20,0,40,9999,0.100000,0,0,0.000000,6,0.000000,0.000000,0.636130,0,0,0,0,0,0,0
62,629999,83,620000,4,10000,40,9999,0.100000,0,0,0.000000,6,0.000000,0.000000,0.087994,0,0,0,0,0,0,0
62,629999,84,620000,72,70000,40,9999,0.100000,0,0,0.000000,6,0.000000,0.000000,2.053954,0,0,0,0,0,0,0
62,629999,85,620000,4,10000,40,9999,0.100000,0,0,0.000000,6,0.000000,0.000000,0.118931,0,0,0,0,0,0,0
62,629999,86,620000,72,150000,40,9999,0.100000,0,0,0.000000,6,0.000000,0.000000,0.115288,0,0,0,0,0,0,0
62,629999,87,620000,0,40000,40,9999,0.100000,0,0,0.000000,6,0.000000,0.000000,0.385697,0,0,0,0,0,0,0
62,629999,88,620000,20,0,40,9999,0.100000,0,0,0.000000,6,0.000000,0.000000,0.106963,0,0,0,0,0,0,0
62,629999,89,620000,4,10000,40,9999,0.100000,0,0,0.000000,6,0.000000,0.000000,0.072442,0,0,0,0,0,0,0
62,629999,90,620000,72,70000,40,9999,0.100000,0,0,0.000000,6,0.000000,0.000000,1.402626,0,0,0,0,0,0,0
62,629999,91,620000,72,70000,40,9999,0.100000,0,0,0.000000,6,0.000000,0.000000,5.575585,0,0,0,0,0,0,0
62,629999,92,620000,0,40000,40,9999,0.100000,0,0,0.000000,6,0.000000,0.000000,0.068699,0,0,0,0,0,0,0
62,629999,93,620000,4,10000,40,9999,0.100000,0,0,0.000000,6,0.000000,0.000000,0.098017,0,0,0,0,0,0,0
62,629999,94,620000,72,150000,40,9999,0.100000,0,0,0.000000,6,0.000000,0.000000,0.766976,0,0,0,0,0,0,0
62,629999,95,620000,72,150000,40,9999,0.100000,0,0,0.000000,6,0.000000,0.000000,0.492632,0,0,0,0,0,0,0
62,629999,96,620000,72,70000,40,9999,0.100000,0,0,0.000000,6,0.000000,0.000000,0.557055,0,0,0,0,0,0,0
62,629999,97,620000,0,60000,40,9999,0.100000,0,0,0.000000,6,0.000000,0.000000,0.233472,0,0,0,0,0,0,0
62,629999,98,620000,0,60000,40,9999,0.100000,0,0,0.000000,6,0.000000,0.000000,0.140299,0,0,0,0,0,0,0
62,629999,99,620000,4,10000,40,9999,0.100000,0,0,0.000000,6,0.000000,0.000000,0.284406,0,0,0,0,0,0,0
63,639999,0,630000,72,150000,40,9999,0.100000,0,0,0.000000,6,0.000000,0.000000,1.240799,0,0,0,0,0,0,0
63,639999,1,630000,72,150000,40,9999,0.100000,0,0,0.000000,6,0.000000,0.000000,0.087421,0,0,0,0,0,0,0
63,639999,2,630000,0,40000,40,9999,0.100000,0,0,0.000000,6,0.000000,0.000000,0.125269,0,0,0,0,0,0,0
63,639999,3,630000,72,70000,40,9999,0.100000,0,0,0.000000,6,0.000000,0.000000,1.278862,0,0,0,0,0,0,0
63,639999,4,630000,72,150000,40,9999,0.100000,0,0,0.000000,6,0.000000,0.000000,0.932213,0,0,0,0,0,0,0
63,639999,5,630000,0,60000,40,9999,0.100000,0,0,0.000000,6,0.000000,0.000000,0.343467,0,0,0,0,0,0,0
63,639999,6,630000,4,10000,40,9999,0.100000,0,0,0.000000,6,0.000000,0.000000,0.148813,0,0,0,0,0,0,0
63,639999,7,630000,0,40000,40,9999,0.100000,0,0,0.000000,6,0.000000,0.000000,0.944965,0,0,0,0,0,0,0
63,639999,8,630000,20,0,40,9999,0.100000,0,0,0.000000,6,0.000000,0.000000,0.093277,0,0,0,0,0,0,0
63,639999,9,630000,72,150000,40,9999,0.100000,0,0,0.000000,6,0.000000,0.000000,0.367964,0,0,0,0,0,0,0
63,639999,10,630000,0,40000,40,9999,0.100000,0,0,0.000000,6,0.000000,0.000000,0.370157,0,0,0,0,0,0,0
63,639999,11,630000,0,40000,40,9999,0.100000,0,0,0.000000,6,0.000000,0.000000,0.152784,0,0,0,0,0,0,0
63,639999,12,630000,20,0,40,9999,0.100000,0,0,0.000000,6,0.000000,0.000000,0.570078,0,0,0,0,0,0,0
63,639999,13,630000,20,0,40,9999,0.100000,0,0,0.000000,6,0.000000,0.000000,2.380842,0,0,0,0,0,0,0
63,639999,14,630000,0,40000,40,9999,0.100000,0,0,0.000000,6,0.000000,0.000000,0.186506,0,0,0,0,0,0,0
63,639999,15,630000,0,60000,40,9999,0.100000,0,0,0.000000,6,0.000000,0.000000,0.243530,0,0,0,0,0,0,0
63,639999,16,630000,20,0,40,9999,0.100000,0,0,0.000000,6,0.000000,0.000000,0.114679,0,0,0,0,0,0,0
63,639999,17,630000,72,70000,40,9999,0.100000,0,0,0.000000,6,0.000000,0.000000,0.577514,0,0,0,0,0,0,0
63,639999,18,630000,0,40000,40,9999,0.100000,0,0,0.000000,6,0.000000,0.000000,0.238727,0,0,0,0,0,0,0
63,639999,19,630000,4,10000,40,9999,0.100000,0,0,0.000000,6,0.000000,0.000000,0.232630,0,0,0,0,0,0,0
63,639999,20,630000,0,40000,40,9999,0.100000,0,0,0.000000,6,0.000000,0.000000,0.267000,0,0,0,0,0,0,0
63,639999,21,630000,20,0,40,9999,0.100000,0,0,0.000000,6,0.000000,0.000000,0.688956,0,0,0,0,0,0,0
63,639999,22,630000,72,150000,40,9999,0.100000,0,0,0.000000,6,0.000000,0.000000,12.995514,0,0,0,0,0,0,0
63,639999,23,630000,72,70000,40,9999,0.100000,0,0,0.000000,6,0.000000,0.000000,0.224224,0,0,0,0,0,0,0
63,639999,24,630000,72,150000,40,9999,0.100000,0,0,0.000000,6,0.000000,0.000000,0.310015,0,0,0,0,0,0,0
63,639999,25,630000,0,40000,40,9999,0.100000,0,0,0.000000,6,0.000000,0.000000,1.830905,0,0,0,0,0,0,0
63,639999,26,630000,0,40000,40,9999,0.100000,0,0,0.000000,6,0.000000,0.000000,0.187274,0,0,0,0,0,0,0
63,639999,27,630000,72,70000,40,9999,0.100000,0,0,0.000000,6,0.000000,0.000000,0.761267,0,0,0,0,0,0,0
63,639999,28,630000,0,60000,40,9999,0.100000,0,0,0.000000,6,0.000000,0.000000,0.129086,0,0,0,0,0,0,0
63,639999,29,630000,0,60000,40,9999,0.100000,0,0,0.000000,6,0.000000,0.000000,0.406089,0,0,0,0,0,0,0
63,639999,30,630000,0,60000,40,9999,0.100000,0,0,0.000000,6,0.000000,0.000000,0.968053,0,0,0,0,0,0,0
63,639999,31,630000,20,0,40,9999,0.100000,0,0,0.000000,6,0.000000,0.000000,1.986386,0,0,0,0,0,0,0
63,639999,32,630000,72,70000,40,9999,0.100000,0,0,0.000000,6,0.000000,0.000000,0.240918,0,0,0,0,0,0,0
63,639999,33,630000,72,70000,40,9999,0.100000,0,0,0.000000,6,0.000000,0.000000,0.490783,0,0,0,0,0,0,0
63,639999,34,630000,0,40000,40,9999,0.100000,0,0,0.000000,6,0.000000,0.000000,0.560395,0,0,0,0,0,0,0
63,639999,35,630000,72,150000,40,9999,0.135000,0,0,0.000000,6,0.000000,0.000000,0.271421,0,0,0,0,0,0,0
63,639999,36,630000,0,60000,40,9999,0.100000,0,0,0.000000,6,0.000000,0.000000,6.234718,0,0,0,0,0,0,0
63,639999,37,630000,4,10000,40,9999,0.100000,0,0,0.000000,6,0.000000,0.000000,3.949483,0,0,0,0,0,0,0
63,639999,38,630000,20,0,40,9999,0.100000,0,0,0.000000,6,0.000000,0.000000,0.348617,0,0,0,0,0,0,0
63,639999,39,630000,4,10000,40,9999,0.100000,0,0,0.000000,6,0.000000,0.000000,0.090834,0,0,0,0,0,0,0
63,639999,40,630000,72,150000,40,9999,0.100000,0,0,0.000000,6,0.000000,0.000000,0.248041,0,0,0,0,0,0,0
63,639999,41,630000,72,150000,40,9999,0.100000,0,0,0.000000,6,0.000000,0.000000,0.096237,0,0,0,0,0,0,0
63,639999,42,630000,20,0,40,9999,0.100000,0,0,0.000000,6,0.000000,0.000000,0.772698,0,0,0,0,0,0,0
63,639999,43,630000,0,40000,40,9999,0.100000,0,0,0.000000,6,0.000000,0.000000,0.499160,0,0,0,0,0,0,0
63,639999,44,630000,0,40000,40,9999,0.100000,0,0,0.000000,6,0.000000,0.000000,0.237817,0,0,0,0,0,0,0
63,639999,45,630000,0,60000,40,9999,0.100000,0,0,0.000000,6,0.000000,0.000000,0.229315,0,0,0,0,0,0,0
63,639999,46,630000,0,40000,40,9999,0.100000,0,0,0.000000,6,0.000000,0.000000,0.248679,0,0,0,0,0,0,0
63,639999,47,630000,20,0,40,9999,0.100000,0,0,0.000000,6,0.000000,0.000000,0.162283,0,0,0,0,0,0,0
63,639999,48,630000,0,40000,40,9999,0.100000,0,0,0.000000,6,0.000000,0.000000,0.174432,0,0,0,0,0,0,0
63,639999,49,630000,0,60000,49,9999,0.100000,0,0,0.000000,6,8.000000,0.000000,12.244818,0,0,0,0,0,0,0
63,639999,50,630000,20,0,40,9999,0.100000,0,0,0.000000,6,0.000000,0.000000,0.111005,0,0,0,0,0,0,0
63,639999,51,630000,72,70000,40,9999,0.100000,0,0,0.000000,6,0.000000,0.000000,0.294368,0,0,0,0,0,0,0
63,639999,52,630000,72,150000,40,9999,0.100000,0,0,0.000000,6,0.000000,0.000000,0.162317,0,0,0,0,0,0,0
63,639999,53,630000,72,150000,40,9999,0.100000,0,0,0.000000,6,0.000000,0.000000,0.110688,0,0,0,0,0,0,0
63,639999,54,630000,0,60000,40,9999,0.100000,0,0,0.000000,6,0.000000,0.000000,0.463602,0,0,0,0,0,0,0
63,639999,55,630000,4,10000,40,9999,0.100000,0,0,0.000000,6,0.000000,0.000000,0.161027,0,0,0,0,0,0,0
63,639999,56,630000,0,40000,40,9999,0.100000,0,0,0.000000,6,0.000000,0.000000,0.086038,0,0,0,0,0,0,0
63,639999,57,630000,4,10000,40,9999,0.100000,0,0,0.000000,6,0.000000,0.000000,2.123026,0,0,0,0,0,0,0
63,639999,58,630000,0,60000,40,9999,0.100000,0,0,0.000000,6,0.000000,0.000000,0.519450,0,0,0,0,0,0,0
63,639999,59,630000,0,40000,40,9999,0.100000,0,0,0.000000,6,0.000000,0.000000,0.489461,0,0,0,0,0,0,0
63,639999,60,630000,20,0,40,9999,0.100000,0,0,0.000000,6,0.000000,0.000000,0.113811,0,0,0,0,0,0,0
63,639999,61,630000,72,70000,40,9999,0.100000,0,0,0.000000,6,0.000000,0.000000,0.096219,0,0,0,0,0,0,0
63,639999,62,630000,0,40000,49,9999,0.100000,0,0,0.000000,6,7.000000,0.000000,31.059971,0,0,0,0,0,0,0
63,639999,63,630000,72,70000,40,9999,0.100000,0,0,0.000000,6,0.000000,0.000000,0.076233,0,0,0,0,0,0,0
63,639999,64,630000,20,0,40,9999,0.100000,0,0,0.000000,6,0.000000,0.000000,0.540422,0,0,0,0,0,0,0
63,639999,65,630000,20,0,40,9999,0.100000,0,0,0.000000,6,0.000000,0.000000,0.235006,0,0,0,0,0,0,0
63,639999,66,630000,20,0,40,9999,0.100000,0,0,0.000000,6,0.000000,0.000000,0.816719,0,0,0,0,0,0,0
63,639999,67,630000,20,0,40,9999,0.100000,0,0,0.000000,6,0.000000,0.000000,0.212537,0,0,0,0,0,0,0
63,639999,68,630000,0,40000,40,9999,0.100000,0,0,0.000000,6,0.000000,0.000000,1.057919,0,0,0,0,0,0,0
63,639999,69,630000,0,60000,40,9999,0.100000,0,0,0.000000,6,0.000000,0.000000,1.574140,0,0,0,0,0,0,0
63,639999,70,630000,20,0,40,9999,0.100000,0,0,0.000000,6,0.000000,0.000000,0.165688,0,0,0,0,0,0,0
63,639999,71,630000,0,40000,40,9999,0.100000,0,0,0.000000,6,0.000000,0.000000,0.184932,0,0,0,0,0,0,0
63,639999,72,630000,4,10000,40,9999,0.100000,0,0,0.000000,6,0.000000,0.000000,0.185895,0,0,0,0,0,0,0
63,639999,73,630000,0,60000,40,9999,0.100000,0,0,0.000000,6,0.000000,0.000000,0.644863,0,0,0,0,0,0,0
63,639999,74,630000,72,70000,40,9999,0.100000,0,0,0.000000,6,0.000000,0.000000,0.158399,0,0,0,0,0,0,0
63,639999,75,630000,72,150000,40,9999,0.100000,0,0,0.000000,6,0.000000,0.000000,0.096071,0,0,0,0,0,0,0
63,639999,76,630000,0,40000,40,9999,0.100000,0,0,0.000000,6,0.000000,0.000000,0.230421,0,0,0,0,0,0,0
63,639999,77,630000,20,0,40,9999,0.100000,0,0,0.000000,6,0.000000,0.000000,0.821384,0,0,0,0,0,0,0
63,639999,78,630000,0,60000,40,9999,0.100000,0,0,0.000000,6,0.000000,0.000000,0.138295,0,0,0,0,0,0,0
63,639999,79,630000,72,70000,40,9999,0.100000,0,0,0.000000,6,0.000000,0.000000,0.445005,0,0,0,0,0,0,0
63,639999,80,630000,20,0,40,9999,0.100000,0,0,0.000000,6,0.000000,0.000000,0.091311,0,0,0,0,0,0,0
63,639999,81,630000,20,0,40,9999,0.100000,0,0,0.000000,6,0.000000,0.000000,0.197759,0,0,0,0,0,0,0
63,639999,82,630000,72,150000,40,9999,0.100000,0,0,0.000000,6,0.000000,0.000000,0.666883,0,0,0,0,0,0,0
63,639999,83,630000,72,70000,40,9999,0.100000,0,0,0.000000,6,0.000000,0.000000,0.088072,0,0,0,0,0,0,0
63,639999,84,630000,72,70000,40,9999,0.100000,0,0,0.000000,6,0.000000,0.000000,1.786300,0,0,0,0,0,0,0
63,639999,85,630000,0,60000,40,9999,0.100000,0,0,0.000000,6,0.000000,0.000000,0.150829,0,0,0,0,0,0,0
63,639999,86,630000,72,70000,40,9999,0.100000,0,0,0.000000,6,0.000000,0.000000,0.109831,0,0,0,0,0,0,0
63,639999,87,630000,72,70000,40,9999,0.100000,0,0,0.000000,6,0.000000,0.000000,0.500237,0,0,0,0,0,0,0
63,639999,88,630000,20,0,40,9999,0.100000,0,0,0.000000,6,0.000000,0.000000,0.116934,0,0,0,0,0,0,0
63,639999,89,630000,4,10000,40,9999,0.100000,0,0,0.000000,6,0.000000,0.000000,0.072234,0,0,0,0,0,0,0
63,639999,90,630000,0,40000,40,9999,0.100000,0,0,0.000000,6,0.000000,0.000000,1.792867,0,0,0,0,0,0,0
63,639999,91,630000,0,60000,40,9999,0.100000,0,0,0.000000,6,0.000000,0.000000,9.117971,0,0,0,0,0,0,0
63,639999,92,630000,0,40000,40,9999,0.100000,0,0,0.000000,6,0.000000,0.000000,0.068336,0,0,0,0,0,0,0
63,639999,93,630000,72,150000,40,9999,0.100000,0,0,0.000000,6,0.000000,0.000000,0.099152,0,0,0,0,0,0,0
63,639999,94,630000,4,10000,40,9999,0.100000,0,0,0.000000,6,0.000000,0.000000,0.241185,0,0,0,0,0,0,0
63,639999,95,630000,0,40000,40,9999,0.100000,0,0,0.000000,6,0.000000,0.000000,0.481144,0,0,0,0,0,0,0
63,639999,96,630000,20,0,40,9999,0.100000,0,0,0.000000,6,0.000000,0.000000,0.511342,0,0,0,0,0,0,0
63,639999,97,630000,72,70000,40,9999,0.100000,0,0,0.000000,6,0.000000,0.000000,0.240394,0,0,0,0,0,0,0
63,639999,98,630000,20,0,40,9999,0.100000,0,0,0.000000,6,0.000000,0.000000,0.575118,0,0,0,0,0,0,0
63,639999,99,630000,0,40000,40,9999,0.100000,0,0,0.000000,6,0.000000,0.000000,0.339203,0,0,0,0,0,0,0
64,649999,0,640000,72,150000,40,9999,0.100000,0,0,0.000000,6,0.000000,0.000000,2.019385,0,0,0,0,0,0,0
64,649999,1,640000,72,150000,40,9999,0.100000,0,0,0.000000,6,0.000000,0.000000,0.088606,0,0,0,0,0,0,0
64,649999,2,640000,72,150000,40,9999,0.100000,0,0,0.000000,6,0.000000,0.000000,0.125200,0,0,0,0,0,0,0
64,649999,3,640000,4,10000,40,9999,0.100000,0,0,0.000000,6,0.000000,0.000000,0.755103,0,0,0,0,0,0,0
64,649999,4,640000,4,10000,40,9999,0.100000,0,0,0.000000,6,0.000000,0.000000,1.019520,0,0,0,0,0,0,0
64,649999,5,640000,72,150000,40,9999,0.100000,0,0,0.000000,6,0.000000,0.000000,0.268399,0,0,0,0,0,0,0
64,649999,6,640000,72,70000,40,9999,0.100000,0,0,0.000000,6,0.000000,0.000000,0.143152,0,0,0,0,0,0,0
64,649999,7,640000,0,40000,40,9999,0.100000,0,0,0.000000,6,0.000000,0.000000,1.212219,0,0,0,0,0,0,0
64,649999,8,640000,72,150000,40,9999,0.100000,0,0,0.000000,6,0.000000,0.000000,0.089326,0,0,0,0,0,0,0
64,649999,9,640000,0,40000,40,9999,0.100000,0,0,0.000000,6,0.000000,0.000000,0.364242,0,0,0,0,0,0,0
64,649999,10,640000,0,40000,40,9999,0.100000,0,0,0.000000,6,0.000000,0.000000,0.396301,0,0,0,0,0,0,0
64,649999,11,640000,72,70000,40,9999,0.100000,0,0,0.000000,6,0.000000,0.000000,0.164597,0,0,0,0,0,0,0
64,649999,12,640000,4,10000,40,9999,0.100000,0,0,0.000000,6,0.000000,0.000000,0.801548,0,0,0,0,0,0,0
64,649999,13,640000,20,0,40,9999,0.100000,0,0,0.000000,6,0.000000,0.000000,0.144592,0,0,0,0,0,0,0
64,649999,14,640000,4,10000,40,9999,0.100000,0,0,0.000000,6,0.000000,0.000000,0.179564,0,0,0,0,0,0,0
64,649999,15,640000,72,150000,40,9999,0.100000,0,0,0.000000,6,0.000000,0.000000,0.234457,0,0,0,0,0,0,0
64,649999,16,640000,4,10000,40,9999,0.100000,0,0,0.000000,6,0.000000,0.000000,0.119291,0,0,0,0,0,0,0
64,649999,17,640000,4,10000,40,9999,0.100000,0,0,0.000000,6,0.000000,0.000000,0.619945,0,0,0,0,0,0,0
64,649999,18,640000,0,60000,40,9999,0.100000,0,0,0.000000,6,0.000000,0.000000,0.247374,0,0,0,0,0,0,0
64,649999,19,640000,72,150000,40,9999,0.100000,0,0,0.000000,6,0.000000,0.000000,0.231725,0,0,0,0,0,0,0
64,649999,20,640000,72,70000,40,9999,0.100000,0,0,0.000000,6,0.000000,0.000000,0.247674,0,0,0,0,0,0,0
64,649999,21,640000,72,150000,40,9999,0.100000,0,0,0.000000,6,0.000000,0.000000,0.866177,0,0,0,0,0,0,0
64,649999,22,640000,0,40000,40,9999,0.100000,0,0,0.000000,6,0.000000,0.000000,14.530933,0,0,0,0,0,0,0
64,649999,23,640000,0,60000,40,9999,0.100000,0,0,0.000000,6,0.000000,0.000000,0.228456,0,0,0,0,0,0,0
64,649999,24,640000,20,0,40,9999,0.100000,0,0,0.000000,6,0.000000,0.000000,0.281707,0,0,0,0,0,0,0
64,649999,25,640000,72,150000,40,9999,0.100000,0,0,0.000000,6,0.000000,0.000000,1.833819,0,0,0,0,0,0,0
64,649999,26,640000,0,40000,40,9999,0.100000,0,0,0.000000,6,0.000000,0.000000,0.198455,0,0,0,0,0,0,0
64,649999,27,640000,20,0,40,9999,0.100000,0,0,0.000000,6,0.000000,0.000000,0.726990,0,0,0,0,0,0,0
64,649999,28,640000,72,70000,40,9999,0.100000,0,0,0.000000,6,0.000000,0.000000,0.299940,0,0,0,0,0,0,0
64,649999,29,640000,72,70000,40,9999,0.100000,0,0,0.000000,6,0.000000,0.000000,0.431713,0,0,0,0,0,0,0
64,649999,30,640000,72,70000,40,9999,0.100000,0,0,0.000000,6,0.000000,0.000000,0.949300,0,0,0,0,0,0,0
64,649999,31,640000,0,40000,40,9999,0.100000,0,0,0.000000,6,0.000000,0.000000,2.830489,0,0,0,0,0,0,0
64,649999,32,640000,20,0,40,9999,0.100000,0,0,0.000000,6,0.000000,0.000000,0.252619,0,0,0,0,0,0,0
64,649999,33,640000,0,40000,40,9999,0.100000,0,0,0.000000,6,0.000000,0.000000,0.378405,0,0,0,0,0,0,0
64,649999,34,640000,72,150000,40,9999,0.100000,0,0,0.000000,6,0.000000,0.000000,0.658549,0,0,0,0,0,0,0
64,649999,35,640000,0,40000,40,9999,0.100000,0,0,0.000000,6,0.000000,0.000000,0.291719,0,0,0,0,0,0,0
64,649999,36,640000,4,10000,40,9999,0.100000,0,0,0.000000,6,0.000000,0.000000,6.032684,0,0,0,0,0,0,0
64,649999,37,640000,0,40000,40,9999,0.100000,0,0,0.000000,6,0.000000,0.000000,0.105231,0,0,0,0,0,0,0
64,649999,38,640000,0,40000,40,9999,0.100000,0,0,0.000000,6,0.000000,0.000000,0.237576,0,0,0,0,0,0,0
64,649999,39,640000,0,60000,40,9999,0.100000,0,0,0.000000,6,0.000000,0.000000,0.089279,0,0,0,0,0,0,0
64,649999,40,640000,0,60000,40,9999,0.100000,0,0,0.000000,6,0.000000,0.000000,0.393035,0,0,0,0,0,0,0
64,649999,41,640000,72,70000,40,9999,0.100000,0,0,0.000000,6,0.000000,0.000000,0.091771,0,0,0,0,0,0,0
64,649999,42,640000,72,70000,40,9999,0.100000,0,0,0.000000,6,0.000000,0.000000,0.170034,0,0,0,0,0,0,0
64,649999,43,640000,0,40000,40,9999,0.100000,0,0,0.000000,6,0.000000,0.000000,0.294868,0,0,0,0,0,0,0
64,649999,44,640000,72,70000,40,9999,0.100000,0,0,0.000000,6,0.000000,0.000000,0.234900,0,0,0,0,0,0,0
64,649999,45,640000,72,70000,40,9999,0.100000,0,0,0.000000,6,0.000000,0.000000,0.226668,0,0,0,0,0,0,0
64,649999,46,640000,72,150000,40,9999,0.100000,0,0,0.000000,6,0.000000,0.000000,0.234725,0,0,0,0,0,0,0
64,649999,47,640000,0,40000,40,9999,0.100000,0,0,0.000000,6,0.000000,0.000000,0.167257,0,0,0,0,0,0,0
64,649999,48,640000,20,0,40,9999,0.100000,0,0,0.000000,6,0.000000,0.000000,0.175325,0,0,0,0,0,0,0
64,649999,49,640000,20,0,40,9999,0.100000,0,0,0.000000,6,0.000000,0.000000,0.811029,0,0,0,0,0,0,0
64,649999,50,640000,0,40000,40,9999,0.100000,0,0,0.000000,6,0.000000,0.000000,0.110641,0,0,0,0,0,0,0
64,649999,51,640000,4,10000,40,9999,0.100000,0,0,0.000000,6,0.000000,0.000000,0.301420,0,0,0,0,0,0,0
64,649999,52,640000,0,40000,40,9999,0.100000,0,0,0.000000,6,0.000000,0.000000,0.165694,0,0,0,0,0,0,0
64,649999,53,640000,4,10000,40,9999,0.100000,0,0,0.000000,6,0.000000,0.000000,0.094546,0,0,0,0,0,0,0
64,649999,54,640000,72,70000,40,9999,0.100000,0,0,0.000000,6,0.000000,0.000000,0.452905,0,0,0,0,0,0,0
64,649999,55,640000,72,70000,40,9999,0.100000,0,0,0.000000,6,0.000000,0.000000,0.159898,0,0,0,0,0,0,0
64,649999,56,640000,4,10000,40,9999,0.100000,0,0,0.000000,6,0.000000,0.000000,0.087017,0,0,0,0,0,0,0
64,649999,57,640000,0,60000,40,9999,0.100000,0,0,0.000000,6,0.000000,0.000000,0.246592,0,0,0,0,0,0,0
64,649999,58,640000,4,10000,40,9999,0.100000,0,0,0.000000,6,0.000000,0.000000,0.714033,0,0,0,0,0,0,0
64,649999,59,640000,72,150000,40,9999,0.100000,0,0,0.000000,6,0.000000,0.000000,0.488786,0,0,0,0,0,0,0
64,649999,60,640000,0,40000,40,9999,0.100000,0,0,0.000000,6,0.000000,0.000000,0.346245,0,0,0,0,0,0,0
64,649999,61,640000,20,0,40,9999,0.100000,0,0,0.000000,6,0.000000,0.000000,0.096658,0,0,0,0,0,0,0
64,649999,62,640000,0,40000,40,9999,0.100000,0,0,0.000000,6,0.000000,0.000000,0.009480,0,0,0,0,0,0,0
64,649999,63,640000,72,150000,40,9999,0.100000,0,0,0.000000,6,0.000000,0.000000,0.076160,0,0,0,0,0,0,0
64,649999,64,640000,0,60000,40,9999,0.100000,0,0,0.000000,6,0.000000,0.000000,0.566780,0,0,0,0,0,0,0
64,649999,65,640000,72,150000,40,9999,0.100000,0,0,0.000000,6,0.000000,0.000000,0.224150,0,0,0,0,0,0,0
64,649999,66,640000,72,70000,40,9999,0.100000,0,0,0.000000,6,0.000000,0.000000,0.504444,0,0,0,0,0,0,0
64,649999,67,640000,4,10000,40,9999,0.100000,0,0,0.000000,6,0.000000,0.000000,0.202891,0,0,0,0,0,0,0
64,649999,68,640000,72,70000,40,9999,0.100000,0,0,0.000000,6,0.000000,0.000000,1.100328,0,0,0,0,0,0,0
64,649999,69,640000,20,0,40,9999,0.100000,0,0,0.000000,6,0.000000,0.000000,0.671539,0,0,0,0,0,0,0
64,649999,70,640000,20,0,40,9999,0.100000,0,0,0.000000,6,0.000000,0.000000,0.194286,0,0,0,0,0,0,0
64,649999,71,640000,72,70000,40,9999,0.100000,0,0,0.000000,6,0.000000,0.000000,0.184078,0,0,0,0,0,0,0
64,649999,72,640000,20,0,40,9999,0.100000,0,0,0.000000,6,0.000000,0.000000,0.171362,0,0,0,0,0,0,0
64,649999,73,640000,0,40000,40,9999,0.100000,0,0,0.000000,6,0.000000,0.000000,0.655182,0,0,0,0,0,0,0
64,649999,74,640000,72,150000,40,9999,0.100000,0,0,0.000000,6,0.000000,0.000000,0.157765,0,0,0,0,0,0,0
64,649999,75,640000,72,150000,40,9999,0.100000,0,0,0.000000,6,0.000000,0.000000,0.093649,0,0,0,0,0,0,0
64,649999,76,640000,72,150000,40,9999,0.100000,0,0,0.000000,6,0.000000,0.000000,0.234924,0,0,0,0,0,0,0
64,649999,77,640000,0,60000,40,9999,0.100000,0,0,0.000000,6,0.000000,0.000000,0.145769,0,0,0,0,0,0,0
64,649999,78,640000,72,70000,40,9999,0.100000,0,0,0.000000,6,0.000000,0.000000,0.140387,0,0,0,0,0,0,0
64,649999,79,640000,20,0,40,9999,0.100000,0,0,0.000000,6,0.000000,0.000000,0.459581,0,0,0,0,0,0,0
64,649999,80,640000,0,40000,40,9999,0.100000,0,0,0.000000,6,0.000000,0.000000,0.084458,0,0,0,0,0,0,0
64,649999,81,640000,72,70000,40,9999,0.100000,0,0,0.000000,6,0.000000,0.000000,0.200119,0,0,0,0,0,0,0
64,649999,82,640000,20,0,40,9999,0.100000,0,0,0.000000,6,0.000000,0.000000,0.611483,0,0,0,0,0,0,0
64,649999,83,640000,0,40000,49,9999,0.100000,0,0,0.000000,6,6.000000,0.000000,13.965593,0,0,0,0,0,0,0
64,649999,84,640000,0,60000,40,9999,0.100000,0,0,0.000000,6,0.000000,0.000000,1.845948,0,0,0,0,0,0,0
64,649999,85,640000,0,40000,40,9999,0.100000,0,0,0.000000,6,0.000000,0.000000,0.144670,0,0,0,0,0,0,0
64,649999,86,640000,72,150000,40,9999,0.100000,0,0,0.000000,6,0.000000,0.000000,0.106628,0,0,0,0,0,0,0
64,649999,87,640000,20,0,40,9999,0.100000,0,0,0.000000,6,0.000000,0.000000,0.312163,0,0,0,0,0,0,0
64,649999,88,640000,72,70000,40,9999,0.100000,0,0,0.000000,6,0.000000,0.000000,0.083179,0,0,0,0,0,0,0
64,649999,89,640000,20,0,40,9999,0.100000,0,0,0.000000,6,0.000000,0.000000,0.202292,0,0,0,0,0,0,0
64,649999,90,640000,4,10000,40,9999,0.100000,0,0,0.000000,6,0.000000,0.000000,1.397316,0,0,0,0,0,0,0
64,649999,91,640000,20,0,40,9999,0.100000,0,0,0.000000,6,0.000000,0.000000,25.994453,0,0,0,0,0,0,0
64,649999,92,640000,0,40000,40,9999,0.100000,0,0,0.000000,6,0.000000,0.000000,0.068557,0,0,0,0,0,0,0
64,649999,93,640000,72,150000,40,9999,0.100000,0,0,0.000000,6,0.000000,0.000000,0.095648,0,0,0,0,0,0,0
64,649999,94,640000,0,60000,40,9999,0.100000,0,0,0.000000,6,0.000000,0.000000,0.235637,0,0,0,0,0,0,0
64,649999,95,640000,72,70000,40,9999,0.100000,0,0,0.000000,6,0.000000,0.000000,0.389242,0,0,0,0,0,0,0
64,649999,96,640000,4,10000,40,9999,0.100000,0,0,0.000000,6,0.000000,0.000000,0.521204,0,0,0,0,0,0,0
64,649999,97,640000,0,40000,40,9999,0.100000,0,0,0.000000,6,0.000000,0.000000,0.224457,0,0,0,0,0,0,0
64,649999,98,640000,4,10000,40,9999,0.100000,0,0,0.000000,6,0.000000,0.000000,0.543379,0,0,0,0,0,0,0
64,649999,99,640000,0,60000,40,9999,0.100000,0,0,0.000000,6,0.000000,0.000000,0.250653,0,0,0,0,0,0,0
65,659999,0,650000,4,10000,40,9999,0.100000,0,0,0.000000,6,0.000000,0.000000,0.671292,0,0,0,0,0,0,0
65,659999,1,650000,72,70000,40,9999,0.100000,0,0,0.000000,6,0.000000,0.000000,0.090591,0,0,0,0,0,0,0
65,659999,2,650000,0,60000,40,9999,0.100000,0,0,0.000000,6,0.000000,0.000000,0.119952,0,0,0,0,0,0,0
65,659999,3,650000,4,10000,49,9999,0.100000,0,0,0.000000,6,1.000000,0.000000,2.118073,0,0,0,0,0,0,0
65,659999,4,650000,72,70000,40,9999,0.100000,0,0,0.000000,6,0.000000,0.000000,0.378599,0,0,0,0,0,0,0
65,659999,5,650000,4,10000,40,9999,0.100000,0,0,0.000000,6,0.000000,0.000000,0.292807,0,0,0,0,0,0,0
65,659999,6,650000,72,150000,40,9999,0.100000,0,0,0.000000,6,0.000000,0.000000,0.144055,0,0,0,0,0,0,0
65,659999,7,650000,20,0,49,9999,0.100000,0,0,0.000000,6,5.000000,0.000000,7.621476,0,0,0,0,0,0,0
65,659999,8,650000,72,70000,40,9999,0.100000,0,0,0.000000,6,0.000000,0.000000,0.089065,0,0,0,0,0,0,0
65,659999,9,650000,0,40000,40,9999,0.100000,0,0,0.000000,6,0.000000,0.000000,0.394976,0,0,0,0,0,0,0
65,659999,10,650000,20,0,40,9999,0.100000,0,0,0.000000,6,0.000000,0.000000,0.392351,0,0,0,0,0,0,0
65,659999,11,650000,0,60000,40,9999,0.100000,0,0,0.000000,6,0.000000,0.000000,0.160837,0,0,0,0,0,0,0
65,659999,12,650000,0,60000,40,9999,0.100000,0,0,0.000000,6,0.000000,0.000000,0.993997,0,0,0,0,0,0,0
65,659999,13,650000,20,0,40,9999,0.100000,0,0,0.000000,6,0.000000,0.000000,0.200547,0,0,0,0,0,0,0
65,659999,14,650000,0,60000,40,9999,0.100000,0,0,0.000000,6,0.000000,0.000000,0.176334,0,0,0,0,0,0,0
65,659999,15,650000,4,10000,40,9999,0.100000,0,0,0.000000,6,0.000000,0.000000,0.229742,0,0,0,0,0,0,0
65,659999,16,650000,72,150000,49,9999,0.100000,0,0,0.000000,6,7.000000,0.000000,15.841350,0,0,0,0,0,0,0
65,659999,17,650000,72,70000,40,9999,0.100000,0,0,0.000000,6,0.000000,0.000000,0.619001,0,0,0,0,0,0,0
65,659999,18,650000,0,60000,40,9999,0.100000,0,0,0.000000,6,0.000000,0.000000,0.224695,0,0,0,0,0,0,0
65,659999,19,650000,0,60000,40,9999,0.135000,0,0,0.000000,6,0.000000,0.000000,0.225752,0,0,0,0,0,0,0
65,659999,20,650000,20,0,40,9999,0.100000,0,0,0.000000,6,0.000000,0.000000,0.235060,0,0,0,0,0,0,0
65,659999,21,650000,0,40000,40,9999,0.100000,0,0,0.000000,6,0.000000,0.000000,1.355819,0,0,0,0,0,0,0
65,659999,22,650000,72,150000,40,9999,0.100000,0,0,0.000000,6,0.000000,0.000000,16.208898,0,0,0,0,0,0,0
65,659999,23,650000,0,40000,40,9999,0.100000,0,0,0.000000,6,0.000000,0.000000,0.212683,0,0,0,0,0,0,0
65,659999,24,650000,72,150000,40,9999,0.100000,0,0,0.000000,6,0.000000,0.000000,0.300007,0,0,0,0,0,0,0
65,659999,25,650000,72,150000,40,9999,0.100000,0,0,0.000000,6,0.000000,0.000000,1.853832,0,0,0,0,0,0,0
65,659999,26,650000,72,70000,40,9999,0.100000,0,0,0.000000,6,0.000000,0.000000,0.206111,0,0,0,0,0,0,0
65,659999,27,650000,4,10000,40,9999,0.100000,0,0,0.000000,6,0.000000,0.000000,0.665215,0,0,0,0,0,0,0
65,659999,28,650000,0,40000,40,9999,0.100000,0,0,0.000000,6,0.000000,0.000000,0.399846,0,0,0,0,0,0,0
65,659999,29,650000,4,10000,40,9999,0.100000,0,0,0.000000,6,0.000000,0.000000,0.518177,0,0,0,0,0,0,0
65,659999,30,650000,72,70000,40,9999,0.100000,0,0,0.000000,6,0.000000,0.000000,0.906693,0,0,0,0,0,0,0
65,659999,31,650000,0,40000,40,9999,0.100000,0,0,0.000000,6,0.000000,0.000000,3.453051,0,0,0,0,0,0,0
65,659999,32,650000,72,70000,40,9999,0.135000,0,0,0.000000,6,0.000000,0.000000,0.225689,0,0,0,0,0,0,0
65,659999,33,650000,4,10000,40,9999,0.100000,0,0,0.000000,6,0.000000,0.000000,0.269437,0,0,0,0,0,0,0
65,659999,34,650000,0,60000,40,9999,0.100000,0,0,0.000000,6,0.000000,0.000000,0.671697,0,0,0,0,0,0,0
65,659999,35,650000,72,70000,40,9999,0.100000,0,0,0.000000,6,0.000000,0.000000,0.305619,0,0,0,0,0,0,0
65,659999,36,650000,4,10000,40,9999,0.100000,0,0,0.000000,6,0.000000,0.000000,6.220658,0,0,0,0,0,0,0
65,659999,37,650000,72,150000,40,9999,0.100000,0,0,0.000000,6,0.000000,0.000000,0.124884,0,0,0,0,0,0,0
65,659999,38,650000,0,40000,40,9999,0.100000,0,0,0.000000,6,0.000000,0.000000,0.193298,0,0,0,0,0,0,0
65,659999,39,650000,20,0,40,9999,0.100000,0,0,0.000000,6,0.000000,0.000000,0.090327,0,0,0,0,0,0,0
65,659999,40,650000,4,10000,40,9999,0.100000,0,0,0.000000,6,0.000000,0.000000,0.577626,0,0,0,0,0,0,0
65,659999,41,650000,0,40000,40,9999,0.100000,0,0,0.000000,6,0.000000,0.000000,0.086473,0,0,0,0,0,0,0
65,659999,42,650000,20,0,40,9999,0.100000,0,0,0.000000,6,0.000000,0.000000,0.186513,0,0,0,0,0,0,0
65,659999,43,650000,72,150000,40,9999,0.100000,0,0,0.000000,6,0.000000,0.000000,0.336017,0,0,0,0,0,0,0
65,659999,44,650000,0,40000,40,9999,0.100000,0,0,0.000000,6,0.000000,0.000000,0.240159,0,0,0,0,0,0,0
65,659999,45,650000,0,60000,40,9999,0.100000,0,0,0.000000,6,0.000000,0.000000,0.237378,0,0,0,0,0,0,0
65,659999,46,650000,4,10000,40,9999,0.100000,0,0,0.000000,6,0.000000,0.000000,0.233045,0,0,0,0,0,0,0
65,659999,47,650000,0,60000,40,9999,0.100000,0,0,0.000000,6,0.000000,0.000000,0.155614,0,0,0,0,0,0,0
65,659999,48,650000,4,10000,40,9999,0.100000,0,0,0.000000,6,0.000000,0.000000,0.198015,0,0,0,0,0,0,0
65,659999,49,650000,20,0,40,9999,0.100000,0,0,0.000000,6,0.000000,0.000000,3.758313,0,0,0,0,0,0,0
65,659999,50,650000,0,40000,40,9999,0.100000,0,0,0.000000,6,0.000000,0.000000,0.110247,0,0,0,0,0,0,0
65,659999,51,650000,20,0,40,9999,0.100000,0,0,0.000000,6,0.000000,0.000000,0.284803,0,0,0,0,0,0,0
65,659999,52,650000,72,150000,40,9999,0.100000,0,0,0.000000,6,0.000000,0.000000,0.154313,0,0,0,0,0,0,0
65,659999,53,650000,4,10000,40,9999,0.100000,0,0,0.000000,6,0.000000,0.000000,0.089451,0,0,0,0,0,0,0
65,659999,54,650000,20,0,40,9999,0.100000,0,0,0.000000,6,0.000000,0.000000,0.453868,0,0,0,0,0,0,0
65,659999,55,650000,4,10000,40,9999,0.100000,0,0,0.000000,6,0.000000,0.000000,0.152364,0,0,0,0,0,0,0
65,659999,56,650000,0,60000,40,9999,0.100000,0,0,0.000000,6,0.000000,0.000000,0.087770,0,0,0,0,0,0,0
65,659999,57,650000,4,10000,40,9999,0.100000,0,0,0.000000,6,0.000000,0.000000,0.421082,0,0,0,0,0,0,0
65,659999,58,650000,72,70000,40,9999,0.135000,0,0,0.000000,6,0.000000,0.000000,0.895275,0,0,0,0,0,0,0
65,659999,59,650000,20,0,40,9999,0.100000,0,0,0.000000,6,0.000000,0.000000,0.542727,0,0,0,0,0,0,0
65,659999,60,650000,4,10000,40,9999,0.100000,0,0,0.000000,6,0.000000,0.000000,0.266749,0,0,0,0,0,0,0
65,659999,61,650000,72,150000,40,9999,0.100000,0,0,0.000000,6,0.000000,0.000000,0.109792,0,0,0,0,0,0,0
65,659999,62,650000,72,150000,40,9999,0.100000,0,0,0.000000,6,0.000000,0.000000,0.009377,0,0,0,0,0,0,0
65,659999,63,650000,0,40000,40,9999,0.100000,0,0,0.000000,6,0.000000,0.000000,0.075827,0,0,0,0,0,0,0
65,659999,64,650000,72,70000,40,9999,0.100000,0,0,0.000000,6,0.000000,0.000000,0.939444,0,0,0,0,0,0,0
65,659999,65,650000,4,10000,40,9999,0.100000,0,0,0.000000,6,0.000000,0.000000,0.230492,0,0,0,0,0,0,0
65,659999,66,650000,0,60000,40,9999,0.100000,0,0,0.000000,6,0.000000,0.000000,0.420279,0,0,0,0,0,0,0
65,659999,67,650000,0,60000,40,9999,0.100000,0,0,0.000000,6,0.000000,0.000000,0.208774,0,0,0,0,0,0,0
65,659999,68,650000,0,60000,40,9999,0.100000,0,0,0.000000,6,0.000000,0.000000,1.092497,0,0,0,0,0,0,0
65,659999,69,650000,4,10000,49,9999,0.100000,0,0,0.000000,6,1.000000,0.000000,2.196238,0,0,0,0,0,0,0
65,659999,70,650000,0,40000,40,9999,0.100000,0,0,0.000000,6,0.000000,0.000000,0.224929,0,0,0,0,0,0,0
65,659999,71,650000,72,70000,40,9999,0.100000,0,0,0.000000,6,0.000000,0.000000,0.155630,0,0,0,0,0,0,0
65,659999,72,650000,72,150000,40,9999,0.100000,0,0,0.000000,6,0.000000,0.000000,0.151658,0,0,0,0,0,0,0
65,659999,73,650000,0,60000,40,9999,0.100000,0,0,0.000000,6,0.000000,0.000000,0.643153,0,0,0,0,0,0,0
65,659999,74,650000,20,0,40,9999,0.100000,0,0,0.000000,6,0.000000,0.000000,0.158365,0,0,0,0,0,0,0
65,659999,75,650000,72,150000,40,9999,0.100000,0,0,0.000000,6,0.000000,0.000000,0.094354,0,0,0,0,0,0,0
65,659999,76,650000,20,0,40,9999,0.100000,0,0,0.000000,6,0.000000,0.000000,0.237572,0,0,0,0,0,0,0
65,659999,77,650000,0,40000,40,9999,0.100000,0,0,0.000000,6,0.000000,0.000000,0.162271,0,0,0,0,0,0,0
65,659999,78,650000,72,150000,40,9999,0.100000,0,0,0.000000,6,0.000000,0.000000,0.144025,0,0,0,0,0,0,0
65,659999,79,650000,0,40000,40,9999,0.100000,0,0,0.000000,6,0.000000,0.000000,0.470099,0,0,0,0,0,0,0
65,659999,80,650000,0,40000,40,9999,0.100000,0,0,0.000000,6,0.000000,0.000000,0.085971,0,0,0,0,0,0,0
65,659999,81,650000,72,70000,40,9999,0.100000,0,0,0.000000,6,0.000000,0.000000,0.198233,0,0,0,0,0,0,0
65,659999,82,650000,72,150000,40,9999,0.100000,0,0,0.000000,6,0.000000,0.000000,0.572574,0,0,0,0,0,0,0
65,659999,83,650000,72,70000,40,9999,0.100000,0,0,0.000000,6,0.000000,0.000000,0.087043,0,0,0,0,0,0,0
65,659999,84,650000,0,40000,49,9999,0.100000,0,0,0.000000,6,12.000000,0.000000,24.867117,0,0,0,0,0,0,0
65,659999,85,650000,20,0,40,9999,0.100000,0,0,0.000000,6,0.000000,0.000000,0.142539,0,0,0,0,0,0,0
65,659999,86,650000,0,40000,40,9999,0.100000,0,0,0.000000,6,0.000000,0.000000,0.109307,0,0,0,0,0,0,0
65,659999,87,650000,0,40000,49,9999,0.100000,0,0,0.000000,6,8.000000,0.000000,16.541438,0,0,0,0,0,0,0
65,659999,88,650000,72,70000,49,9999,0.100000,0,0,0.000000,6,10.000000,0.000000,21.059088,0,0,0,0,0,0,0
65,659999,89,650000,20,0,40,9999,0.100000,0,0,0.000000,6,0.000000,0.000000,0.116168,0,0,0,0,0,0,0
65,659999,90,650000,72,70000,40,9999,0.100000,0,0,0.000000,6,0.000000,0.000000,1.397342,0,0,0,0,0,0,0
65,659999,91,650000,4,10000,40,9999,0.100000,0,0,0.000000,6,0.000000,0.000000,26.701176,0,0,0,0,0,0,0
65,659999,92,650000,4,10000,40,9999,0.100000,0,0,0.000000,6,0.000000,0.000000,0.202381,0,0,0,0,0,0,0
65,659999,93,650000,72,150000,40,9999,0.100000,0,0,0.000000,6,0.000000,0.000000,0.092627,0,0,0,0,0,0,0
65,659999,94,650000,0,40000,40,9999,0.100000,0,0,0.000000,6,0.000000,0.000000,0.244874,0,0,0,0,0,0,0
65,659999,95,650000,20,0,40,9999,0.100000,0,0,0.000000,6,0.000000,0.000000,0.367681,0,0,0,0,0,0,0
65,659999,96,650000,72,70000,40,9999,0.100000,0,0,0.000000,6,0.000000,0.000000,0.551204,0,0,0,0,0,0,0
65,659999,97,650000,4,10000,40,9999,0.100000,0,0,0.000000,6,0.000000,0.000000,0.224402,0,0,0,0,0,0,0
65,659999,98,650000,20,0,40,9999,0.100000,0,0,0.000000,6,0.000000,0.000000,0.750759,0,0,0,0,0,0,0
65,659999,99,650000,0,60000,40,9999,0.100000,0,0,0.000000,6,0.000000,0.000000,0.228778,0,0,0,0,0,0,0
66,669999,0,660000,20,0,40,9999,0.100000,0,0,0.000000,6,0.000000,0.000000,0.132738,0,0,0,0,0,0,0
66,669999,1,660000,4,10000,40,9999,0.100000,0,0,0.000000,6,0.000000,0.000000,0.091080,0,0,0,0,0,0,0
66,669999,2,660000,0,60000,40,9999,0.100000,0,0,0.000000,6,0.000000,0.000000,0.130946,0,0,0,0,0,0,0
66,669999,3,660000,0,40000,9,9999,0.100000,0,0,0.000000,6,1.000000,0.000000,3.626122,0,0,0,1,0,0,0
66,669999,4,660000,0,40000,49,9999,0.100000,0,0,0.000000,6,15.000000,0.000000,17.631217,0,0,0,0,0,0,0
66,669999,5,660000,0,40000,40,9999,0.100000,0,0,0.000000,6,0.000000,0.000000,0.274188,0,0,0,0,0,0,0
66,669999,6,660000,0,40000,40,9999,0.100000,0,0,0.000000,6,0.000000,0.000000,0.140793,0,0,0,0,0,0,0
66,669999,7,660000,72,150000,40,9999,0.100000,0,0,0.000000,6,0.000000,0.000000,1.416906,0,0,0,0,0,0,0
66,669999,8,660000,72,70000,40,9999,0.100000,0,0,0.000000,6,0.000000,0.000000,0.089852,0,0,0,0,0,0,0
66,669999,9,660000,72,150000,40,9999,0.100000,0,0,0.000000,6,0.000000,0.000000,0.279606,0,0,0,0,0,0,0
66,669999,10,660000,0,60000,40,9999,0.100000,0,0,0.000000,6,0.000000,0.000000,0.878820,0,0,0,0,0,0,0
66,669999,11,660000,4,10000,40,9999,0.100000,0,0,0.000000,6,0.000000,0.000000,0.163310,0,0,0,0,0,0,0
66,669999,12,660000,72,150000,40,9999,0.100000,0,0,0.000000,6,0.000000,0.000000,0.923359,0,0,0,0,0,0,0
66,669999,13,660000,72,150000,40,9999,0.100000,0,0,0.000000,6,0.000000,0.000000,0.228376,0,0,0,0,0,0,0
66,669999,14,660000,0,60000,40,9999,0.100000,0,0,0.000000,6,0.000000,0.000000,0.125782,0,0,0,0,0,0,0
66,669999,15,660000,84,650000,40,9999,0.100000,0,0,0.000000,6,0.000000,0.000000,0.243270,0,0,0,0,0,0,0
66,669999,16,660000,84,650000,40,9999,0.100000,0,0,0.000000,6,0.000000,0.000000,0.133647,0,0,0,0,0,0,0
66,669999,17,660000,0,60000,40,9999,0.100000,0,0,0.000000,6,0.000000,0.000000,0.485665,0,0,0,0,0,0,0
66,669999,18,660000,4,10000,49,9999,0.100000,0,0,0.000000,6,1.000000,0.000000,2.310228,0,0,0,0,0,0,0
66,669999,19,660000,72,150000,49,9999,0.100000,0,0,0.000000,6,6.000000,0.000000,7.501753,0,0,0,0,0,0,0
66,669999,20,660000,0,60000,40,9999,0.100000,0,0,0.000000,6,0.000000,0.000000,0.226684,0,0,0,0,0,0,0
66,669999,21,660000,20,0,40,9999,0.100000,0,0,0.000000,6,0.000000,0.000000,0.927858,0,0,0,0,0,0,0
66,669999,22,660000,0,40000,40,9999,0.100000,0,0,0.000000,6,0.000000,0.000000,11.140160,0,0,0,0,0,0,0
66,669999,23,660000,0,40000,40,9999,0.100000,0,0,0.000000,6,0.000000,0.000000,0.219425,0,0,0,0,0,0,0
66,669999,24,660000,20,0,40,9999,0.100000,0,0,0.000000,6,0.000000,0.000000,0.314301,0,0,0,0,0,0,0
66,669999,25,660000,72,150000,40,9999,0.100000,0,0,0.000000,6,0.000000,0.000000,1.884116,0,0,0,0,0,0,0
66,669999,26,660000,0,40000,40,9999,0.100000,0,0,0.000000,6,0.000000,0.000000,0.195348,0,0,0,0,0,0,0
66,669999,27,660000,20,0,40,9999,0.100000,0,0,0.000000,6,0.000000,0.000000,0.258177,0,0,0,0,0,0,0
66,669999,28,660000,0,40000,40,9999,0.100000,0,0,0.000000,6,0.000000,0.000000,0.100144,0,0,0,0,0,0,0
66,669999,29,660000,0,40000,40,9999,0.100000,0,0,0.000000,6,0.000000,0.000000,0.485846,0,0,0,0,0,0,0
66,669999,30,660000,0,60000,49,9999,0.100000,0,0,0.000000,6,4.000000,0.000000,7.427475,0,0,0,0,0,0,0
66,669999,31,660000,0,40000,40,9999,0.100000,0,0,0.000000,6,0.000000,0.000000,2.580513,0,0,0,0,0,0,0
66,669999,32,660000,72,150000,40,9999,0.100000,0,0,0.000000,6,0.000000,0.000000,0.225486,0,0,0,0,0,0,0
66,669999,33,660000,0,40000,40,9999,0.100000,0,0,0.000000,6,0.000000,0.000000,0.249016,0,0,0,0,0,0,0
66,669999,34,660000,72,150000,40,9999,0.100000,0,0,0.000000,6,0.000000,0.000000,0.735902,0,0,0,0,0,0,0
66,669999,35,660000,84,650000,40,9999,0.100000,0,0,0.000000,6,0.000000,0.000000,0.286300,0,0,0,0,0,0,0
66,669999,36,660000,0,60000,49,9999,0.100000,0,0,0.000000,6,7.000000,0.000000,22.302315,0,0,0,0,0,0,0
66,669999,37,660000,0,40000,40,9999,0.100000,0,0,0.000000,6,0.000000,0.000000,0.106556,0,0,0,0,0,0,0
66,669999,38,660000,84,650000,40,9999,0.100000,0,0,0.000000,6,0.000000,0.000000,0.164438,0,0,0,0,0,0,0
66,669999,39,660000,4,10000,40,9999,0.100000,0,0,0.000000,6,0.000000,0.000000,0.098788,0,0,0,0,0,0,0
66,669999,40,660000,72,150000,40,9999,0.100000,0,0,0.000000,6,0.000000,0.000000,0.620599,0,0,0,0,0,0,0
66,669999,41,660000,72,150000,40,9999,0.100000,0,0,0.000000,6,0.000000,0.000000,0.081303,0,0,0,0,0,0,0
66,669999,42,660000,20,0,40,9999,0.100000,0,0,0.000000,6,0.000000,0.000000,0.117415,0,0,0,0,0,0,0
66,669999,43,660000,0,60000,40,9999,0.100000,0,0,0.000000,6,0.000000,0.000000,0.310675,0,0,0,0,0,0,0
66,669999,44,660000,20,0,40,9999,0.100000,0,0,0.000000,6,0.000000,0.000000,0.243129,0,0,0,0,0,0,0
66,669999,45,660000,72,150000,40,9999,0.100000,0,0,0.000000,6,0.000000,0.000000,1.308994,0,0,0,0,0,0,0
66,669999,46,660000,0,60000,40,9999,0.100000,0,0,0.000000,6,0.000000,0.000000,0.242842,0,0,0,0,0,0,0
66,669999,47,660000,72,150000,40,9999,0.100000,0,0,0.000000,6,0.000000,0.000000,0.159356,0,0,0,0,0,0,0
66,669999,48,660000,72,70000,40,9999,0.100000,0,0,0.000000,6,0.000000,0.000000,0.203866,0,0,0,0,0,0,0
66,669999,49,660000,20,0,40,9999,0.100000,0,0,0.000000,6,0.000000,0.000000,0.163162,0,0,0,0,0,0,0
66,669999,50,660000,0,60000,40,9999,0.100000,0,0,0.000000,6,0.000000,0.000000,0.110891,0,0,0,0,0,0,0
66,669999,51,660000,0,60000,40,9999,0.100000,0,0,0.000000,6,0.000000,0.000000,0.352226,0,0,0,0,0,0,0
66,669999,52,660000,0,60000,40,9999,0.100000,0,0,0.000000,6,0.000000,0.000000,0.159974,0,0,0,0,0,0,0
66,669999,53,660000,0,60000,40,9999,0.100000,0,0,0.000000,6,0.000000,0.000000,0.087255,0,0,0,0,0,0,0
66,669999,54,660000,72,150000,40,9999,0.100000,0,0,0.000000,6,0.000000,0.000000,0.463276,0,0,0,0,0,0,0
66,669999,55,660000,4,10000,40,9999,0.100000,0,0,0.000000,6,0.000000,0.000000,0.107371,0,0,0,0,0,0,0
66,669999,56,660000,20,0,40,9999,0.100000,0,0,0.000000,6,0.000000,0.000000,0.087802,0,0,0,0,0,0,0
66,669999,57,660000,20,0,40,9999,0.100000,0,0,0.000000,6,0.000000,0.000000,0.362076,0,0,0,0,0,0,0
66,669999,58,660000,84,650000,40,9999,0.100000,0,0,0.000000,6,0.000000,0.000000,8.959130,0,0,0,0,0,0,0
66,669999,59,660000,72,70000,40,9999,0.100000,0,0,0.000000,6,0.000000,0.000000,0.956907,0,0,0,0,0,0,0
66,669999,60,660000,72,150000,40,9999,0.100000,0,0,0.000000,6,0.000000,0.000000,0.144169,0,0,0,0,0,0,0
66,669999,61,660000,72,150000,40,9999,0.100000,0,0,0.000000,6,0.000000,0.000000,0.090943,0,0,0,0,0,0,0
66,669999,62,660000,0,40000,40,9999,0.100000,0,0,0.000000,6,0.000000,0.000000,0.009479,0,0,0,0,0,0,0
66,669999,63,660000,84,650000,40,9999,0.100000,0,0,0.000000,6,0.000000,0.000000,0.077643,0,0,0,0,0,0,0
66,669999,64,660000,20,0,40,9999,0.100000,0,0,0.000000,6,0.000000,0.000000,0.430959,0,0,0,0,0,0,0
66,669999,65,660000,72,150000,40,9999,0.100000,0,0,0.000000,6,0.000000,0.000000,0.233968,0,0,0,0,0,0,0
66,669999,66,660000,0,60000,40,9999,0.100000,0,0,0.000000,6,0.000000,0.000000,0.206340,0,0,0,0,0,0,0
66,669999,67,660000,4,10000,40,9999,0.100000,0,0,0.000000,6,0.000000,0.000000,0.245988,0,0,0,0,0,0,0
66,669999,68,660000,0,40000,40,9999,0.100000,0,0,0.000000,6,0.000000,0.000000,1.138302,0,0,0,0,0,0,0
66,669999,69,660000,0,40000,49,9999,0.100000,0,0,0.000000,6,7.000000,0.000000,18.640408,0,0,0,0,0,0,0
66,669999,70,660000,72,70000,40,9999,0.100000,0,0,0.000000,6,0.000000,0.000000,0.190109,0,0,0,0,0,0,0
66,669999,71,660000,0,40000,40,9999,0.100000,0,0,0.000000,6,0.000000,0.000000,0.154719,0,0,0,0,0,0,0
66,669999,72,660000,4,10000,40,9999,0.100000,0,0,0.000000,6,0.000000,0.000000,0.168874,0,0,0,0,0,0,0
66,669999,73,660000,0,60000,40,9999,0.100000,0,0,0.000000,6,0.000000,0.000000,0.651493,0,0,0,0,0,0,0
66,669999,74,660000,20,0,40,9999,0.100000,0,0,0.000000,6,0.000000,0.000000,0.160043,0,0,0,0,0,0,0
66,669999,75,660000,72,150000,40,9999,0.100000,0,0,0.000000,6,0.000000,0.000000,0.093159,0,0,0,0,0,0,0
66,669999,76,660000,72,150000,40,9999,0.100000,0,0,0.000000,6,0.000000,0.000000,0.239150,0,0,0,0,0,0,0
66,669999,77,660000,0,60000,40,9999,0.100000,0,0,0.000000,6,0.000000,0.000000,0.137493,0,0,0,0,0,0,0
66,669999,78,660000,20,0,40,9999,0.100000,0,0,0.000000,6,0.000000,0.000000,0.139365,0,0,0,0,0,0,0
66,669999,79,660000,0,40000,40,9999,0.100000,0,0,0.000000,6,0.000000,0.000000,0.499162,0,0,0,0,0,0,0
66,669999,80,660000,84,650000,40,9999,0.100000,0,0,0.000000,6,0.000000,0.000000,0.081522,0,0,0,0,0,0,0
66,669999,81,660000,84,650000,40,9999,0.100000,0,0,0.000000,6,0.000000,0.000000,0.225510,0,0,0,0,0,0,0
66,669999,82,660000,4,10000,40,9999,0.100000,0,0,0.000000,6,0.000000,0.000000,0.593732,0,0,0,0,0,0,0
66,669999,83,660000,20,0,40,9999,0.100000,0,0,0.000000,6,0.000000,0.000000,0.979367,0,0,0,0,0,0,0
66,669999,84,660000,0,40000,49,9999,0.100000,0,0,0.000000,6,15.000000,0.000000,16.699432,0,0,0,0,0,0,0
66,669999,85,660000,4,10000,40,9999,0.100000,0,0,0.000000,6,0.000000,0.000000,0.126502,0,0,0,0,0,0,0
66,669999,86,660000,20,0,40,9999,0.100000,0,0,0.000000,6,0.000000,0.000000,0.108354,0,0,0,0,0,0,0
66,669999,87,660000,0,60000,40,9999,0.100000,0,0,0.000000,6,0.000000,0.000000,0.107080,0,0,0,0,0,0,0
66,669999,88,660000,0,60000,40,9999,0.100000,0,0,0.000000,6,0.000000,0.000000,0.100899,0,0,0,0,0,0,0
66,669999,89,660000,4,10000,49,9999,0.100000,0,0,0.000000,6,3.000000,0.000000,7.720510,0,0,0,0,0,0,0
66,669999,90,660000,0,60000,40,9999,0.100000,0,0,0.000000,6,0.000000,0.000000,1.664552,0,0,0,0,0,0,0
66,669999,91,660000,72,150000,40,9999,0.100000,0,0,0.000000,6,0.000000,0.000000,26.425901,0,0,0,0,0,0,0
66,669999,92,660000,84,650000,40,9999,0.100000,0,0,0.000000,6,0.000000,0.000000,0.068847,0,0,0,0,0,0,0
66,669999,93,660000,72,150000,40,9999,0.100000,0,0,0.000000,6,0.000000,0.000000,0.096717,0,0,0,0,0,0,0
66,669999,94,660000,20,0,40,9999,0.100000,0,0,0.000000,6,0.000000,0.000000,0.221812,0,0,0,0,0,0,0
66,669999,95,660000,20,0,40,9999,0.100000,0,0,0.000000,6,0.000000,0.000000,0.348930,0,0,0,0,0,0,0
66,669999,96,660000,0,60000,40,9999,0.100000,0,0,0.000000,6,0.000000,0.000000,0.540569,0,0,0,0,0,0,0
66,669999,97,660000,0,40000,40,9999,0.100000,0,0,0.000000,6,0.000000,0.000000,0.248649,0,0,0,0,0,0,0
66,669999,98,660000,0,60000,40,9999,0.100000,0,0,0.000000,6,0.000000,0.000000,0.057032,0,0,0,0,0,0,0
66,669999,99,660000,20,0,40,9999,0.100000,0,0,0.000000,6,0.000000,0.000000,0.183186,0,0,0,0,0,0,0
67,679999,0,670000,84,650000,40,9999,0.100000,0,0,0.000000,6,0.000000,0.000000,0.118122,0,0,0,0,0,0,0
67,679999,1,670000,20,0,40,9999,0.100000,0,0,0.000000,6,0.000000,0.000000,0.091155,0,0,0,0,0,0,0
67,679999,2,670000,4,10000,40,9999,0.100000,0,0,0.000000,6,0.000000,0.000000,0.137292,0,0,0,0,0,0,0
67,679999,3,670000,20,0,40,9999,0.100000,0,0,0.000000,6,0.000000,0.000000,13.363369,0,0,0,0,0,0,0
67,679999,4,670000,72,150000,49,9999,0.100000,0,0,0.000000,6,1.000000,0.000000,4.143580,0,0,0,0,0,0,0
67,679999,5,670000,0,40000,40,9999,0.100000,0,0,0.000000,6,0.000000,0.000000,0.288535,0,0,0,0,0,0,0
67,679999,6,670000,84,650000,40,9999,0.100000,0,0,0.000000,6,0.000000,0.000000,0.141530,0,0,0,0,0,0,0
67,679999,7,670000,0,60000,40,9999,0.100000,0,0,0.000000,6,0.000000,0.000000,0.300917,0,0,0,0,0,0,0
67,679999,8,670000,20,0,40,9999,0.100000,0,0,0.000000,6,0.000000,0.000000,0.089378,0,0,0,0,0,0,0
67,679999,9,670000,4,10000,40,9999,0.100000,0,0,0.000000,6,0.000000,0.000000,0.389873,0,0,0,0,0,0,0
67,679999,10,670000,72,150000,40,9999,0.100000,0,0,0.000000,6,0.000000,0.000000,0.868229,0,0,0,0,0,0,0
67,679999,11,670000,20,0,40,9999,0.100000,0,0,0.000000,6,0.000000,0.000000,0.170685,0,0,0,0,0,0,0
67,679999,12,670000,0,40000,40,9999,0.100000,0,0,0.000000,6,0.000000,0.000000,3.271996,0,0,0,0,0,0,0
67,679999,13,670000,84,650000,40,9999,0.100000,0,0,0.000000,6,0.000000,0.000000,0.223014,0,0,0,0,0,0,0
67,679999,14,670000,20,0,40,9999,0.100000,0,0,0.000000,6,0.000000,0.000000,0.174297,0,0,0,0,0,0,0
67,679999,15,670000,84,650000,40,9999,0.100000,0,0,0.000000,6,0.000000,0.000000,0.242504,0,0,0,0,0,0,0
67,679999,16,670000,72,150000,49,9999,0.100000,0,0,0.000000,6,4.000000,0.000000,8.853778,0,0,0,0,0,0,0
67,679999,17,670000,0,40000,40,9999,0.100000,0,0,0.000000,6,0.000000,0.000000,0.713127,0,0,0,0,0,0,0
67,679999,18,670000,0,60000,40,9999,0.100000,0,0,0.000000,6,0.000000,0.000000,0.231207,0,0,0,0,0,0,0
67,679999,19,670000,0,40000,49,9999,0.100000,0,0,0.000000,6,5.000000,0.000000,6.482170,0,0,0,0,0,0,0
67,679999,20,670000,4,10000,49,9999,0.100000,0,0,0.000000,6,1.000000,0.000000,1.783230,0,0,0,0,0,0,0
67,679999,21,670000,20,0,40,9999,0.100000,0,0,0.000000,6,0.000000,0.000000,0.833383,0,0,0,0,0,0,0
67,679999,22,670000,0,60000,40,9999,0.100000,0,0,0.000000,6,0.000000,0.000000,16.273791,0,0,0,0,0,0,0
67,679999,23,670000,20,0,40,9999,0.100000,0,0,0.000000,6,0.000000,0.000000,0.232072,0,0,0,0,0,0,0
67,679999,24,670000,20,0,40,9999,0.100000,0,0,0.000000,6,0.000000,0.000000,0.370422,0,0,0,0,0,0,0
67,679999,25,670000,84,650000,40,9999,0.100000,0,0,0.000000,6,0.000000,0.000000,1.742286,0,0,0,0,0,0,0
67,679999,26,670000,84,650000,40,9999,0.100000,0,0,0.000000,6,0.000000,0.000000,0.247384,0,0,0,0,0,0,0
67,679999,27,670000,0,60000,40,9999,0.100000,0,0,0.000000,6,0.000000,0.000000,0.329431,0,0,0,0,0,0,0
67,679999,28,670000,84,650000,40,9999,0.100000,0,0,0.000000,6,0.000000,0.000000,0.075782,0,0,0,0,0,0,0
67,679999,29,670000,20,0,40,9999,0.100000,0,0,0.000000,6,0.000000,0.000000,0.595787,0,0,0,0,0,0,0
67,679999,30,670000,72,150000,40,9999,0.100000,0,0,0.000000,6,0.000000,0.000000,13.379677,0,0,0,0,0,0,0
67,679999,31,670000,84,650000,40,9999,0.100000,0,0,0.000000,6,0.000000,0.000000,2.320402,0,0,0,0,0,0,0
67,679999,32,670000,20,0,40,9999,0.100000,0,0,0.000000,6,0.000000,0.000000,0.243797,0,0,0,0,0,0,0
67,679999,33,670000,72,150000,40,9999,0.100000,0,0,0.000000,6,0.000000,0.000000,0.302306,0,0,0,0,0,0,0
67,679999,34,670000,20,0,40,9999,0.100000,0,0,0.000000,6,0.000000,0.000000,0.796001,0,0,0,0,0,0,0
67,679999,35,670000,4,10000,40,9999,0.100000,0,0,0.000000,6,0.000000,0.000000,0.274940,0,0,0,0,0,0,0
67,679999,36,670000,84,650000,40,9999,0.100000,0,0,0.000000,6,0.000000,0.000000,6.911986,0,0,0,0,0,0,0
67,679999,37,670000,20,0,40,9999,0.100000,0,0,0.000000,6,0.000000,0.000000,0.106103,0,0,0,0,0,0,0
67,679999,38,670000,84,650000,40,9999,0.100000,0,0,0.000000,6,0.000000,0.000000,0.155040,0,0,0,0,0,0,0
67,679999,39,670000,4,10000,40,9999,0.100000,0,0,0.000000,6,0.000000,0.000000,0.161111,0,0,0,0,0,0,0
67,679999,40,670000,20,0,40,9999,0.100000,0,0,0.000000,6,0.000000,0.000000,0.630610,0,0,0,0,0,0,0
67,679999,41,670000,72,150000,40,9999,0.100000,0,0,0.000000,6,0.000000,0.000000,0.249775,0,0,0,0,0,0,0
67,679999,42,670000,0,40000,40,9999,0.100000,0,0,0.000000,6,0.000000,0.000000,0.170375,0,0,0,0,0,0,0
67,679999,43,670000,84,650000,40,9999,0.100000,0,0,0.000000,6,0.000000,0.000000,0.291172,0,0,0,0,0,0,0
67,679999,44,670000,4,10000,40,9999,0.100000,0,0,0.000000,6,0.000000,0.000000,0.241286,0,0,0,0,0,0,0
67,679999,45,670000,72,150000,40,9999,0.100000,0,0,0.000000,6,0.000000,0.000000,0.241740,0,0,0,0,0,0,0
67,679999,46,670000,4,10000,40,9999,0.100000,0,0,0.000000,6,0.000000,0.000000,0.241416,0,0,0,0,0,0,0
67,679999,47,670000,0,60000,40,9999,0.100000,0,0,0.000000,6,0.000000,0.000000,0.157181,0,0,0,0,0,0,0
67,679999,48,670000,0,40000,40,9999,0.100000,0,0,0.000000,6,0.000000,0.000000,0.184459,0,0,0,0,0,0,0
67,679999,49,670000,4,10000,40,9999,0.100000,0,0,0.000000,6,0.000000,0.000000,0.160511,0,0,0,0,0,0,0
67,679999,50,670000,4,10000,40,9999,0.100000,0,0,0.000000,6,0.000000,0.000000,0.112054,0,0,0,0,0,0,0
67,679999,51,670000,84,650000,40,9999,0.100000,0,0,0.000000,6,0.000000,0.000000,0.582248,0,0,0,0,0,0,0
67,679999,52,670000,72,150000,40,9999,0.100000,0,0,0.000000,6,0.000000,0.000000,0.156937,0,0,0,0,0,0,0
67,679999,53,670000,84,650000,40,9999,0.100000,0,0,0.000000,6,0.000000,0.000000,0.088316,0,0,0,0,0,0,0
67,679999,54,670000,20,0,40,9999,0.100000,0,0,0.000000,6,0.000000,0.000000,0.482670,0,0,0,0,0,0,0
67,679999,55,670000,0,60000,40,9999,0.100000,0,0,0.000000,6,0.000000,0.000000,0.159050,0,0,0,0,0,0,0
67,679999,56,670000,72,150000,40,9999,0.100000,0,0,0.000000,6,0.000000,0.000000,0.088687,0,0,0,0,0,0,0
67,679999,57,670000,4,10000,40,9999,0.100000,0,0,0.000000,6,0.000000,0.000000,0.134095,0,0,0,0,0,0,0
67,679999,58,670000,4,10000,40,9999,0.100000,0,0,0.000000,6,0.000000,0.000000,2.132822,0,0,0,0,0,0,0
67,679999,59,670000,0,60000,49,9999,0.100000,0,0,0.000000,6,1.000000,0.000000,1.778206,0,0,0,0,0,0,0
67,679999,60,670000,0,40000,40,9999,0.100000,0,0,0.000000,6,0.000000,0.000000,0.150084,0,0,0,0,0,0,0
67,679999,61,670000,0,60000,40,9999,0.100000,0,0,0.000000,6,0.000000,0.000000,0.138584,0,0,0,0,0,0,0
67,679999,62,670000,72,150000,40,9999,0.100000,0,0,0.000000,6,0.000000,0.000000,0.009456,0,0,0,0,0,0,0
67,679999,63,670000,20,0,40,9999,0.100000,0,0,0.000000,6,0.000000,0.000000,0.078652,0,0,0,0,0,0,0
67,679999,64,670000,0,60000,40,9999,0.100000,0,0,0.000000,6,0.000000,0.000000,0.405878,0,0,0,0,0,0,0
67,679999,65,670000,0,40000,40,9999,0.100000,0,0,0.000000,6,0.000000,0.000000,0.222960,0,0,0,0,0,0,0
67,679999,66,670000,72,150000,40,9999,0.100000,0,0,0.000000,6,0.000000,0.000000,0.214832,0,0,0,0,0,0,0
67,679999,67,670000,20,0,40,9999,0.100000,0,0,0.000000,6,0.000000,0.000000,0.255287,0,0,0,0,0,0,0
67,679999,68,670000,4,10000,40,9999,0.100000,0,0,0.000000,6,0.000000,0.000000,1.411152,0,0,0,0,0,0,0
67,679999,69,670000,20,0,40,9999,0.100000,0,0,0.000000,6,0.000000,0.000000,0.307910,0,0,0,0,0,0,0
67,679999,70,670000,20,0,49,9999,0.100000,0,0,0.000000,6,5.000000,0.000000,11.421128,0,0,0,0,0,0,0
67,679999,71,670000,84,650000,40,9999,0.100000,0,0,0.000000,6,0.000000,0.000000,0.145374,0,0,0,0,0,0,0
67,679999,72,670000,84,650000,40,9999,0.100000,0,0,0.000000,6,0.000000,0.000000,0.091144,0,0,0,0,0,0,0
67,679999,73,670000,0,40000,40,9999,0.100000,0,0,0.000000,6,0.000000,0.000000,0.776311,0,0,0,0,0,0,0
67,679999,74,670000,0,60000,40,9999,0.100000,0,0,0.000000,6,0.000000,0.000000,0.205347,0,0,0,0,0,0,0
67,679999,75,670000,0,60000,40,9999,0.100000,0,0,0.000000,6,0.000000,0.000000,0.094407,0,0,0,0,0,0,0
67,679999,76,670000,72,150000,40,9999,0.100000,0,0,0.000000,6,0.000000,0.000000,0.236294,0,0,0,0,0,0,0
67,679999,77,670000,84,650000,49,9999,0.100000,0,0,0.000000,6,6.000000,0.000000,12.512179,0,0,0,0,0,0,0
67,679999,78,670000,84,650000,40,9999,0.100000,0,0,0.000000,6,0.000000,0.000000,0.141100,0,0,0,0,0,0,0
67,679999,79,670000,0,60000,40,9999,0.100000,0,0,0.000000,6,0.000000,0.000000,1.117773,0,0,0,0,0,0,0
67,679999,80,670000,72,150000,40,9999,0.100000,0,0,0.000000,6,0.000000,0.000000,0.081984,0,0,0,0,0,0,0
67,679999,81,670000,72,150000,40,9999,0.100000,0,0,0.000000,6,0.000000,0.000000,0.185609,0,0,0,0,0,0,0
67,679999,82,670000,0,40000,40,9999,0.100000,0,0,0.000000,6,0.000000,0.000000,0.633012,0,0,0,0,0,0,0
67,679999,83,670000,84,650000,40,9999,0.100000,0,0,0.000000,6,0.000000,0.000000,0.087598,0,0,0,0,0,0,0
67,679999,84,670000,0,40000,49,9999,0.100000,0,0,0.000000,6,2.000000,0.000000,3.347820,0,0,0,0,0,0,0
67,679999,85,670000,72,150000,40,9999,0.100000,0,0,0.000000,6,0.000000,0.000000,0.146915,0,0,0,0,0,0,0
67,679999,86,670000,72,150000,40,9999,0.100000,0,0,0.000000,6,0.000000,0.000000,0.109970,0,0,0,0,0,0,0
67,679999,87,670000,0,60000,49,9999,0.100000,0,0,0.000000,6,1.000000,0.000000,3.082770,0,0,0,0,0,0,0
67,679999,88,670000,72,150000,40,9999,0.100000,0,0,0.000000,6,0.000000,0.000000,0.092592,0,0,0,0,0,0,0
67,679999,89,670000,20,0,40,9999,0.100000,0,0,0.000000,6,0.000000,0.000000,0.078044,0,0,0,0,0,0,0
67,679999,90,670000,72,150000,40,9999,0.100000,0,0,0.000000,6,0.000000,0.000000,2.174089,0,0,0,0,0,0,0
67,679999,91,670000,0,40000,40,9999,0.100000,0,0,0.000000,6,0.000000,0.000000,17.301557,0,0,0,0,0,0,0
67,679999,92,670000,0,40000,40,9999,0.100000,0,0,0.000000,6,0.000000,0.000000,0.070886,0,0,0,0,0,0,0
67,679999,93,670000,72,150000,40,9999,0.100000,0,0,0.000000,6,0.000000,0.000000,0.097863,0,0,0,0,0,0,0
67,679999,94,670000,84,650000,49,9999,0.100000,0,0,0.000000,6,1.000000,0.000000,1.597993,0,0,0,0,0,0,0
67,679999,95,670000,84,650000,40,9999,0.100000,0,0,0.000000,6,0.000000,0.000000,0.343324,0,0,0,0,0,0,0
67,679999,96,670000,0,60000,40,9999,0.100000,0,0,0.000000,6,0.000000,0.000000,0.499416,0,0,0,0,0,0,0
67,679999,97,670000,84,650000,40,9999,0.100000,0,0,0.000000,6,0.000000,0.000000,0.234485,0,0,0,0,0,0,0
67,679999,98,670000,0,40000,40,9999,0.100000,0,0,0.000000,6,0.000000,0.000000,0.058774,0,0,0,0,0,0,0
67,679999,99,670000,84,650000,40,9999,0.100000,0,0,0.000000,6,0.000000,0.000000,0.185881,0,0,0,0,0,0,0
68,689999,0,680000,0,40000,40,9999,0.100000,0,0,0.000000,6,0.000000,0.000000,0.110583,0,0,0,0,0,0,0
68,689999,1,680000,4,10000,40,9999,0.100000,0,0,0.000000,6,0.000000,0.000000,0.091494,0,0,0,0,0,0,0
68,689999,2,680000,4,10000,40,9999,0.100000,0,0,0.000000,6,0.000000,0.000000,0.116285,0,0,0,0,0,0,0
68,689999,3,680000,72,150000,40,9999,0.100000,0,0,0.000000,6,0.000000,0.000000,1.820288,0,0,0,0,0,0,0
68,689999,4,680000,4,10000,40,9999,0.100000,0,0,0.000000,6,0.000000,0.000000,7.240680,0,0,0,0,0,0,0
68,689999,5,680000,84,650000,40,9999,0.100000,0,0,0.000000,6,0.000000,0.000000,0.239061,0,0,0,0,0,0,0
68,689999,6,680000,72,150000,40,9999,0.100000,0,0,0.000000,6,0.000000,0.000000,0.137151,0,0,0,0,0,0,0
68,689999,7,680000,4,10000,40,9999,0.100000,0,0,0.000000,6,0.000000,0.000000,0.303433,0,0,0,0,0,0,0
68,689999,8,680000,72,150000,40,9999,0.065000,0,0,0.000000,6,0.000000,0.000000,0.120286,0,0,0,0,0,0,0
68,689999,9,680000,4,10000,40,9999,0.100000,0,0,0.000000,6,0.000000,0.000000,0.400697,0,0,0,0,0,0,0
68,689999,10,680000,72,150000,40,9999,0.100000,0,0,0.000000,6,0.000000,0.000000,1.171974,0,0,0,0,0,0,0
68,689999,11,680000,84,650000,40,9999,0.100000,0,0,0.000000,6,0.000000,0.000000,0.173933,0,0,0,0,0,0,0
68,689999,12,680000,4,10000,49,9999,0.100000,0,0,0.000000,6,1.000000,0.000000,1.896017,0,0,0,0,0,0,0
68,689999,13,680000,20,0,40,9999,0.100000,0,0,0.000000,6,0.000000,0.000000,0.217287,0,0,0,0,0,0,0
68,689999,14,680000,72,150000,40,9999,0.100000,0,0,0.000000,6,0.000000,0.000000,0.242567,0,0,0,0,0,0,0
68,689999,15,680000,0,40000,40,9999,0.100000,0,0,0.000000,6,0.000000,0.000000,0.237218,0,0,0,0,0,0,0
68,689999,16,680000,20,0,40,9999,0.100000,0,0,0.000000,6,0.000000,0.000000,0.106686,0,0,0,0,0,0,0
68,689999,17,680000,4,10000,40,9999,0.100000,0,0,0.000000,6,0.000000,0.000000,0.708468,0,0,0,0,0,0,0
68,689999,18,680000,0,60000,40,9999,0.100000,0,0,0.000000,6,0.000000,0.000000,0.239275,0,0,0,0,0,0,0
68,689999,19,680000,4,10000,49,9999,0.100000,0,0,0.000000,6,4.000000,0.000000,4.527820,0,0,0,0,0,0,0
68,689999,20,680000,72,150000,40,9999,0.100000,0,0,0.000000,6,0.000000,0.000000,0.682670,0,0,0,0,0,0,0
68,689999,21,680000,0,40000,40,9999,0.100000,0,0,0.000000,6,0.000000,0.000000,0.814335,0,0,0,0,0,0,0
68,689999,22,680000,20,0,40,9999,0.100000,0,0,0.000000,6,0.000000,0.000000,16.340302,0,0,0,0,0,0,0
68,689999,23,680000,0,40000,40,9999,0.100000,0,0,0.000000,6,0.000000,0.000000,0.227625,0,0,0,0,0,0,0
68,689999,24,680000,84,650000,40,9999,0.100000,0,0,0.000000,6,0.000000,0.000000,0.314873,0,0,0,0,0,0,0
68,689999,25,680000,72,150000,40,9999,0.100000,0,0,0.000000,6,0.000000,0.000000,3.028254,0,0,0,0,0,0,0
68,689999,26,680000,20,0,40,9999,0.100000,0,0,0.000000,6,0.000000,0.000000,0.128192,0,0,0,0,0,0,0
68,689999,27,680000,20,0,40,9999,0.100000,0,0,0.000000,6,0.000000,0.000000,0.238226,0,0,0,0,0,0,0
68,689999,28,680000,4,10000,40,9999,0.100000,0,0,0.000000,6,0.000000,0.000000,0.070503,0,0,0,0,0,0,0
68,689999,29,680000,84,650000,40,9999,0.100000,0,0,0.000000,6,0.000000,0.000000,1.368277,0,0,0,0,0,0,0
68,689999,30,680000,0,60000,40,9999,0.100000,0,0,0.000000,6,0.000000,0.000000,22.009038,0,0,0,0,0,0,0
68,689999,31,680000,0,60000,40,9999,0.100000,0,0,0.000000,6,0.000000,0.000000,1.235969,0,0,0,0,0,0,0
68,689999,32,680000,72,150000,40,9999,0.100000,0,0,0.000000,6,0.000000,0.000000,0.244308,0,0,0,0,0,0,0
68,689999,33,680000,0,60000,40,9999,0.100000,0,0,0.000000,6,0.000000,0.000000,0.304638,0,0,0,0,0,0,0
68,689999,34,680000,4,10000,40,9999,0.100000,0,0,0.000000,6,0.000000,0.000000,0.838188,0,0,0,0,0,0,0
68,689999,35,680000,84,650000,40,9999,0.100000,0,0,0.000000,6,0.000000,0.000000,0.278794,0,0,0,0,0,0,0
68,689999,36,680000,84,650000,40,9999,0.100000,0,0,0.000000,6,0.000000,0.000000,7.729893,0,0,0,0,0,0,0
68,689999,37,680000,0,40000,40,9999,0.100000,0,0,0.000000,6,0.000000,0.000000,0.100110,0,0,0,0,0,0,0
68,689999,38,680000,4,10000,40,9999,0.100000,0,0,0.000000,6,0.000000,0.000000,0.163800,0,0,0,0,0,0,0
68,689999,39,680000,20,0,40,9999,0.100000,0,0,0.000000,6,0.000000,0.000000,0.466536,0,0,0,0,0,0,0
68,689999,40,680000,0,60000,40,9999,0.100000,0,0,0.000000,6,0.000000,0.000000,0.613587,0,0,0,0,0,0,0
68,689999,41,680000,84,650000,49,9999,0.100000,0,0,0.000000,6,4.000000,0.000000,7.374314,0,0,0,0,0,0,0
68,689999,42,680000,0,40000,40,9999,0.100000,0,0,0.000000,6,0.000000,0.000000,0.201078,0,0,0,0,0,0,0
68,689999,43,680000,0,60000,40,9999,0.100000,0,0,0.000000,6,0.000000,0.000000,0.270623,0,0,0,0,0,0,0
68,689999,44,680000,0,60000,40,9999,0.100000,0,0,0.000000,6,0.000000,0.000000,0.233941,0,0,0,0,0,0,0
68,689999,45,680000,0,60000,40,9999,0.100000,0,0,0.000000,6,0.000000,0.000000,0.243093,0,0,0,0,0,0,0
68,689999,46,680000,4,10000,40,9999,0.100000,0,0,0.000000,6,0.000000,0.000000,0.240637,0,0,0,0,0,0,0
68,689999,47,680000,0,40000,40,9999,0.100000,0,0,0.000000,6,0.000000,0.000000,0.159183,0,0,0,0,0,0,0
68,689999,48,680000,0,60000,40,9999,0.100000,0,0,0.000000,6,0.000000,0.000000,0.183812,0,0,0,0,0,0,0
68,689999,49,680000,0,60000,40,9999,0.100000,0,0,0.000000,6,0.000000,0.000000,0.162095,0,0,0,0,0,0,0
68,689999,50,680000,0,40000,40,9999,0.100000,0,0,0.000000,6,0.000000,0.000000,0.112350,0,0,0,0,0,0,0
68,689999,51,680000,20,0,40,9999,0.100000,0,0,0.000000,6,0.000000,0.000000,0.939914,0,0,0,0,0,0,0
68,689999,52,680000,0,60000,40,9999,0.100000,0,0,0.000000,6,0.000000,0.000000,0.158246,0,0,0,0,0,0,0
68,689999,53,680000,4,10000,40,9999,0.100000,0,0,0.000000,6,0.000000,0.000000,0.091984,0,0,0,0,0,0,0
68,689999,54,680000,4,10000,40,9999,0.100000,0,0,0.000000,6,0.000000,0.000000,0.552034,0,0,0,0,0,0,0
68,689999,55,680000,20,0,40,9999,0.100000,0,0,0.000000,6,0.000000,0.000000,0.088154,0,0,0,0,0,0,0
68,689999,56,680000,4,10000,40,9999,0.100000,0,0,0.000000,6,0.000000,0.000000,0.088825,0,0,0,0,0,0,0
68,689999,57,680000,72,150000,40,9999,0.100000,0,0,0.000000,6,0.000000,0.000000,0.188714,0,0,0,0,0,0,0
68,689999,58,680000,0,40000,40,9999,0.100000,0,0,0.000000,6,0.000000,0.000000,0.551891,0,0,0,0,0,0,0
68,689999,59,680000,4,10000,40,9999,0.100000,0,0,0.000000,6,0.000000,0.000000,0.479014,0,0,0,0,0,0,0
68,689999,60,680000,72,150000,49,9999,0.100000,0,0,0.000000,6,2.000000,0.000000,4.901756,0,0,0,0,0,0,0
68,689999,61,680000,20,0,40,9999,0.100000,0,0,0.000000,6,0.000000,0.000000,0.388330,0,0,0,0,0,0,0
68,689999,62,680000,0,40000,40,9999,0.100000,0,0,0.000000,6,0.000000,0.000000,0.009342,0,0,0,0,0,0,0
68,689999,63,680000,84,650000,40,9999,0.100000,0,0,0.000000,6,0.000000,0.000000,0.078841,0,0,0,0,0,0,0
68,689999,64,680000,72,150000,40,9999,0.100000,0,0,0.000000,6,0.000000,0.000000,0.436648,0,0,0,0,0,0,0
68,689999,65,680000,72,150000,40,9999,0.100000,0,0,0.000000,6,0.000000,0.000000,0.226084,0,0,0,0,0,0,0
68,689999,66,680000,72,150000,40,9999,0.100000,0,0,0.000000,6,0.000000,0.000000,0.218755,0,0,0,0,0,0,0
68,689999,67,680000,72,150000,40,9999,0.100000,0,0,0.000000,6,0.000000,0.000000,0.588716,0,0,0,0,0,0,0
68,689999,68,680000,0,60000,40,9999,0.100000,0,0,0.000000,6,0.000000,0.000000,1.304589,0,0,0,0,0,0,0
68,689999,69,680000,0,40000,49,9999,0.100000,0,0,0.000000,6,7.000000,0.000000,15.685764,0,0,0,0,0,0,0
68,689999,70,680000,4,10000,40,9999,0.100000,0,0,0.000000,6,0.000000,0.000000,0.194342,0,0,0,0,0,0,0
68,689999,71,680000,72,150000,40,9999,0.100000,0,0,0.000000,6,0.000000,0.000000,0.159480,0,0,0,0,0,0,0
68,689999,72,680000,0,60000,40,9999,0.100000,0,0,0.000000,6,0.000000,0.000000,0.088427,0,0,0,0,0,0,0
68,689999,73,680000,0,40000,40,9999,0.100000,0,0,0.000000,6,0.000000,0.000000,0.678391,0,0,0,0,0,0,0
68,689999,74,680000,72,150000,40,9999,0.100000,0,0,0.000000,6,0.000000,0.000000,0.149667,0,0,0,0,0,0,0
68,689999,75,680000,20,0,40,9999,0.100000,0,0,0.000000,6,0.000000,0.000000,0.095200,0,0,0,0,0,0,0
68,689999,76,680000,84,650000,40,9999,0.100000,0,0,0.000000,6,0.000000,0.000000,0.238097,0,0,0,0,0,0,0
68,689999,77,680000,0,60000,40,9999,0.100000,0,0,0.000000,6,0.000000,0.000000,0.124615,0,0,0,0,0,0,0
68,689999,78,680000,72,150000,40,9999,0.100000,0,0,0.000000,6,0.000000,0.000000,0.133008,0,0,0,0,0,0,0
68,689999,79,680000,84,650000,40,9999,0.100000,0,0,0.000000,6,0.000000,0.000000,1.372162,0,0,0,0,0,0,0
68,689999,80,680000,20,0,40,9999,0.100000,0,0,0.000000,6,0.000000,0.000000,0.081967,0,0,0,0,0,0,0
68,689999,81,680000,4,10000,40,9999,0.100000,0,0,0.000000,6,0.000000,0.000000,0.194402,0,0,0,0,0,0,0
68,689999,82,680000,4,10000,40,9999,0.100000,0,0,0.000000,6,0.000000,0.000000,0.688086,0,0,0,0,0,0,0
68,689999,83,680000,20,0,40,9999,0.100000,0,0,0.000000,6,0.000000,0.000000,0.083716,0,0,0,0,0,0,0
68,689999,84,680000,0,60000,40,9999,0.100000,0,0,0.000000,6,0.000000,0.000000,0.200510,0,0,0,0,0,0,0
68,689999,85,680000,84,650000,40,9999,0.100000,0,0,0.000000,6,0.000000,0.000000,0.124282,0,0,0,0,0,0,0
68,689999,86,680000,20,0,40,9999,0.100000,0,0,0.000000,6,0.000000,0.000000,0.106415,0,0,0,0,0,0,0
68,689999,87,680000,0,60000,40,9999,0.100000,0,0,0.000000,6,0.000000,0.000000,0.088956,0,0,0,0,0,0,0
68,689999,88,680000,84,650000,49,9999,0.100000,0,0,0.000000,6,10.000000,0.000000,21.047438,0,0,0,0,0,0,0
68,689999,89,680000,4,10000,40,9999,0.100000,0,0,0.000000,6,0.000000,0.000000,0.078666,0,0,0,0,0,0,0
68,689999,90,680000,4,10000,40,9999,0.100000,0,0,0.000000,6,0.000000,0.000000,1.663763,0,0,0,0,0,0,0
68,689999,91,680000,84,650000,49,9999,0.100000,0,0,0.000000,6,1.000000,0.000000,5.061653,0,0,0,0,0,0,0
68,689999,92,680000,0,60000,40,9999,0.100000,0,0,0.000000,6,0.000000,0.000000,0.071036,0,0,0,0,0,0,0
68,689999,93,680000,20,0,40,9999,0.065000,0,0,0.000000,6,0.000000,0.000000,0.096768,0,0,0,0,0,0,0
68,689999,94,680000,4,10000,40,9999,0.100000,0,0,0.000000,6,0.000000,0.000000,0.689761,0,0,0,0,0,0,0
68,689999,95,680000,0,40000,40,9999,0.100000,0,0,0.000000,6,0.000000,0.000000,0.374497,0,0,0,0,0,0,0
68,689999,96,680000,84,650000,40,9999,0.100000,0,0,0.000000,6,0.000000,0.000000,0.469733,0,0,0,0,0,0,0
68,689999,97,680000,0,40000,40,9999,0.100000,0,0,0.000000,6,0.000000,0.000000,0.219786,0,0,0,0,0,0,0
68,689999,98,680000,0,60000,40,9999,0.100000,0,0,0.000000,6,0.000000,0.000000,0.059196,0,0,0,0,0,0,0
68,689999,99,680000,0,60000,40,9999,0.100000,0,0,0.000000,6,0.000000,0.000000,0.185798,0,0,0,0,0,0,0
69,699999,0,690000,72,150000,40,9999,0.100000,0,0,0.000000,6,0.000000,0.000000,0.144116,0,0,0,0,0,0,0
69,699999,1,690000,72,150000,40,9999,0.100000,0,0,0.000000,6,0.000000,0.000000,0.090495,0,0,0,0,0,0,0
69,699999,2,690000,0,40000,40,9999,0.100000,0,0,0.000000,6,0.000000,0.000000,0.178006,0,0,0,0,0,0,0
69,699999,3,690000,0,40000,49,9999,0.100000,0,0,0.000000,6,1.000000,0.000000,10.748764,0,0,0,0,0,0,0
69,699999,4,690000,20,0,40,9999,0.100000,0,0,0.000000,6,0.000000,0.000000,5.780192,0,0,0,0,0,0,0
69,699999,5,690000,4,10000,40,9999,0.100000,0,0,0.000000,6,0.000000,0.000000,0.323216,0,0,0,0,0,0,0
69,699999,6,690000,84,650000,40,9999,0.100000,0,0,0.000000,6,0.000000,0.000000,0.139847,0,0,0,0,0,0,0
69,699999,7,690000,4,10000,40,9999,0.100000,0,0,0.000000,6,0.000000,0.000000,1.681391,0,0,0,0,0,0,0
69,699999,8,690000,4,10000,40,9999,0.100000,0,0,0.000000,6,0.000000,0.000000,0.090058,0,0,0,0,0,0,0
69,699999,9,690000,84,650000,40,9999,0.100000,0,0,0.000000,6,0.000000,0.000000,0.380644,0,0,0,0,0,0,0
69,699999,10,690000,72,150000,49,9999,0.100000,0,0,0.000000,6,1.000000,0.000000,2.348215,0,0,0,0,0,0,0
69,699999,11,690000,84,650000,40,9999,0.100000,0,0,0.000000,6,0.000000,0.000000,0.163921,0,0,0,0,0,0,0
69,699999,12,690000,4,10000,49,9999,0.100000,0,0,0.000000,6,1.000000,0.000000,2.575852,0,0,0,0,0,0,0
69,699999,13,690000,0,40000,40,9999,0.100000,0,0,0.000000,6,0.000000,0.000000,0.227812,0,0,0,0,0,0,0
69,699999,14,690000,72,150000,40,9999,0.100000,0,0,0.000000,6,0.000000,0.000000,0.232132,0,0,0,0,0,0,0
69,699999,15,690000,0,40000,40,9999,0.100000,0,0,0.000000,6,0.000000,0.000000,0.225959,0,0,0,0,0,0,0
69,699999,16,690000,0,60000,40,9999,0.100000,0,0,0.000000,6,0.000000,0.000000,0.139585,0,0,0,0,0,0,0
69,699999,17,690000,20,0,40,9999,0.100000,0,0,0.000000,6,0.000000,0.000000,0.534279,0,0,0,0,0,0,0
69,699999,18,690000,0,40000,40,9999,0.100000,0,0,0.000000,6,0.000000,0.000000,0.238412,0,0,0,0,0,0,0
69,699999,19,690000,84,650000,40,9999,0.100000,0,0,0.000000,6,0.000000,0.000000,1.159729,0,0,0,0,0,0,0
69,699999,20,690000,0,40000,40,9999,0.100000,0,0,0.000000,6,0.000000,0.000000,0.638925,0,0,0,0,0,0,0
69,699999,21,690000,72,150000,40,9999,0.100000,0,0,0.000000,6,0.000000,0.000000,1.471561,0,0,0,0,0,0,0
69,699999,22,690000,72,150000,40,9999,0.100000,0,0,0.000000,6,0.000000,0.000000,17.436102,0,0,0,0,0,0,0
69,699999,23,690000,20,0,40,9999,0.100000,0,0,0.000000,6,0.000000,0.000000,0.217616,0,0,0,0,0,0,0
69,699999,24,690000,0,40000,40,9999,0.100000,0,0,0.000000,6,0.000000,0.000000,0.309452,0,0,0,0,0,0,0
69,699999,25,690000,4,10000,40,9999,0.100000,0,0,0.000000,6,0.000000,0.000000,0.788705,0,0,0,0,0,0,0
69,699999,26,690000,0,60000,40,9999,0.100000,0,0,0.000000,6,0.000000,0.000000,0.267311,0,0,0,0,0,0,0
69,699999,27,690000,4,10000,40,9999,0.100000,0,0,0.000000,6,0.000000,0.000000,0.910132,0,0,0,0,0,0,0
69,699999,28,690000,72,150000,40,9999,0.100000,0,0,0.000000,6,0.000000,0.000000,0.069291,0,0,0,0,0,0,0
69,699999,29,690000,20,0,40,9999,0.100000,0,0,0.000000,6,0.000000,0.000000,0.614076,0,0,0,0,0,0,0
69,699999,30,690000,84,650000,40,9999,0.100000,0,0,0.000000,6,0.000000,0.000000,1.443717,0,0,0,0,0,0,0
69,699999,31,690000,84,650000,49,9999,0.100000,0,0,0.000000,6,1.000000,0.000000,3.581403,0,0,0,0,0,0,0
69,699999,32,690000,84,650000,40,9999,0.100000,0,0,0.000000,6,0.000000,0.000000,0.233587,0,0,0,0,0,0,0
69,699999,33,690000,4,10000,40,9999,0.100000,0,0,0.000000,6,0.000000,0.000000,0.286314,0,0,0,0,0,0,0
69,699999,34,690000,0,40000,40,9999,0.100000,0,0,0.000000,6,0.000000,0.000000,0.896831,0,0,0,0,0,0,0
69,699999,35,690000,84,650000,40,9999,0.100000,0,0,0.000000,6,0.000000,0.000000,0.292452,0,0,0,0,0,0,0
69,699999,36,690000,72,150000,40,9999,0.100000,0,0,0.000000,6,0.000000,0.000000,8.315115,0,0,0,0,0,0,0
69,699999,37,690000,84,650000,40,9999,0.100000,0,0,0.000000,6,0.000000,0.000000,0.096909,0,0,0,0,0,0,0
69,699999,38,690000,72,150000,40,9999,0.100000,0,0,0.000000,6,0.000000,0.000000,0.166997,0,0,0,0,0,0,0
69,699999,39,690000,72,150000,40,9999,0.100000,0,0,0.000000,6,0.000000,0.000000,0.147206,0,0,0,0,0,0,0
69,699999,40,690000,0,40000,40,9999,0.100000,0,0,0.000000,6,0.000000,0.000000,0.612453,0,0,0,0,0,0,0
69,699999,41,690000,0,40000,49,9999,0.100000,0,0,0.000000,6,4.000000,0.000000,16.930764,0,0,0,0,0,0,0
69,699999,42,690000,72,150000,40,9999,0.100000,0,0,0.000000,6,0.000000,0.000000,0.172515,0,0,0,0,0,0,0
69,699999,43,690000,0,40000,40,9999,0.100000,0,0,0.000000,6,0.000000,0.000000,0.379099,0,0,0,0,0,0,0
69,699999,44,690000,72,150000,40,9999,0.100000,0,0,0.000000,6,0.000000,0.000000,0.244255,0,0,0,0,0,0,0
69,699999,45,690000,0,40000,40,9999,0.100000,0,0,0.000000,6,0.000000,0.000000,0.236574,0,0,0,0,0,0,0
69,699999,46,690000,20,0,40,9999,0.100000,0,0,0.000000,6,0.000000,0.000000,0.241056,0,0,0,0,0,0,0
69,699999,47,690000,0,60000,40,9999,0.100000,0,0,0.000000,6,0.000000,0.000000,0.162575,0,0,0,0,0,0,0
69,699999,48,690000,84,650000,40,9999,0.100000,0,0,0.000000,6,0.000000,0.000000,0.237491,0,0,0,0,0,0,0
69,699999,49,690000,0,40000,40,9999,0.100000,0,0,0.000000,6,0.000000,0.000000,0.163134,0,0,0,0,0,0,0
69,699999,50,690000,4,10000,40,9999,0.100000,0,0,0.000000,6,0.000000,0.000000,0.113281,0,0,0,0,0,0,0
69,699999,51,690000,4,10000,49,9999,0.100000,0,0,0.000000,6,1.000000,0.000000,2.204885,0,0,0,0,0,0,0
69,699999,52,690000,20,0,40,9999,0.100000,0,0,0.000000,6,0.000000,0.000000,0.166461,0,0,0,0,0,0,0
69,699999,53,690000,84,650000,40,9999,0.100000,0,0,0.000000,6,0.000000,0.000000,0.089978,0,0,0,0,0,0,0
69,699999,54,690000,20,0,40,9999,0.100000,0,0,0.000000,6,0.000000,0.000000,0.312072,0,0,0,0,0,0,0
69,699999,55,690000,0,60000,40,9999,0.100000,0,0,0.000000,6,0.000000,0.000000,0.192258,0,0,0,0,0,0,0
69,699999,56,690000,4,10000,40,9999,0.100000,0,0,0.000000,6,0.000000,0.000000,0.089021,0,0,0,0,0,0,0
69,699999,57,690000,0,60000,40,9999,0.100000,0,0,0.000000,6,0.000000,0.000000,0.346567,0,0,0,0,0,0,0
69,699999,58,690000,0,60000,40,9999,0.100000,0,0,0.000000,6,0.000000,0.000000,8.733605,0,0,0,0,0,0,0
69,699999,59,690000,84,650000,40,9999,0.100000,0,0,0.000000,6,0.000000,0.000000,0.617208,0,0,0,0,0,0,0
69,699999,60,690000,0,60000,40,9999,0.100000,0,0,0.000000,6,0.000000,0.000000,0.153816,0,0,0,0,0,0,0
69,699999,61,690000,0,40000,40,9999,0.100000,0,0,0.000000,6,0.000000,0.000000,0.449251,0,0,0,0,0,0,0
69,699999,62,690000,84,650000,49,9999,0.100000,0,0,0.000000,6,7.000000,0.000000,15.534117,0,0,0,0,0,0,0
69,699999,63,690000,84,650000,40,9999,0.100000,0,0,0.000000,6,0.000000,0.000000,0.080150,0,0,0,0,0,0,0
69,699999,64,690000,84,650000,40,9999,0.100000,0,0,0.000000,6,0.000000,0.000000,0.444622,0,0,0,0,0,0,0
69,699999,65,690000,0,60000,40,9999,0.100000,0,0,0.000000,6,0.000000,0.000000,0.235441,0,0,0,0,0,0,0
69,699999,66,690000,0,60000,40,9999,0.100000,0,0,0.000000,6,0.000000,0.000000,0.219556,0,0,0,0,0,0,0
69,699999,67,690000,72,150000,40,9999,0.100000,0,0,0.000000,6,0.000000,0.000000,9.907638,0,0,0,0,0,0,0
69,699999,68,690000,72,150000,40,9999,0.100000,0,0,0.000000,6,0.000000,0.000000,1.235373,0,0,0,0,0,0,0
69,699999,69,690000,72,150000,40,9999,0.100000,0,0,0.000000,6,0.000000,0.000000,0.961952,0,0,0,0,0,0,0
69,699999,70,690000,0,60000,40,9999,0.100000,0,0,0.000000,6,0.000000,0.000000,0.184365,0,0,0,0,0,0,0
69,699999,71,690000,4,10000,40,9999,0.100000,0,0,0.000000,6,0.000000,0.000000,0.156077,0,0,0,0,0,0,0
69,699999,72,690000,72,150000,40,9999,0.100000,0,0,0.000000,6,0.000000,0.000000,0.113620,0,0,0,0,0,0,0
69,699999,73,690000,0,60000,40,9999,0.100000,0,0,0.000000,6,0.000000,0.000000,0.719316,0,0,0,0,0,0,0
69,699999,74,690000,0,60000,40,9999,0.100000,0,0,0.000000,6,0.000000,0.000000,0.151847,0,0,0,0,0,0,0
69,699999,75,690000,4,10000,40,9999,0.100000,0,0,0.000000,6,0.000000,0.000000,0.095037,0,0,0,0,0,0,0
69,699999,76,690000,84,650000,40,9999,0.100000,0,0,0.000000,6,0.000000,0.000000,0.231575,0,0,0,0,0,0,0
69,699999,77,690000,20,0,40,9999,0.100000,0,0,0.000000,6,0.000000,0.000000,0.126639,0,0,0,0,0,0,0
69,699999,78,690000,20,0,40,9999,0.100000,0,0,0.000000,6,0.000000,0.000000,0.135073,0,0,0,0,0,0,0
69,699999,79,690000,20,0,40,9999,0.100000,0,0,0.000000,6,0.000000,0.000000,0.365666,0,0,0,0,0,0,0
69,699999,80,690000,4,10000,40,9999,0.100000,0,0,0.000000,6,0.000000,0.000000,0.082467,0,0,0,0,0,0,0
69,699999,81,690000,4,10000,40,9999,0.100000,0,0,0.000000,6,0.000000,0.000000,0.244801,0,0,0,0,0,0,0
69,699999,82,690000,0,40000,40,9999,0.100000,0,0,0.000000,6,0.000000,0.000000,0.737745,0,0,0,0,0,0,0
69,699999,83,690000,4,10000,40,9999,0.100000,0,0,0.000000,6,0.000000,0.000000,0.083538,0,0,0,0,0,0,0
69,699999,84,690000,0,60000,40,9999,0.100000,0,0,0.000000,6,0.000000,0.000000,0.205060,0,0,0,0,0,0,0
69,699999,85,690000,0,40000,40,9999,0.100000,0,0,0.000000,6,0.000000,0.000000,0.136935,0,0,0,0,0,0,0
69,699999,86,690000,72,150000,40,9999,0.100000,0,0,0.000000,6,0.000000,0.000000,0.105789,0,0,0,0,0,0,0
69,699999,87,690000,20,0,40,9999,0.100000,0,0,0.000000,6,0.000000,0.000000,0.117708,0,0,0,0,0,0,0
69,699999,88,690000,72,150000,40,9999,0.100000,0,0,0.000000,6,0.000000,0.000000,0.082891,0,0,0,0,0,0,0
69,699999,89,690000,0,60000,40,9999,0.100000,0,0,0.000000,6,0.000000,0.000000,0.077606,0,0,0,0,0,0,0
69,699999,90,690000,4,10000,49,9999,0.100000,0,0,0.000000,6,2.000000,0.000000,6.672602,0,0,0,0,0,0,0
69,699999,91,690000,72,150000,49,9999,0.100000,0,0,0.000000,6,2.000000,0.000000,14.493239,0,0,0,0,0,0,0
69,699999,92,690000,84,650000,40,9999,0.100000,0,0,0.000000,6,0.000000,0.000000,0.072397,0,0,0,0,0,0,0
69,699999,93,690000,72,150000,40,9999,0.100000,0,0,0.000000,6,0.000000,0.000000,0.095727,0,0,0,0,0,0,0
69,699999,94,690000,0,60000,40,9999,0.100000,0,0,0.000000,6,0.000000,0.000000,0.447532,0,0,0,0,0,0,0
69,699999,95,690000,4,10000,40,9999,0.100000,0,0,0.000000,6,0.000000,0.000000,0.392937,0,0,0,0,0,0,0
69,699999,96,690000,84,650000,40,9999,0.100000,0,0,0.000000,6,0.000000,0.000000,0.476128,0,0,0,0,0,0,0
69,699999,97,690000,20,0,40,9999,0.100000,0,0,0.000000,6,0.000000,0.000000,0.224632,0,0,0,0,0,0,0
69,699999,98,690000,0,60000,40,9999,0.100000,0,0,0.000000,6,0.000000,0.000000,0.059155,0,0,0,0,0,0,0
69,699999,99,690000,72,150000,40,9999,0.100000,0,0,0.000000,6,0.000000,0.000000,0.185367,0,0,0,0,0,0,0
70,709999,0,700000,0,60000,40,9999,0.100000,0,0,0.000000,6,0.000000,0.000000,0.116376,0,0,0,0,0,0,0
70,709999,1,700000,4,10000,40,9999,0.100000,0,0,0.000000,6,0.000000,0.000000,0.090231,0,0,0,0,0,0,0
70,709999,2,700000,84,650000,40,9999,0.100000,0,0,0.000000,6,0.000000,0.000000,0.112392,0,0,0,0,0,0,0
70,709999,3,700000,84,650000,40,9999,0.100000,0,0,0.000000,6,0.000000,0.000000,3.657803,0,0,0,0,0,0,0
70,709999,4,700000,72,150000,40,9999,0.100000,0,0,0.000000,6,0.000000,0.000000,0.392139,0,0,0,0,0,0,0
70,709999,5,700000,72,150000,40,9999,0.100000,0,0,0.000000,6,0.000000,0.000000,0.920466,0,0,0,0,0,0,0
70,709999,6,700000,72,150000,40,9999,0.100000,0,0,0.000000,6,0.000000,0.000000,0.144364,0,0,0,0,0,0,0
70,709999,7,700000,72,150000,40,9999,0.100000,0,0,0.000000,6,0.000000,0.000000,2.160430,0,0,0,0,0,0,0
70,709999,8,700000,84,650000,40,9999,0.100000,0,0,0.000000,6,0.000000,0.000000,0.123845,0,0,0,0,0,0,0
70,709999,9,700000,0,40000,40,9999,0.100000,0,0,0.000000,6,0.000000,0.000000,0.766568,0,0,0,0,0,0,0
70,709999,10,700000,0,40000,49,9999,0.100000,0,0,0.000000,6,1.000000,0.000000,1.556451,0,0,0,0,0,0,0
70,709999,11,700000,84,650000,40,9999,0.100000,0,0,0.000000,6,0.000000,0.000000,0.160241,0,0,0,0,0,0,0
70,709999,12,700000,0,60000,49,9999,0.100000,0,0,0.000000,6,1.000000,0.000000,1.423535,0,0,0,0,0,0,0
70,709999,13,700000,84,650000,40,9999,0.100000,0,0,0.000000,6,0.000000,0.000000,0.226737,0,0,0,0,0,0,0
70,709999,14,700000,0,60000,40,9999,0.100000,0,0,0.000000,6,0.000000,0.000000,0.718181,0,0,0,0,0,0,0
70,709999,15,700000,0,60000,40,9999,0.100000,0,0,0.000000,6,0.000000,0.000000,0.242563,0,0,0,0,0,0,0
70,709999,16,700000,72,150000,40,9999,0.100000,0,0,0.000000,6,0.000000,0.000000,0.097898,0,0,0,0,0,0,0
70,709999,17,700000,72,150000,40,9999,0.100000,0,0,0.000000,6,0.000000,0.000000,0.627028,0,0,0,0,0,0,0
70,709999,18,700000,0,60000,40,9999,0.100000,0,0,0.000000,6,0.000000,0.000000,0.229909,0,0,0,0,0,0,0
70,709999,19,700000,0,40000,40,9999,0.100000,0,0,0.000000,6,0.000000,0.000000,2.166465,0,0,0,0,0,0,0
70,709999,20,700000,0,60000,40,9999,0.100000,0,0,0.000000,6,0.000000,0.000000,0.847625,0,0,0,0,0,0,0
70,709999,21,700000,72,150000,40,9999,0.100000,0,0,0.000000,6,0.000000,0.000000,1.788039,0,0,0,0,0,0,0
70,709999,22,700000,84,650000,40,9999,0.100000,0,0,0.000000,6,0.000000,0.000000,18.610792,0,0,0,0,0,0,0
70,709999,23,700000,20,0,40,9999,0.100000,0,0,0.000000,6,0.000000,0.000000,0.220509,0,0,0,0,0,0,0
70,709999,24,700000,84,650000,40,9999,0.100000,0,0,0.000000,6,0.000000,0.000000,0.393605,0,0,0,0,0,0,0
70,709999,25,700000,20,0,40,9999,0.100000,0,0,0.000000,6,0.000000,0.000000,1.782260,0,0,0,0,0,0,0
70,709999,26,700000,84,650000,40,9999,0.100000,0,0,0.000000,6,0.000000,0.000000,0.175073,0,0,0,0,0,0,0
70,709999,27,700000,84,650000,40,9999,0.100000,0,0,0.000000,6,0.000000,0.000000,2.185235,0,0,0,0,0,0,0
70,709999,28,700000,0,40000,40,9999,0.100000,0,0,0.000000,6,0.000000,0.000000,0.072868,0,0,0,0,0,0,0
70,709999,29,700000,20,0,40,9999,0.100000,0,0,0.000000,6,0.000000,0.000000,0.439847,0,0,0,0,0,0,0
70,709999,30,700000,4,10000,40,9999,0.100000,0,0,0.000000,6,0.000000,0.000000,20.953948,0,0,0,0,0,0,0
70,709999,31,700000,0,40000,49,9999,0.100000,0,0,0.000000,6,1.000000,0.000000,1.525459,0,0,0,0,0,0,0
70,709999,32,700000,20,0,40,9999,0.100000,0,0,0.000000,6,0.000000,0.000000,0.229091,0,0,0,0,0,0,0
70,709999,33,700000,0,60000,40,9999,0.100000,0,0,0.000000,6,0.000000,0.000000,0.673479,0,0,0,0,0,0,0
70,709999,34,700000,20,0,40,9999,0.100000,0,0,0.000000,6,0.000000,0.000000,0.895162,0,0,0,0,0,0,0
70,709999,35,700000,20,0,40,9999,0.100000,0,0,0.000000,6,0.000000,0.000000,0.321746,0,0,0,0,0,0,0
70,709999,36,700000,0,60000,40,9999,0.100000,0,0,0.000000,6,0.000000,0.000000,8.448385,0,0,0,0,0,0,0
70,709999,37,700000,84,650000,40,9999,0.100000,0,0,0.000000,6,0.000000,0.000000,0.165980,0,0,0,0,0,0,0
70,709999,38,700000,72,150000,40,9999,0.100000,0,0,0.000000,6,0.000000,0.000000,0.156375,0,0,0,0,0,0,0
70,709999,39,700000,4,10000,40,9999,0.100000,0,0,0.000000,6,0.000000,0.000000,0.160457,0,0,0,0,0,0,0
70,709999,40,700000,84,650000,40,9999,0.100000,0,0,0.000000,6,0.000000,0.000000,0.638371,0,0,0,0,0,0,0
70,709999,41,700000,0,60000,40,9999,0.100000,0,0,0.000000,6,0.000000,0.000000,25.535385,0,0,0,0,0,0,0
70,709999,42,700000,84,650000,40,9999,0.100000,0,0,0.000000,6,0.000000,0.000000,0.924745,0,0,0,0,0,0,0
70,709999,43,700000,20,0,40,9999,0.100000,0,0,0.000000,6,0.000000,0.000000,0.413416,0,0,0,0,0,0,0
70,709999,44,700000,0,40000,40,9999,0.100000,0,0,0.000000,6,0.000000,0.000000,0.241313,0,0,0,0,0,0,0
70,709999,45,700000,72,150000,40,9999,0.100000,0,0,0.000000,6,0.000000,0.000000,0.238695,0,0,0,0,0,0,0
70,709999,46,700000,0,60000,40,9999,0.135000,0,0,0.000000,6,0.000000,0.000000,0.243676,0,0,0,0,0,0,0
70,709999,47,700000,20,0,40,9999,0.100000,0,0,0.000000,6,0.000000,0.000000,0.155105,0,0,0,0,0,0,0
70,709999,48,700000,20,0,40,9999,0.100000,0,0,0.000000,6,0.000000,0.000000,0.414343,0,0,0,0,0,0,0
70,709999,49,700000,84,650000,40,9999,0.100000,0,0,0.000000,6,0.000000,0.000000,0.161595,0,0,0,0,0,0,0
70,709999,50,700000,20,0,40,9999,0.100000,0,0,0.000000,6,0.000000,0.000000,0.114560,0,0,0,0,0,0,0
70,709999,51,700000,72,150000,49,9999,0.100000,0,0,0.000000,6,1.000000,0.000000,1.451752,0,0,0,0,0,0,0
70,709999,52,700000,84,650000,40,9999,0.100000,0,0,0.000000,6,0.000000,0.000000,0.157841,0,0,0,0,0,0,0
70,709999,53,700000,20,0,40,9999,0.100000,0,0,0.000000,6,0.000000,0.000000,0.090842,0,0,0,0,0,0,0
70,709999,54,700000,84,650000,40,9999,0.100000,0,0,0.000000,6,0.000000,0.000000,1.336844,0,0,0,0,0,0,0
70,709999,55,700000,0,60000,40,9999,0.100000,0,0,0.000000,6,0.000000,0.000000,0.153609,0,0,0,0,0,0,0
70,709999,56,700000,84,650000,40,9999,0.100000,0,0,0.000000,6,0.000000,0.000000,0.089219,0,0,0,0,0,0,0
70,709999,57,700000,72,150000,40,9999,0.100000,0,0,0.000000,6,0.000000,0.000000,0.138771,0,0,0,0,0,0,0
70,709999,58,700000,4,10000,40,9999,0.100000,0,0,0.000000,6,0.000000,0.000000,1.492077,0,0,0,0,0,0,0
70,709999,59,700000,0,40000,49,9999,0.100000,0,0,0.000000,6,4.000000,0.000000,4.573086,0,0,0,0,0,0,0
70,709999,60,700000,84,650000,40,9999,0.100000,0,0,0.000000,6,0.000000,0.000000,0.152365,0,0,0,0,0,0,0
70,709999,61,700000,20,0,40,9999,0.100000,0,0,0.000000,6,0.000000,0.000000,0.704687,0,0,0,0,0,0,0
70,709999,62,700000,72,150000,40,9999,0.100000,0,0,0.000000,6,0.000000,0.000000,0.009387,0,0,0,0,0,0,0
70,709999,63,700000,20,0,40,9999,0.100000,0,0,0.000000,6,0.000000,0.000000,0.079909,0,0,0,0,0,0,0
70,709999,64,700000,4,10000,40,9999,0.100000,0,0,0.000000,6,0.000000,0.000000,0.436905,0,0,0,0,0,0,0
70,709999,65,700000,4,10000,40,9999,0.100000,0,0,0.000000,6,0.000000,0.000000,0.230353,0,0,0,0,0,0,0
70,709999,66,700000,0,60000,40,9999,0.100000,0,0,0.000000,6,0.000000,0.000000,0.218813,0,0,0,0,0,0,0
70,709999,67,700000,4,10000,40,9999,0.100000,0,0,0.000000,6,0.000000,0.000000,0.596208,0,0,0,0,0,0,0
70,709999,68,700000,4,10000,40,9999,0.100000,0,0,0.000000,6,0.000000,0.000000,1.306261,0,0,0,0,0,0,0
70,709999,69,700000,0,40000,49,9999,0.100000,0,0,0.000000,6,1.000000,0.000000,4.114303,0,0,0,0,0,0,0
70,709999,70,700000,4,10000,40,9999,0.100000,0,0,0.000000,6,0.000000,0.000000,0.233588,0,0,0,0,0,0,0
70,709999,71,700000,0,60000,40,9999,0.100000,0,0,0.000000,6,0.000000,0.000000,0.159563,0,0,0,0,0,0,0
70,709999,72,700000,84,650000,40,9999,0.100000,0,0,0.000000,6,0.000000,0.000000,0.092658,0,0,0,0,0,0,0
70,709999,73,700000,20,0,40,9999,0.100000,0,0,0.000000,6,0.000000,0.000000,0.764826,0,0,0,0,0,0,0
70,709999,74,700000,20,0,40,9999,0.100000,0,0,0.000000,6,0.000000,0.000000,0.151071,0,0,0,0,0,0,0
70,709999,75,700000,72,150000,40,9999,0.100000,0,0,0.000000,6,0.000000,0.000000,0.092190,0,0,0,0,0,0,0
70,709999,76,700000,20,0,40,9999,0.100000,0,0,0.000000,6,0.000000,0.000000,0.234458,0,0,0,0,0,0,0
70,709999,77,700000,72,150000,49,9999,0.100000,0,0,0.000000,6,6.000000,0.000000,12.554172,0,0,0,0,0,0,0
70,709999,78,700000,0,40000,40,9999,0.100000,0,0,0.000000,6,0.000000,0.000000,0.135071,0,0,0,0,0,0,0
70,709999,79,700000,72,150000,40,9999,0.100000,0,0,0.000000,6,0.000000,0.000000,0.202653,0,0,0,0,0,0,0
70,709999,80,700000,0,60000,40,9999,0.100000,0,0,0.000000,6,0.000000,0.000000,0.081974,0,0,0,0,0,0,0
70,709999,81,700000,72,150000,40,9999,0.100000,0,0,0.000000,6,0.000000,0.000000,0.186628,0,0,0,0,0,0,0
70,709999,82,700000,0,40000,40,9999,0.100000,0,0,0.000000,6,0.000000,0.000000,0.658530,0,0,0,0,0,0,0
70,709999,83,700000,0,40000,40,9999,0.100000,0,0,0.000000,6,0.000000,0.000000,0.082741,0,0,0,0,0,0,0
70,709999,84,700000,0,40000,40,9999,0.100000,0,0,0.000000,6,0.000000,0.000000,0.204650,0,0,0,0,0,0,0
70,709999,85,700000,0,60000,40,9999,0.100000,0,0,0.000000,6,0.000000,0.000000,0.196543,0,0,0,0,0,0,0
70,709999,86,700000,20,0,40,9999,0.100000,0,0,0.000000,6,0.000000,0.000000,0.111540,0,0,0,0,0,0,0
70,709999,87,700000,72,150000,40,9999,0.100000,0,0,0.000000,6,0.000000,0.000000,0.090415,0,0,0,0,0,0,0
70,709999,88,700000,0,60000,40,9999,0.100000,0,0,0.000000,6,0.000000,0.000000,0.080546,0,0,0,0,0,0,0
70,709999,89,700000,0,60000,40,9999,0.100000,0,0,0.000000,6,0.000000,0.000000,0.078535,0,0,0,0,0,0,0
70,709999,90,700000,0,40000,49,9999,0.100000,0,0,0.000000,6,1.000000,0.000000,1.416830,0,0,0,0,0,0,0
70,709999,91,700000,0,60000,49,9999,0.100000,0,0,0.000000,6,1.000000,0.000000,17.691772,0,0,0,0,0,0,0
70,709999,92,700000,4,10000,40,9999,0.100000,0,0,0.000000,6,0.000000,0.000000,0.072403,0,0,0,0,0,0,0
70,709999,93,700000,4,10000,40,9999,0.100000,0,0,0.000000,6,0.000000,0.000000,0.094206,0,0,0,0,0,0,0
70,709999,94,700000,72,150000,40,9999,0.100000,0,0,0.000000,6,0.000000,0.000000,0.862944,0,0,0,0,0,0,0
70,709999,95,700000,20,0,40,9999,0.100000,0,0,0.000000,6,0.000000,0.000000,0.352360,0,0,0,0,0,0,0
70,709999,96,700000,4,10000,40,9999,0.100000,0,0,0.000000,6,0.000000,0.000000,0.426277,0,0,0,0,0,0,0
70,709999,97,700000,72,150000,40,9999,0.100000,0,0,0.000000,6,0.000000,0.000000,0.236308,0,0,0,0,0,0,0
70,709999,98,700000,20,0,40,9999,0.100000,0,0,0.000000,6,0.000000,0.000000,0.058782,0,0,0,0,0,0,0
70,709999,99,700000,72,150000,40,9999,0.100000,0,0,0.000000,6,0.000000,0.000000,0.185015,0,0,0,0,0,0,0
71,719999,0,710000,4,10000,40,9999,0.100000,0,0,0.000000,6,0.000000,0.000000,0.143347,0,0,0,0,0,0,0
71,719999,1,710000,0,40000,40,9999,0.100000,0,0,0.000000,6,0.000000,0.000000,0.089572,0,0,0,0,0,0,0
71,719999,2,710000,20,0,40,9999,0.100000,0,0,0.000000,6,0.000000,0.000000,0.112159,0,0,0,0,0,0,0
71,719999,3,710000,72,150000,0,9999,0.100000,0,0,0.000000,6,0.000000,0.000000,0.366312,0,0,0,0,0,0,4
71,719999,4,710000,0,60000,40,9999,0.100000,0,0,0.000000,6,0.000000,0.000000,0.322168,0,0,0,0,0,0,0
71,719999,5,710000,0,60000,0,9999,0.100000,0,0,0.000000,6,0.000000,0.000000,1.150229,0,0,0,0,0,0,4
71,719999,6,710000,72,150000,40,9999,0.100000,0,0,0.000000,6,0.000000,0.000000,1.219600,0,0,0,0,0,0,0
71,719999,7,710000,0,40000,0,9999,0.100000,0,0,0.000000,6,0.000000,0.000000,2.383506,0,0,0,0,0,0,1
71,719999,8,710000,20,0,40,9999,0.100000,0,0,0.000000,6,0.000000,0.000000,0.096836,0,0,0,0,0,0,0
71,719999,9,710000,20,0,40,9999,0.100000,0,0,0.000000,6,0.000000,0.000000,0.997731,0,0,0,0,0,0,0
71,719999,10,710000,20,0,40,9999,0.100000,0,0,0.000000,6,0.000000,0.000000,1.471888,0,0,0,0,0,0,0
71,719999,11,710000,4,10000,40,9999,0.100000,0,0,0.000000,6,0.000000,0.000000,0.173152,0,0,0,0,0,0,0
71,719999,12,710000,4,10000,49,9999,0.100000,0,0,0.000000,6,1.000000,0.000000,8.791422,0,0,0,0,0,0,0
71,719999,13,710000,84,650000,40,9999,0.100000,0,0,0.000000,6,0.000000,0.000000,0.216747,0,0,0,0,0,0,0
71,719999,14,710000,0,60000,40,9999,0.100000,0,0,0.000000,6,0.000000,0.000000,1.333598,0,0,0,0,0,0,0
71,719999,15,710000,0,60000,40,9999,0.100000,0,0,0.000000,6,0.000000,0.000000,0.233128,0,0,0,0,0,0,0
71,719999,16,710000,0,60000,40,9999,0.100000,0,0,0.000000,6,0.000000,0.000000,0.072070,0,0,0,0,0,0,0
71,719999,17,710000,0,40000,40,9999,0.100000,0,0,0.000000,6,0.000000,0.000000,0.378042,0,0,0,0,0,0,0
71,719999,18,710000,72,150000,40,9999,0.100000,0,0,0.000000,6,0.000000,0.000000,0.236550,0,0,0,0,0,0,0
71,719999,19,710000,84,650000,9,9999,0.100000,0,0,0.000000,6,1.000000,0.000000,22.368227,0,0,0,0,0,0,4
71,719999,20,710000,0,60000,40,9999,0.100000,0,0,0.000000,6,0.000000,0.000000,0.807957,0,0,0,0,0,0,0
71,719999,21,710000,84,650000,40,9999,0.100000,0,0,0.000000,6,0.000000,0.000000,1.595039,0,0,0,0,0,0,0
71,719999,22,710000,0,40000,49,9999,0.100000,0,0,0.000000,6,1.000000,0.000000,2.536250,0,0,0,0,0,0,0
71,719999,23,710000,0,60000,40,9999,0.100000,0,0,0.000000,6,0.000000,0.000000,0.225951,0,0,0,0,0,0,0
71,719999,24,710000,0,60000,40,9999,0.100000,0,0,0.000000,6,0.000000,0.000000,0.379131,0,0,0,0,0,0,0
71,719999,25,710000,84,650000,40,9999,0.100000,0,0,0.000000,6,0.000000,0.000000,0.659392,0,0,0,0,0,0,0
71,719999,26,710000,0,60000,40,9999,0.100000,0,0,0.000000,6,0.000000,0.000000,0.123189,0,0,0,0,0,0,0
71,719999,27,710000,0,40000,9,9999,0.100000,0,0,0.000000,6,1.000000,0.000000,4.703866,0,0,0,0,0,0,1
71,719999,28,710000,72,150000,40,9999,0.100000,0,0,0.000000,6,0.000000,0.000000,0.069979,0,0,0,0,0,0,0
71,719999,29,710000,84,650000,40,9999,0.100000,0,0,0.000000,6,0.000000,0.000000,0.922696,0,0,0,0,0,0,0
71,719999,30,710000,4,10000,40,9999,0.100000,0,0,0.000000,6,0.000000,0.000000,1.088358,0,0,0,0,0,0,0
71,719999,31,710000,0,60000,49,9999,0.100000,0,0,0.000000,6,1.000000,0.000000,8.075550,0,0,0,0,0,0,0
71,719999,32,710000,72,150000,49,9999,0.100000,0,0,0.000000,6,3.000000,0.000000,6.431666,0,0,0,0,0,0,0
71,719999,33,710000,0,40000,40,9999,0.100000,0,0,0.000000,6,0.000000,0.000000,1.013512,0,0,0,0,0,0,0
71,719999,34,710000,20,0,40,9999,0.100000,0,0,0.000000,6,0.000000,0.000000,0.989317,0,0,0,0,0,0,0
71,719999,35,710000,72,150000,40,9999,0.100000,0,0,0.000000,6,0.000000,0.000000,0.280197,0,0,0,0,0,0,0
71,719999,36,710000,84,650000,40,9999,0.100000,0,0,0.000000,6,0.000000,0.000000,5.537087,0,0,0,0,0,0,0
71,719999,37,710000,4,10000,40,9999,0.100000,0,0,0.000000,6,0.000000,0.000000,0.283029,0,0,0,0,0,0,0
71,719999,38,710000,72,150000,40,9999,0.100000,0,0,0.000000,6,0.000000,0.000000,0.158276,0,0,0,0,0,0,0
71,719999,39,710000,20,0,40,9999,0.100000,0,0,0.000000,6,0.000000,0.000000,0.163555,0,0,0,0,0,0,0
71,719999,40,710000,4,10000,40,9999,0.100000,0,0,0.000000,6,0.000000,0.000000,0.604580,0,0,0,0,0,0,0
71,719999,41,710000,0,60000,40,9999,0.100000,0,0,0.000000,6,0.000000,0.000000,25.552641,0,0,0,0,0,0,0
71,719999,42,710000,0,60000,49,9999,0.100000,0,0,0.000000,6,1.000000,0.000000,1.273641,0,0,0,0,0,0,0
71,719999,43,710000,0,60000,40,9999,0.100000,0,0,0.000000,6,0.000000,0.000000,0.313251,0,0,0,0,0,0,0
71,719999,44,710000,0,40000,40,9999,0.100000,0,0,0.000000,6,0.000000,0.000000,0.233372,0,0,0,0,0,0,0
71,719999,45,710000,84,650000,40,9999,0.100000,0,0,0.000000,6,0.000000,0.000000,0.238819,0,0,0,0,0,0,0
71,719999,46,710000,4,10000,40,9999,0.100000,0,0,0.000000,6,0.000000,0.000000,0.244949,0,0,0,0,0,0,0
71,719999,47,710000,4,10000,40,9999,0.100000,0,0,0.000000,6,0.000000,0.000000,0.157309,0,0,0,0,0,0,0
71,719999,48,710000,4,10000,0,9999,0.100000,0,0,0.000000,6,0.000000,0.000000,0.422696,0,0,0,0,0,0,1
71,719999,49,710000,4,10000,40,9999,0.100000,0,0,0.000000,6,0.000000,0.000000,0.161658,0,0,0,0,0,0,0
71,719999,50,710000,20,0,40,9999,0.100000,0,0,0.000000,6,0.000000,0.000000,0.206642,0,0,0,0,0,0,0
71,719999,51,710000,0,40000,40,9999,0.100000,0,0,0.000000,6,0.000000,0.000000,1.206587,0,0,0,0,0,0,0
71,719999,52,710000,0,60000,40,9999,0.100000,0,0,0.000000,6,0.000000,0.000000,0.155586,0,0,0,0,0,0,0
71,719999,53,710000,4,10000,40,9999,0.100000,0,0,0.000000,6,0.000000,0.000000,0.086616,0,0,0,0,0,0,0
71,719999,54,710000,84,650000,40,9999,0.100000,0,0,0.000000,6,0.000000,0.000000,0.538842,0,0,0,0,0,0,0
71,719999,55,710000,84,650000,40,9999,0.100000,0,0,0.000000,6,0.000000,0.000000,0.123548,0,0,0,0,0,0,0
71,719999,56,710000,0,60000,40,9999,0.100000,0,0,0.000000,6,0.000000,0.000000,1.355602,0,0,0,0,0,0,0
71,719999,57,710000,0,60000,40,9999,0.100000,0,0,0.000000,6,0.000000,0.000000,0.133524,0,0,0,0,0,0,0
71,719999,58,710000,84,650000,49,9999,0.100000,0,0,0.000000,6,13.000000,0.000000,14.041615,0,0,0,0,0,0,0
71,719999,59,710000,84,650000,49,9999,0.100000,0,0,0.000000,6,12.000000,0.000000,15.175363,0,0,0,0,0,0,0
71,719999,60,710000,84,650000,49,9999,0.100000,0,0,0.000000,6,2.000000,0.000000,4.900378,0,0,0,0,0,0,0
71,719999,61,710000,84,650000,40,9999,0.100000,0,0,0.000000,6,0.000000,0.000000,0.549424,0,0,0,0,0,0,0
71,719999,62,710000,20,0,40,9999,0.100000,0,0,0.000000,6,0.000000,0.000000,0.009312,0,0,0,0,0,0,0
71,719999,63,710000,4,10000,40,9999,0.100000,0,0,0.000000,6,0.000000,0.000000,0.079812,0,0,0,0,0,0,0
71,719999,64,710000,4,10000,40,9999,0.100000,0,0,0.000000,6,0.000000,0.000000,0.428112,0,0,0,0,0,0,0
71,719999,65,710000,4,10000,40,9999,0.100000,0,0,0.000000,6,0.000000,0.000000,0.215237,0,0,0,0,0,0,0
71,719999,66,710000,0,40000,40,9999,0.100000,0,0,0.000000,6,0.000000,0.000000,0.220590,0,0,0,0,0,0,0
71,719999,67,710000,0,60000,40,9999,0.100000,0,0,0.000000,6,0.000000,0.000000,0.445319,0,0,0,0,0,0,0
71,719999,68,710000,84,650000,40,9999,0.100000,0,0,0.000000,6,0.000000,0.000000,1.345806,0,0,0,0,0,0,0
71,719999,69,710000,84,650000,0,9999,0.100000,0,0,0.000000,6,0.000000,0.000000,1.449135,0,0,0,0,0,0,4
71,719999,70,710000,4,10000,40,9999,0.100000,0,0,0.000000,6,0.000000,0.000000,0.291971,0,0,0,0,0,0,0
71,719999,71,710000,20,0,40,9999,0.100000,0,0,0.000000,6,0.000000,0.000000,0.144445,0,0,0,0,0,0,0
71,719999,72,710000,0,40000,40,9999,0.100000,0,0,0.000000,6,0.000000,0.000000,0.090079,0,0,0,0,0,0,0
71,719999,73,710000,0,40000,40,9999,0.100000,0,0,0.000000,6,0.000000,0.000000,0.770561,0,0,0,0,0,0,0
71,719999,74,710000,84,650000,40,9999,0.100000,0,0,0.000000,6,0.000000,0.000000,0.208625,0,0,0,0,0,0,0
71,719999,75,710000,0,40000,40,9999,0.100000,0,0,0.000000,6,0.000000,0.000000,0.092095,0,0,0,0,0,0,0
71,719999,76,710000,0,40000,40,9999,0.100000,0,0,0.000000,6,0.000000,0.000000,0.235747,0,0,0,0,0,0,0
71,719999,77,710000,84,650000,40,9999,0.100000,0,0,0.000000,6,0.000000,0.000000,0.587671,0,0,0,0,0,0,0
71,719999,78,710000,0,40000,40,9999,0.100000,0,0,0.000000,6,0.000000,0.000000,0.142149,0,0,0,0,0,0,0
71,719999,79,710000,0,40000,40,9999,0.100000,0,0,0.000000,6,0.000000,0.000000,0.427316,0,0,0,0,0,0,0
71,719999,80,710000,72,150000,40,9999,0.100000,0,0,0.000000,6,0.000000,0.000000,0.081046,0,0,0,0,0,0,0
71,719999,81,710000,0,60000,40,9999,0.100000,0,0,0.000000,6,0.000000,0.000000,0.193982,0,0,0,0,0,0,0
71,719999,82,710000,4,10000,40,9999,0.100000,0,0,0.000000,6,0.000000,0.000000,0.636137,0,0,0,0,0,0,0
71,719999,83,710000,0,60000,40,9999,0.100000,0,0,0.000000,6,0.000000,0.000000,0.958418,0,0,0,0,0,0,0
71,719999,84,710000,0,60000,40,9999,0.100000,0,0,0.000000,6,0.000000,0.000000,0.200049,0,0,0,0,0,0,0
71,719999,85,710000,0,40000,40,9999,0.100000,0,0,0.000000,6,0.000000,0.000000,0.263379,0,0,0,0,0,0,0
71,719999,86,710000,4,10000,40,9999,0.100000,0,0,0.000000,6,0.000000,0.000000,0.111553,0,0,0,0,0,0,0
71,719999,87,710000,0,60000,40,9999,0.100000,0,0,0.000000,6,0.000000,0.000000,0.163942,0,0,0,0,0,0,0
71,719999,88,710000,20,0,40,9999,0.100000,0,0,0.000000,6,0.000000,0.000000,0.081295,0,0,0,0,0,0,0
71,719999,89,710000,20,0,49,9999,0.100000,0,0,0.000000,6,3.000000,0.000000,7.716194,0,0,0,0,0,0,0
71,719999,90,710000,84,650000,49,9999,0.100000,0,0,0.000000,6,1.000000,0.000000,1.360036,0,0,0,0,0,0,0
71,719999,91,710000,20,0,49,9999,0.100000,0,0,0.000000,6,2.000000,0.000000,8.027733,0,0,0,0,0,0,0
71,719999,92,710000,84,650000,40,9999,0.100000,0,0,0.000000,6,0.000000,0.000000,0.072482,0,0,0,0,0,0,0
71,719999,93,710000,20,0,40,9999,0.100000,0,0,0.000000,6,0.000000,0.000000,0.093648,0,0,0,0,0,0,0
71,719999,94,710000,0,40000,40,9999,0.100000,0,0,0.000000,6,0.000000,0.000000,0.693742,0,0,0,0,0,0,0
71,719999,95,710000,84,650000,40,9999,0.100000,0,0,0.000000,6,0.000000,0.000000,0.343002,0,0,0,0,0,0,0
71,719999,96,710000,0,40000,40,9999,0.100000,0,0,0.000000,6,0.000000,0.000000,0.425715,0,0,0,0,0,0,0
71,719999,97,710000,20,0,40,9999,0.100000,0,0,0.000000,6,0.000000,0.000000,0.236137,0,0,0,0,0,0,0
71,719999,98,710000,84,650000,40,9999,0.100000,0,0,0.000000,6,0.000000,0.000000,0.058407,0,0,0,0,0,0,0
71,719999,99,710000,0,60000,40,9999,0.100000,0,0,0.000000,6,0.000000,0.000000,0.184090,0,0,0,0,0,0,0
72,729999,0,720000,4,10000,40,9999,0.100000,0,0,0.000000,6,0.000000,0.000000,0.148746,0,0,0,0,0,0,0
72,729999,1,720000,20,0,40,9999,0.100000,0,0,0.000000,6,0.000000,0.000000,0.088630,0,0,0,0,0,0,0
72,729999,2,720000,84,650000,40,9999,0.100000,0,0,0.000000,6,0.000000,0.000000,0.111371,0,0,0,0,0,0,0
72,729999,3,720000,0,60000,40,9999,0.100000,0,0,0.000000,6,0.000000,0.000000,0.616500,0,0,0,0,0,0,0
72,729999,4,720000,72,150000,40,9999,0.100000,0,0,0.000000,6,0.000000,0.000000,0.321509,0,0,0,0,0,0,0
72,729999,5,720000,0,40000,9,9999,0.100000,0,0,0.000000,6,1.000000,0.000000,12.823804,0,0,0,0,0,0,3
72,729999,6,720000,0,40000,40,9999,0.100000,0,0,0.000000,6,0.000000,0.000000,0.142182,0,0,0,0,0,0,0
72,729999,7,720000,72,150000,40,9999,0.100000,0,0,0.000000,6,0.000000,0.000000,2.156451,0,0,0,0,0,0,0
72,729999,8,720000,72,150000,40,9999,0.100000,0,0,0.000000,6,0.000000,0.000000,0.122849,0,0,0,0,0,0,0
72,729999,9,720000,0,60000,40,9999,0.100000,0,0,0.000000,6,0.000000,0.000000,0.491319,0,0,0,0,0,0,0
72,729999,10,720000,72,150000,40,9999,0.100000,0,0,0.000000,6,0.000000,0.000000,0.939007,0,0,0,0,0,0,0
72,729999,11,720000,84,650000,40,9999,0.100000,0,0,0.000000,6,0.000000,0.000000,0.171838,0,0,0,0,0,0,0
72,729999,12,720000,0,40000,49,9999,0.100000,0,0,0.000000,6,1.000000,0.000000,1.919989,0,0,0,0,0,0,0
72,729999,13,720000,0,60000,40,9999,0.100000,0,0,0.000000,6,0.000000,0.000000,0.217937,0,0,0,0,0,0,0
72,729999,14,720000,20,0,40,9999,0.100000,0,0,0.000000,6,0.000000,0.000000,1.157413,0,0,0,0,0,0,0
72,729999,15,720000,84,650000,40,9999,0.100000,0,0,0.000000,6,0.000000,0.000000,0.231714,0,0,0,0,0,0,0
72,729999,16,720000,0,40000,40,9999,0.100000,0,0,0.000000,6,0.000000,0.000000,0.071542,0,0,0,0,0,0,0
72,729999,17,720000,20,0,40,9999,0.100000,0,0,0.000000,6,0.000000,0.000000,0.252418,0,0,0,0,0,0,0
72,729999,18,720000,72,150000,40,9999,0.100000,0,0,0.000000,6,0.000000,0.000000,0.244555,0,0,0,0,0,0,0
72,729999,19,720000,0,60000,9,9999,0.100000,0,0,0.000000,6,1.000000,0.000000,22.641543,0,0,0,0,0,0,3
72,729999,20,720000,72,150000,40,9999,0.100000,0,0,0.000000,6,0.000000,0.000000,0.580275,0,0,0,0,0,0,0
72,729999,21,720000,0,60000,40,9999,0.100000,0,0,0.000000,6,0.000000,0.000000,1.754729,0,0,0,0,0,0,0
72,729999,22,720000,72,150000,40,9999,0.100000,0,0,0.000000,6,0.000000,0.000000,1.442276,0,0,0,0,0,0,0
72,729999,23,720000,4,10000,40,9999,0.100000,0,0,0.000000,6,0.000000,0.000000,0.225670,0,0,0,0,0,0,0
72,729999,24,720000,4,10000,40,9999,0.100000,0,0,0.000000,6,0.000000,0.000000,0.445960,0,0,0,0,0,0,0
72,729999,25,720000,20,0,40,9999,0.135000,0,0,0.000000,6,0.000000,0.000000,0.971283,0,0,0,0,0,0,0
72,729999,26,720000,0,40000,40,9999,0.100000,0,0,0.000000,6,0.000000,0.000000,0.110097,0,0,0,0,0,0,0
72,729999,27,720000,84,650000,0,9999,0.100000,0,0,0.000000,6,0.000000,0.000000,1.161704,0,0,0,0,0,0,3
72,729999,28,720000,72,150000,40,9999,0.100000,0,0,0.000000,6,0.000000,0.000000,0.072315,0,0,0,0,0,0,0
72,729999,29,720000,0,40000,49,9999,0.100000,0,0,0.000000,6,1.000000,0.000000,1.357280,0,0,0,0,0,0,0
72,729999,30,720000,0,40000,40,9999,0.100000,0,0,0.000000,6,0.000000,0.000000,1.398548,0,0,0,0,0,0,0
72,729999,31,720000,0,40000,49,9999,0.100000,0,0,0.000000,6,1.000000,0.000000,1.357475,0,0,0,0,0,0,0
72,729999,32,720000,84,650000,40,9999,0.100000,0,0,0.000000,6,0.000000,0.000000,0.238734,0,0,0,0,0,0,0
72,729999,33,720000,0,60000,40,9999,0.100000,0,0,0.000000,6,0.000000,0.000000,0.559455,0,0,0,0,0,0,0
72,729999,34,720000,20,0,40,9999,0.100000,0,0,0.000000,6,0.000000,0.000000,1.146255,0,0,0,0,0,0,0
72,729999,35,720000,0,60000,40,9999,0.100000,0,0,0.000000,6,0.000000,0.000000,0.231075,0,0,0,0,0,0,0
72,729999,36,720000,4,10000,40,9999,0.100000,0,0,0.000000,6,0.000000,0.000000,2.265462,0,0,0,0,0,0,0
72,729999,37,720000,4,10000,40,9999,0.100000,0,0,0.000000,6,0.000000,0.000000,1.023145,0,0,0,0,0,0,0
72,729999,38,720000,72,150000,40,9999,0.100000,0,0,0.000000,6,0.000000,0.000000,0.159873,0,0,0,0,0,0,0
72,729999,39,720000,0,60000,40,9999,0.100000,0,0,0.000000,6,0.000000,0.000000,0.459755,0,0,0,0,0,0,0
72,729999,40,720000,20,0,40,9999,0.065000,0,0,0.000000,6,0.000000,0.000000,0.609532,0,0,0,0,0,0,0
72,729999,41,720000,4,10000,49,9999,0.100000,0,0,0.000000,6,1.000000,0.000000,25.692990,0,0,0,0,0,0,0
72,729999,42,720000,20,0,40,9999,0.100000,0,0,0.000000,6,0.000000,0.000000,0.582564,0,0,0,0,0,0,0
72,729999,43,720000,84,650000,40,9999,0.100000,0,0,0.000000,7,0.000000,0.000000,0.324128,0,0,0,0,0,0,0
72,729999,44,720000,72,150000,40,9999,0.100000,0,0,0.000000,6,0.000000,0.000000,0.248251,0,0,0,0,0,0,0
72,729999,45,720000,0,60000,40,9999,0.100000,0,0,0.000000,6,0.000000,0.000000,0.241178,0,0,0,0,0,0,0
72,729999,46,720000,0,60000,40,9999,0.100000,0,0,0.000000,6,0.000000,0.000000,0.245296,0,0,0,0,0,0,0
72,729999,47,720000,20,0,40,9999,0.100000,0,0,0.000000,6,0.000000,0.000000,0.161731,0,0,0,0,0,0,0
72,729999,48,720000,20,0,40,9999,0.100000,0,0,0.000000,6,0.000000,0.000000,0.465832,0,0,0,0,0,0,0
72,729999,49,720000,84,650000,40,9999,0.100000,0,0,0.000000,6,0.000000,0.000000,0.161061,0,0,0,0,0,0,0
72,729999,50,720000,0,40000,40,9999,0.100000,0,0,0.000000,6,0.000000,0.000000,0.461814,0,0,0,0,0,0,0
72,729999,51,720000,0,40000,40,9999,0.100000,0,0,0.000000,6,0.000000,0.000000,0.992238,0,0,0,0,0,0,0
72,729999,52,720000,0,40000,40,9999,0.100000,0,0,0.000000,6,0.000000,0.000000,0.164045,0,0,0,0,0,0,0
72,729999,53,720000,4,10000,40,9999,0.100000,0,0,0.000000,6,0.000000,0.000000,0.092496,0,0,0,0,0,0,0
72,729999,54,720000,4,10000,40,9999,0.100000,0,0,0.000000,6,0.000000,0.000000,0.438244,0,0,0,0,0,0,0
72,729999,55,720000,84,650000,40,9999,0.100000,0,0,0.000000,6,0.000000,0.000000,0.120314,0,0,0,0,0,0,0
72,729999,56,720000,0,40000,40,9999,0.100000,0,0,0.000000,6,0.000000,0.000000,0.087264,0,0,0,0,0,0,0
72,729999,57,720000,72,150000,40,9999,0.100000,0,0,0.000000,7,0.000000,0.000000,0.135210,0,0,0,0,0,0,0
72,729999,58,720000,0,40000,40,9999,0.100000,0,0,0.000000,6,0.000000,0.000000,0.145440,0,0,0,0,0,0,0
72,729999,59,720000,4,10000,40,9999,0.100000,0,0,0.000000,6,0.000000,0.000000,0.613424,0,0,0,0,0,0,0
72,729999,60,720000,84,650000,40,9999,0.100000,0,0,0.000000,6,0.000000,0.000000,0.151117,0,0,0,0,0,0,0
72,729999,61,720000,20,0,40,9999,0.100000,0,0,0.000000,6,0.000000,0.000000,0.489052,0,0,0,0,0,0,0
72,729999,62,720000,20,0,40,9999,0.100000,0,0,0.000000,6,0.000000,0.000000,0.009441,0,0,0,0,0,0,0
72,729999,63,720000,72,150000,40,9999,0.100000,0,0,0.000000,6,0.000000,0.000000,0.080418,0,0,0,0,0,0,0
72,729999,64,720000,20,0,40,9999,0.100000,0,0,0.000000,6,0.000000,0.000000,0.420914,0,0,0,0,0,0,0
72,729999,65,720000,4,10000,40,9999,0.100000,0,0,0.000000,6,0.000000,0.000000,0.224048,0,0,0,0,0,0,0
72,729999,66,720000,0,60000,40,9999,0.100000,0,0,0.000000,6,0.000000,0.000000,0.215356,0,0,0,0,0,0,0
72,729999,67,720000,84,650000,40,9999,0.100000,0,0,0.000000,6,0.000000,0.000000,0.395290,0,0,0,0,0,0,0
72,729999,68,720000,0,40000,40,9999,0.100000,0,0,0.000000,6,0.000000,0.000000,1.320979,0,0,0,0,0,0,0
72,729999,69,720000,20,0,0,9999,0.100000,0,0,0.000000,7,0.000000,0.000000,0.279468,0,0,0,0,0,0,3
72,729999,70,720000,0,40000,49,9999,0.100000,0,0,0.000000,6,1.000000,0.000000,1.279655,0,0,0,0,0,0,0
72,729999,71,720000,4,10000,40,9999,0.100000,0,0,0.000000,6,0.000000,0.000000,0.144962,0,0,0,0,0,0,0
72,729999,72,720000,84,650000,40,9999,0.100000,0,0,0.000000,7,0.000000,0.000000,0.093224,0,0,0,0,0,0,0
72,729999,73,720000,84,650000,40,9999,0.100000,0,0,0.000000,6,0.000000,0.000000,0.777140,0,0,0,0,0,0,0
72,729999,74,720000,84,650000,40,9999,0.100000,0,0,0.000000,6,0.000000,0.000000,0.241544,0,0,0,0,0,0,0
72,729999,75,720000,4,10000,40,9999,0.100000,0,0,0.000000,6,0.000000,0.000000,0.093528,0,0,0,0,0,0,0
72,729999,76,720000,20,0,40,9999,0.100000,0,0,0.000000,6,0.000000,0.000000,0.231522,0,0,0,0,0,0,0
72,729999,77,720000,4,10000,0,9999,0.100000,0,0,0.000000,6,0.000000,0.000000,0.885967,0,0,0,0,0,0,3
72,729999,78,720000,84,650000,40,9999,0.100000,0,0,0.000000,6,0.000000,0.000000,0.140425,0,0,0,0,0,0,0
72,729999,79,720000,0,40000,49,9999,0.100000,0,0,0.000000,6,6.000000,0.000000,18.211685,0,0,0,0,0,0,0
72,729999,80,720000,84,650000,40,9999,0.100000,0,0,0.000000,6,0.000000,0.000000,0.084699,0,0,0,0,0,0,0
72,729999,81,720000,84,650000,40,9999,0.100000,0,0,0.000000,6,0.000000,0.000000,0.216626,0,0,0,0,0,0,0
72,729999,82,720000,4,10000,40,9999,0.100000,0,0,0.000000,6,0.000000,0.000000,0.651658,0,0,0,0,0,0,0
72,729999,83,720000,72,150000,40,9999,0.100000,0,0,0.000000,6,0.000000,0.000000,0.083279,0,0,0,0,0,0,0
72,729999,84,720000,84,650000,40,9999,0.100000,0,0,0.000000,6,0.000000,0.000000,0.201427,0,0,0,0,0,0,0
72,729999,85,720000,0,40000,49,9999,0.100000,0,0,0.000000,6,1.000000,0.000000,1.211472,0,0,0,0,0,0,0
72,729999,86,720000,0,60000,40,9999,0.100000,0,0,0.000000,6,0.000000,0.000000,0.111044,0,0,0,0,0,0,0
72,729999,87,720000,20,0,40,9999,0.100000,0,0,0.000000,6,0.000000,0.000000,0.121322,0,0,0,0,0,0,0
72,729999,88,720000,4,10000,40,9999,0.100000,0,0,0.000000,6,0.000000,0.000000,0.080706,0,0,0,0,0,0,0
72,729999,89,720000,84,650000,40,9999,0.100000,0,0,0.000000,6,0.000000,0.000000,0.077235,0,0,0,0,0,0,0
72,729999,90,720000,4,10000,40,9999,0.100000,0,0,0.000000,6,0.000000,0.000000,1.151883,0,0,0,0,0,0,0
72,729999,91,720000,84,650000,40,9999,0.100000,0,0,0.000000,6,0.000000,0.000000,0.480337,0,0,0,0,0,0,0
72,729999,92,720000,84,650000,40,9999,0.100000,0,0,0.000000,6,0.000000,0.000000,0.074361,0,0,0,0,0,0,0
72,729999,93,720000,0,60000,40,9999,0.100000,0,0,0.000000,6,0.000000,0.000000,0.094434,0,0,0,0,0,0,0
72,729999,94,720000,20,0,40,9999,0.100000,0,0,0.000000,6,0.000000,0.000000,0.859613,0,0,0,0,0,0,0
72,729999,95,720000,84,650000,40,9999,0.100000,0,0,0.000000,6,0.000000,0.000000,0.510458,0,0,0,0,0,0,0
72,729999,96,720000,84,650000,40,9999,0.100000,0,0,0.000000,6,0.000000,0.000000,0.443105,0,0,0,0,0,0,0
72,729999,97,720000,0,40000,40,9999,0.100000,0,0,0.000000,6,0.000000,0.000000,0.228251,0,0,0,0,0,0,0
72,729999,98,720000,0,40000,40,9999,0.100000,0,0,0.000000,6,0.000000,0.000000,0.058153,0,0,0,0,0,0,0
72,729999,99,720000,84,650000,40,9999,0.100000,0,0,0.000000,6,0.000000,0.000000,0.181811,0,0,0,0,0,0,0
73,739999,0,730000,69,710000,40,9999,0.100000,0,0,0.000000,7,0.000000,0.000000,0.155066,0,0,0,0,0,0,0
73,739999,1,730000,0,60000,40,9999,0.100000,0,0,0.000000,7,0.000000,0.000000,0.088899,0,0,0,0,0,0,0
73,739999,2,730000,0,40000,40,9999,0.100000,0,0,0.000000,7,0.000000,0.000000,0.111763,0,0,0,0,0,0,0
73,739999,3,730000,0,60000,49,9999,0.100000,0,0,0.000000,8,2.000000,0.000000,7.074593,0,0,0,0,0,0,0
73,739999,4,730000,0,60000,40,9999,0.100000,0,0,0.000000,8,0.000000,0.000000,0.328906,0,0,0,0,0,0,0
73,739999,5,730000,84,650000,40,9999,0.100000,0,0,0.000000,7,0.000000,0.000000,5.333715,0,0,0,0,0,0,0
73,739999,6,730000,84,650000,40,9999,0.100000,0,0,0.000000,7,0.000000,0.000000,0.142892,0,0,0,0,0,0,0
73,739999,7,730000,72,150000,40,9999,0.100000,0,0,0.000000,7,0.000000,0.000000,2.156715,0,0,0,0,0,0,0
73,739999,8,730000,4,10000,40,9999,0.100000,0,0,0.000000,7,0.000000,0.000000,0.091625,0,0,0,0,0,0,0
73,739999,9,730000,0,60000,40,9999,0.100000,0,0,0.000000,7,0.000000,0.000000,0.381181,0,0,0,0,0,0,0
73,739999,10,730000,72,150000,49,9999,0.100000,0,0,0.000000,7,1.000000,0.000000,2.186747,0,0,0,0,0,0,0
73,739999,11,730000,0,60000,40,9999,0.100000,0,0,0.000000,7,0.000000,0.000000,0.170175,0,0,0,0,0,0,0
73,739999,12,730000,84,650000,49,9999,0.100000,0,0,0.000000,8,2.000000,0.000000,2.676819,0,0,0,0,0,0,0
73,739999,13,730000,20,0,40,9999,0.100000,0,0,0.000000,7,0.000000,0.000000,0.207099,0,0,0,0,0,0,0
73,739999,14,730000,69,710000,40,9999,0.100000,0,0,0.000000,8,0.000000,0.000000,0.453950,0,0,0,0,0,0,0
73,739999,15,730000,0,40000,40,9999,0.100000,0,0,0.000000,7,0.000000,0.000000,0.235153,0,0,0,0,0,0,0
73,739999,16,730000,0,40000,40,9999,0.100000,0,0,0.000000,7,0.000000,0.000000,0.071605,0,0,0,0,0,0,0
73,739999,17,730000,4,10000,40,9999,0.100000,0,0,0.000000,7,0.000000,0.000000,0.249394,0,0,0,0,0,0,0
73,739999,18,730000,72,150000,40,9999,0.100000,0,0,0.000000,7,0.000000,0.000000,0.237025,0,0,0,0,0,0,0
73,739999,19,730000,84,650000,49,9999,0.100000,0,0,0.000000,7,1.000000,0.000000,19.913497,0,0,0,0,0,0,0
73,739999,20,730000,0,40000,40,9999,0.100000,0,0,0.000000,8,0.000000,0.000000,0.421580,0,0,0,0,0,0,0
73,739999,21,730000,72,150000,40,9999,0.100000,0,0,0.000000,8,0.000000,0.000000,1.996971,0,0,0,0,0,0,0
73,739999,22,730000,69,720000,40,9999,0.100000,0,0,0.000000,8,0.000000,0.000000,0.410873,0,0,0,0,0,0,0
73,739999,23,730000,84,650000,40,9999,0.100000,0,0,0.000000,7,0.000000,0.000000,0.218111,0,0,0,0,0,0,0
73,739999,24,730000,0,40000,40,9999,0.100000,0,0,0.000000,7,0.000000,0.000000,0.422658,0,0,0,0,0,0,0
73,739999,25,730000,69,710000,40,9999,0.100000,0,0,0.000000,8,0.000000,0.000000,1.229080,0,0,0,0,0,0,0
73,739999,26,730000,69,710000,40,9999,0.100000,0,0,0.000000,8,0.000000,0.000000,0.125343,0,0,0,0,0,0,0
73,739999,27,730000,72,150000,40,9999,0.100000,0,0,0.000000,7,0.000000,0.000000,1.395897,0,0,0,0,0,0,0
73,739999,28,730000,0,60000,40,9999,0.100000,0,0,0.000000,8,0.000000,0.000000,0.072276,0,0,0,0,0,0,0
73,739999,29,730000,69,710000,49,9999,0.100000,0,0,0.000000,8,2.000000,0.000000,3.720021,0,0,0,0,0,0,0
73,739999,30,730000,4,10000,40,9999,0.100000,0,0,0.000000,7,0.000000,0.000000,0.464400,0,0,0,0,0,0,0
73,739999,31,730000,0,60000,49,9999,0.100000,0,0,0.000000,7,1.000000,0.000000,2.207176,0,0,0,0,0,0,0
73,739999,32,730000,0,40000,40,9999,0.100000,0,0,0.000000,8,0.000000,0.000000,0.220801,0,0,0,0,0,0,0
73,739999,33,730000,0,40000,40,9999,0.100000,0,0,0.000000,7,0.000000,0.000000,0.467226,0,0,0,0,0,0,0
73,739999,34,730000,20,0,40,9999,0.100000,0,0,0.000000,8,0.000000,0.000000,1.313398,0,0,0,0,0,0,0
73,739999,35,730000,0,60000,40,9999,0.100000,0,0,0.000000,8,0.000000,0.000000,0.192273,0,0,0,0,0,0,0
73,739999,36,730000,20,0,40,9999,0.065000,0,0,0.000000,8,0.000000,0.000000,0.613337,0,0,0,0,0,0,0
73,739999,37,730000,69,710000,40,9999,0.100000,0,0,0.000000,8,0.000000,0.000000,0.763489,0,0,0,0,0,0,0
73,739999,38,730000,0,60000,40,9999,0.100000,0,0,0.000000,7,0.000000,0.000000,0.157079,0,0,0,0,0,0,0
73,739999,39,730000,69,710000,40,9999,0.100000,0,0,0.000000,8,0.000000,0.000000,0.863937,0,0,0,0,0,0,0
73,739999,40,730000,72,150000,49,9999,0.100000,0,0,0.000000,7,13.000000,0.000000,28.047248,0,0,0,0,0,0,0
73,739999,41,730000,0,40000,49,9999,0.100000,0,0,0.000000,7,1.000000,0.000000,23.106872,0,0,0,0,0,0,0
73,739999,42,730000,72,150000,40,9999,0.100000,0,0,0.000000,8,0.000000,0.000000,0.719623,0,0,0,0,0,0,0
73,739999,43,730000,84,650000,40,9999,0.100000,0,0,0.000000,8,0.000000,0.000000,0.341529,0,0,0,0,0,0,0
73,739999,44,730000,0,40000,40,9999,0.100000,0,0,0.000000,7,0.000000,0.000000,0.244299,0,0,0,0,0,0,0
73,739999,45,730000,0,60000,40,9999,0.100000,0,0,0.000000,8,0.000000,0.000000,0.227394,0,0,0,0,0,0,0
73,739999,46,730000,84,650000,40,9999,0.100000,0,0,0.000000,7,0.000000,0.000000,0.238928,0,0,0,0,0,0,0
73,739999,47,730000,72,150000,40,9999,0.100000,0,0,0.000000,7,0.000000,0.000000,0.160415,0,0,0,0,0,0,0
73,739999,48,730000,84,650000,40,9999,0.100000,0,0,0.000000,8,0.000000,0.000000,0.477433,0,0,0,0,0,0,0
73,739999,49,730000,72,150000,40,9999,0.100000,0,0,0.000000,7,0.000000,0.000000,0.160057,0,0,0,0,0,0,0
73,739999,50,730000,69,710000,40,9999,0.100000,0,0,0.000000,8,0.000000,0.000000,0.538534,0,0,0,0,0,0,0
73,739999,51,730000,0,40000,49,9999,0.100000,0,0,0.000000,7,1.000000,0.000000,2.154494,0,0,0,0,0,0,0
73,739999,52,730000,4,10000,40,9999,0.100000,0,0,0.000000,7,0.000000,0.000000,0.159042,0,0,0,0,0,0,0
73,739999,53,730000,69,710000,40,9999,0.100000,0,0,0.000000,7,0.000000,0.000000,0.091724,0,0,0,0,0,0,0
73,739999,54,730000,0,60000,40,9999,0.100000,0,0,0.000000,8,0.000000,0.000000,0.430454,0,0,0,0,0,0,0
73,739999,55,730000,69,710000,40,9999,0.100000,0,0,0.000000,7,0.000000,0.000000,0.151630,0,0,0,0,0,0,0
73,739999,56,730000,69,710000,40,9999,0.100000,0,0,0.000000,7,0.000000,0.000000,0.086399,0,0,0,0,0,0,0
73,739999,57,730000,84,650000,40,9999,0.100000,0,0,0.000000,8,0.000000,0.000000,0.137385,0,0,0,0,0,0,0
73,739999,58,730000,4,10000,40,9999,0.100000,0,0,0.000000,7,0.000000,0.000000,0.138999,0,0,0,0,0,0,0
73,739999,59,730000,4,10000,40,9999,0.100000,0,0,0.000000,7,0.000000,0.000000,0.665725,0,0,0,0,0,0,0
73,739999,60,730000,4,10000,40,9999,0.100000,0,0,0.000000,8,0.000000,0.000000,0.151931,0,0,0,0,0,0,0
73,739999,61,730000,0,60000,40,9999,0.135000,0,0,0.000000,7,0.000000,0.000000,0.530156,0,0,0,0,0,0,0
73,739999,62,730000,4,10000,49,9999,0.100000,0,0,0.000000,8,11.000000,0.000000,23.438082,0,0,0,0,0,0,0
73,739999,63,730000,72,150000,49,9999,0.100000,0,0,0.000000,7,3.000000,0.000000,6.152558,0,0,0,0,0,0,0
73,739999,64,730000,0,40000,40,9999,0.100000,0,0,0.000000,7,0.000000,0.000000,0.450427,0,0,0,0,0,0,0
73,739999,65,730000,84,650000,40,9999,0.100000,0,0,0.000000,8,0.000000,0.000000,0.227012,0,0,0,0,0,0,0
73,739999,66,730000,72,150000,40,9999,0.100000,0,0,0.000000,7,0.000000,0.000000,0.222306,0,0,0,0,0,0,0
73,739999,67,730000,0,60000,40,9999,0.100000,0,0,0.000000,8,0.000000,0.000000,0.414150,0,0,0,0,0,0,0
73,739999,68,730000,4,10000,40,9999,0.100000,0,0,0.000000,8,0.000000,0.000000,1.332657,0,0,0,0,0,0,0
73,739999,69,730000,0,40000,40,9999,0.100000,0,0,0.000000,8,0.000000,0.000000,0.385731,0,0,0,0,0,0,0
73,739999,70,730000,0,40000,40,9999,0.100000,0,0,0.000000,7,0.000000,0.000000,0.998566,0,0,0,0,0,0,0
73,739999,71,730000,84,650000,40,9999,0.100000,0,0,0.000000,7,0.000000,0.000000,0.153116,0,0,0,0,0,0,0
73,739999,72,730000,4,10000,40,9999,0.100000,0,0,0.000000,8,0.000000,0.000000,0.090183,0,0,0,0,0,0,0
73,739999,73,730000,0,40000,40,9999,0.100000,0,0,0.000000,8,0.000000,0.000000,0.799846,0,0,0,0,0,0,0
73,739999,74,730000,0,60000,40,9999,0.100000,0,0,0.000000,7,0.000000,0.000000,0.151114,0,0,0,0,0,0,0
73,739999,75,730000,0,40000,40,9999,0.100000,0,0,0.000000,8,0.000000,0.000000,0.094763,0,0,0,0,0,0,0
73,739999,76,730000,0,40000,40,9999,0.100000,0,0,0.000000,7,0.000000,0.000000,0.231025,0,0,0,0,0,0,0
73,739999,77,730000,69,710000,49,9999,0.100000,0,0,0.000000,8,6.000000,0.000000,13.879523,0,0,0,0,0,0,0
73,739999,78,730000,0,60000,40,9999,0.100000,0,0,0.000000,8,0.000000,0.000000,0.137557,0,0,0,0,0,0,0
73,739999,79,730000,20,0,40,9999,0.100000,0,0,0.000000,7,0.000000,0.000000,2.928753,0,0,0,0,0,0,0
73,739999,80,730000,0,40000,40,9999,0.100000,0,0,0.000000,7,0.000000,0.000000,0.084087,0,0,0,0,0,0,0
73,739999,81,730000,20,0,40,9999,0.100000,0,0,0.000000,8,0.000000,0.000000,0.210335,0,0,0,0,0,0,0
73,739999,82,730000,0,40000,40,9999,0.100000,0,0,0.000000,7,0.000000,0.000000,0.731354,0,0,0,0,0,0,0
73,739999,83,730000,0,60000,40,9999,0.100000,0,0,0.000000,7,0.000000,0.000000,0.082309,0,0,0,0,0,0,0
73,739999,84,730000,0,60000,40,9999,0.100000,0,0,0.000000,8,0.000000,0.000000,0.205900,0,0,0,0,0,0,0
73,739999,85,730000,4,10000,40,9999,0.100000,0,0,0.000000,7,0.000000,0.000000,0.931849,0,0,0,0,0,0,0
73,739999,86,730000,69,720000,40,9999,0.100000,0,0,0.000000,8,0.000000,0.000000,0.110027,0,0,0,0,0,0,0
73,739999,87,730000,0,40000,49,9999,0.100000,0,0,0.000000,8,1.000000,0.000000,2.300696,0,0,0,0,0,0,0
73,739999,88,730000,84,650000,49,9999,0.100000,0,0,0.000000,8,4.000000,0.000000,8.533677,0,0,0,0,0,0,0
73,739999,89,730000,0,60000,49,9999,0.100000,0,0,0.000000,8,3.000000,0.000000,7.714518,0,0,0,0,0,0,0
73,739999,90,730000,20,0,49,9999,0.100000,0,0,0.000000,8,1.000000,0.000000,2.117316,0,0,0,0,0,0,0
73,739999,91,730000,69,710000,40,9999,0.100000,0,0,0.000000,8,0.000000,0.000000,0.304966,0,0,0,0,0,0,0
73,739999,92,730000,20,0,40,9999,0.100000,0,0,0.000000,8,0.000000,0.000000,0.074955,0,0,0,0,0,0,0
73,739999,93,730000,4,10000,40,9999,0.100000,0,0,0.000000,7,0.000000,0.000000,0.095420,0,0,0,0,0,0,0
73,739999,94,730000,0,60000,40,9999,0.100000,0,0,0.000000,7,0.000000,0.000000,1.041850,0,0,0,0,0,0,0
73,739999,95,730000,69,720000,40,9999,0.100000,0,0,0.000000,8,0.000000,0.000000,0.372014,0,0,0,0,0,0,0
73,739999,96,730000,4,10000,40,9999,0.100000,0,0,0.000000,8,0.000000,0.000000,0.552159,0,0,0,0,0,0,0
73,739999,97,730000,69,710000,40,9999,0.100000,0,0,0.000000,7,0.000000,0.000000,0.227392,0,0,0,0,0,0,0
73,739999,98,730000,69,720000,40,9999,0.100000,0,0,0.000000,8,0.000000,0.000000,0.058693,0,0,0,0,0,0,0
73,739999,99,730000,72,150000,40,9999,0.100000,0,0,0.000000,8,0.000000,0.000000,0.185919,0,0,0,0,0,0,0
74,749999,0,740000,4,10000,40,9999,0.100000,0,0,0.000000,8,0.000000,0.000000,0.191494,0,0,0,0,0,0,0
74,749999,1,740000,84,650000,40,9999,0.100000,0,0,0.000000,8,0.000000,0.000000,0.645754,0,0,0,0,0,0,0
74,749999,2,740000,4,10000,40,9999,0.100000,0,0,0.000000,8,0.000000,0.000000,0.111971,0,0,0,0,0,0,0
74,749999,3,740000,69,720000,40,9999,0.100000,0,0,0.000000,8,0.000000,0.000000,4.570546,0,0,0,0,0,0,0
74,749999,4,740000,20,0,40,9999,0.100000,0,0,0.000000,8,0.000000,0.000000,0.341232,0,0,0,0,0,0,0
74,749999,5,740000,0,40000,40,9999,0.100000,0,0,0.000000,8,0.000000,0.000000,1.263915,0,0,0,0,0,0,0
74,749999,6,740000,69,720000,40,9999,0.100000,0,0,0.000000,8,0.000000,0.000000,0.141013,0,0,0,0,0,0,0
74,749999,7,740000,4,10000,40,9999,0.100000,0,0,0.000000,8,0.000000,0.000000,2.107117,0,0,0,0,0,0,0
74,749999,8,740000,72,150000,40,9999,0.100000,0,0,0.000000,8,0.000000,0.000000,0.088129,0,0,0,0,0,0,0
74,749999,9,740000,0,40000,40,9999,0.100000,0,0,0.000000,8,0.000000,0.000000,0.389900,0,0,0,0,0,0,0
74,749999,10,740000,4,10000,40,9999,0.100000,0,0,0.000000,8,0.000000,0.000000,1.547567,0,0,0,0,0,0,0
74,749999,11,740000,84,650000,40,9999,0.100000,0,0,0.000000,8,0.000000,0.000000,0.166762,0,0,0,0,0,0,0
74,749999,12,740000,4,10000,40,9999,0.100000,0,0,0.000000,8,0.000000,0.000000,1.194174,0,0,0,0,0,0,0
74,749999,13,740000,0,60000,40,9999,0.100000,0,0,0.000000,8,0.000000,0.000000,0.209994,0,0,0,0,0,0,0
74,749999,14,740000,72,150000,40,9999,0.100000,0,0,0.000000,8,0.000000,0.000000,0.606132,0,0,0,0,0,0,0
74,749999,15,740000,72,150000,40,9999,0.100000,0,0,0.000000,8,0.000000,0.000000,0.238316,0,0,0,0,0,0,0
74,749999,16,740000,72,150000,40,9999,0.100000,0,0,0.000000,8,0.000000,0.000000,0.071410,0,0,0,0,0,0,0
74,749999,17,740000,84,650000,40,9999,0.100000,0,0,0.000000,8,0.000000,0.000000,0.316491,0,0,0,0,0,0,0
74,749999,18,740000,72,150000,40,9999,0.100000,0,0,0.000000,8,0.000000,0.000000,0.234248,0,0,0,0,0,0,0
74,749999,19,740000,0,60000,49,9999,0.100000,0,0,0.000000,8,1.000000,0.000000,13.386268,0,0,0,0,0,0,0
74,749999,20,740000,20,0,40,9999,0.100000,0,0,0.000000,8,0.000000,0.000000,0.520369,0,0,0,0,0,0,0
74,749999,21,740000,0,60000,40,9999,0.100000,0,0,0.000000,8,0.000000,0.000000,2.084105,0,0,0,0,0,0,0
74,749999,22,740000,20,0,40,9999,0.100000,0,0,0.000000,8,0.000000,0.000000,2.845602,0,0,0,0,0,0,0
74,749999,23,740000,69,710000,40,9999,0.100000,0,0,0.000000,8,0.000000,0.000000,0.221600,0,0,0,0,0,0,0
74,749999,24,740000,72,150000,40,9999,0.100000,0,0,0.000000,8,0.000000,0.000000,0.460488,0,0,0,0,0,0,0
74,749999,25,740000,72,150000,40,9999,0.100000,0,0,0.000000,8,0.000000,0.000000,2.582787,0,0,0,0,0,0,0
74,749999,26,740000,20,0,40,9999,0.100000,0,0,0.000000,8,0.000000,0.000000,0.099414,0,0,0,0,0,0,0
74,749999,27,740000,84,650000,49,9999,0.100000,0,0,0.000000,8,2.000000,0.000000,7.433489,0,0,0,0,0,0,0
74,749999,28,740000,0,40000,40,9999,0.100000,0,0,0.000000,8,0.000000,0.000000,0.071132,0,0,0,0,0,0,0
74,749999,29,740000,72,150000,49,9999,0.100000,0,0,0.000000,8,5.000000,0.000000,6.721399,0,0,0,0,0,0,0
74,749999,30,740000,69,720000,40,9999,0.065000,0,0,0.000000,8,0.000000,0.000000,0.068477,0,0,0,0,0,0,0
74,749999,31,740000,72,150000,40,9999,0.100000,0,0,0.000000,8,0.000000,0.000000,0.994093,0,0,0,0,0,0,0
74,749999,32,740000,4,10000,40,9999,0.100000,0,0,0.000000,8,0.000000,0.000000,0.238088,0,0,0,0,0,0,0
74,749999,33,740000,69,710000,40,9999,0.100000,0,0,0.000000,8,0.000000,0.000000,2.413662,0,0,0,0,0,0,0
74,749999,34,740000,72,150000,40,9999,0.100000,0,0,0.000000,8,0.000000,0.000000,1.375772,0,0,0,0,0,0,0
74,749999,35,740000,69,710000,40,9999,0.100000,0,0,0.000000,8,0.000000,0.000000,0.187632,0,0,0,0,0,0,0
74,749999,36,740000,0,60000,40,9999,0.100000,0,0,0.000000,8,0.000000,0.000000,0.566243,0,0,0,0,0,0,0
74,749999,37,740000,84,650000,40,9999,0.100000,0,0,0.000000,8,0.000000,0.000000,0.538197,0,0,0,0,0,0,0
74,749999,38,740000,72,150000,40,9999,0.100000,0,0,0.000000,8,0.000000,0.000000,0.156908,0,0,0,0,0,0,0
74,749999,39,740000,4,10000,49,9999,0.100000,0,0,0.000000,8,4.000000,0.000000,8.937846,0,0,0,0,0,0,0
74,749999,40,740000,4,10000,40,9999,0.100000,0,0,0.000000,8,0.000000,0.000000,0.594632,0,0,0,0,0,0,0
74,749999,41,740000,69,710000,49,9999,0.100000,0,0,0.000000,8,1.000000,0.000000,5.440388,0,0,0,0,0,0,0
74,749999,42,740000,69,710000,40,9999,0.100000,0,0,0.000000,8,0.000000,0.000000,0.847086,0,0,0,0,0,0,0
74,749999,43,740000,20,0,40,9999,0.100000,0,0,0.000000,8,0.000000,0.000000,0.395871,0,0,0,0,0,0,0
74,749999,44,740000,72,150000,40,9999,0.100000,0,0,0.000000,8,0.000000,0.000000,0.233884,0,0,0,0,0,0,0
74,749999,45,740000,0,60000,40,9999,0.100000,0,0,0.000000,8,0.000000,0.000000,0.243228,0,0,0,0,0,0,0
74,749999,46,740000,0,60000,40,9999,0.100000,0,0,0.000000,8,0.000000,0.000000,0.242697,0,0,0,0,0,0,0
74,749999,47,740000,69,710000,40,9999,0.100000,0,0,0.000000,8,0.000000,0.000000,0.165064,0,0,0,0,0,0,0
74,749999,48,740000,0,60000,40,9999,0.100000,0,0,0.000000,8,0.000000,0.000000,0.515363,0,0,0,0,0,0,0
74,749999,49,740000,69,720000,40,9999,0.100000,0,0,0.000000,8,0.000000,0.000000,0.162399,0,0,0,0,0,0,0
74,749999,50,740000,0,60000,40,9999,0.100000,0,0,0.000000,8,0.000000,0.000000,0.295894,0,0,0,0,0,0,0
74,749999,51,740000,0,60000,40,9999,0.100000,0,0,0.000000,8,0.000000,0.000000,0.961112,0,0,0,0,0,0,0
74,749999,52,740000,72,150000,49,9999,0.100000,0,0,0.000000,8,7.000000,0.000000,15.539749,0,0,0,0,0,0,0
74,749999,53,740000,0,40000,40,9999,0.100000,0,0,0.000000,8,0.000000,0.000000,0.088498,0,0,0,0,0,0,0
74,749999,54,740000,72,150000,40,9999,0.100000,0,0,0.000000,8,0.000000,0.000000,0.426943,0,0,0,0,0,0,0
74,749999,55,740000,0,60000,40,9999,0.100000,0,0,0.000000,8,0.000000,0.000000,0.156283,0,0,0,0,0,0,0
74,749999,56,740000,20,0,40,9999,0.100000,0,0,0.000000,8,0.000000,0.000000,0.120012,0,0,0,0,0,0,0
74,749999,57,740000,69,720000,40,9999,0.100000,0,0,0.000000,8,0.000000,0.000000,0.143540,0,0,0,0,0,0,0
74,749999,58,740000,84,650000,40,9999,0.100000,0,0,0.000000,8,0.000000,0.000000,0.137039,0,0,0,0,0,0,0
74,749999,59,740000,0,60000,40,9999,0.100000,0,0,0.000000,8,0.000000,0.000000,0.543027,0,0,0,0,0,0,0
74,749999,60,740000,72,150000,40,9999,0.100000,0,0,0.000000,8,0.000000,0.000000,0.153731,0,0,0,0,0,0,0
74,749999,61,740000,69,720000,40,9999,0.100000,0,0,0.000000,8,0.000000,0.000000,0.541021,0,0,0,0,0,0,0
74,749999,62,740000,4,10000,40,9999,0.100000,0,0,0.000000,8,0.000000,0.000000,0.009403,0,0,0,0,0,0,0
74,749999,63,740000,4,10000,40,9999,0.100000,0,0,0.000000,8,0.000000,0.000000,0.115098,0,0,0,0,0,0,0
74,749999,64,740000,69,710000,40,9999,0.100000,0,0,0.000000,8,0.000000,0.000000,0.446786,0,0,0,0,0,0,0
74,749999,65,740000,69,710000,40,9999,0.100000,0,0,0.000000,8,0.000000,0.000000,0.229981,0,0,0,0,0,0,0
74,749999,66,740000,69,720000,40,9999,0.100000,0,0,0.000000,8,0.000000,0.000000,0.223611,0,0,0,0,0,0,0
74,749999,67,740000,0,60000,40,9999,0.100000,0,0,0.000000,8,0.000000,0.000000,0.427318,0,0,0,0,0,0,0
74,749999,68,740000,0,60000,40,9999,0.100000,0,0,0.000000,8,0.000000,0.000000,1.327802,0,0,0,0,0,0,0
74,749999,69,740000,72,150000,49,9999,0.100000,0,0,0.000000,8,7.000000,0.000000,15.714744,0,0,0,0,0,0,0
74,749999,70,740000,72,150000,40,9999,0.100000,0,0,0.000000,8,0.000000,0.000000,0.376264,0,0,0,0,0,0,0
74,749999,71,740000,20,0,40,9999,0.100000,0,0,0.000000,8,0.000000,0.000000,0.153588,0,0,0,0,0,0,0
74,749999,72,740000,0,40000,40,9999,0.100000,0,0,0.000000,8,0.000000,0.000000,0.093041,0,0,0,0,0,0,0
74,749999,73,740000,20,0,40,9999,0.100000,0,0,0.000000,8,0.000000,0.000000,0.832475,0,0,0,0,0,0,0
74,749999,74,740000,84,650000,40,9999,0.100000,0,0,0.000000,8,0.000000,0.000000,0.286933,0,0,0,0,0,0,0
74,749999,75,740000,20,0,40,9999,0.100000,0,0,0.000000,8,0.000000,0.000000,0.093269,0,0,0,0,0,0,0
74,749999,76,740000,0,60000,40,9999,0.100000,0,0,0.000000,8,0.000000,0.000000,0.230181,0,0,0,0,0,0,0
74,749999,77,740000,69,720000,49,9999,0.100000,0,0,0.000000,8,6.000000,0.000000,14.129475,0,0,0,0,0,0,0
74,749999,78,740000,4,10000,40,9999,0.100000,0,0,0.000000,8,0.000000,0.000000,0.141859,0,0,0,0,0,0,0
74,749999,79,740000,0,60000,40,9999,0.100000,0,0,0.000000,8,0.000000,0.000000,3.831202,0,0,0,0,0,0,0
74,749999,80,740000,84,650000,40,9999,0.100000,0,0,0.000000,8,0.000000,0.000000,0.080484,0,0,0,0,0,0,0
74,749999,81,740000,4,10000,40,9999,0.100000,0,0,0.000000,8,0.000000,0.000000,0.184983,0,0,0,0,0,0,0
74,749999,82,740000,69,710000,40,9999,0.100000,0,0,0.000000,8,0.000000,0.000000,0.859389,0,0,0,0,0,0,0
74,749999,83,740000,20,0,40,9999,0.100000,0,0,0.000000,8,0.000000,0.000000,0.081759,0,0,0,0,0,0,0
74,749999,84,740000,69,720000,40,9999,0.100000,0,0,0.000000,8,0.000000,0.000000,0.197206,0,0,0,0,0,0,0
74,749999,85,740000,4,10000,40,9999,0.100000,0,0,0.000000,8,0.000000,0.000000,0.446282,0,0,0,0,0,0,0
74,749999,86,740000,69,710000,40,9999,0.100000,0,0,0.000000,8,0.000000,0.000000,0.112130,0,0,0,0,0,0,0
74,749999,87,740000,69,720000,40,9999,0.100000,0,0,0.000000,8,0.000000,0.000000,0.109174,0,0,0,0,0,0,0
74,749999,88,740000,4,10000,40,9999,0.100000,0,0,0.000000,8,0.000000,0.000000,0.081947,0,0,0,0,0,0,0
74,749999,89,740000,69,710000,40,9999,0.100000,0,0,0.000000,8,0.000000,0.000000,0.077538,0,0,0,0,0,0,0
74,749999,90,740000,84,650000,40,9999,0.100000,0,0,0.000000,8,0.000000,0.000000,0.860306,0,0,0,0,0,0,0
74,749999,91,740000,84,650000,40,9999,0.100000,0,0,0.000000,8,0.000000,0.000000,0.362759,0,0,0,0,0,0,0
74,749999,92,740000,84,650000,40,9999,0.100000,0,0,0.000000,8,0.000000,0.000000,0.105852,0,0,0,0,0,0,0
74,749999,93,740000,72,150000,40,9999,0.100000,0,0,0.000000,8,0.000000,0.000000,0.091055,0,0,0,0,0,0,0
74,749999,94,740000,69,720000,40,9999,0.100000,0,0,0.000000,8,0.000000,0.000000,0.488299,0,0,0,0,0,0,0
74,749999,95,740000,69,720000,40,9999,0.100000,0,0,0.000000,8,0.000000,0.000000,0.353435,0,0,0,0,0,0,0
74,749999,96,740000,69,720000,40,9999,0.100000,0,0,0.000000,8,0.000000,0.000000,0.623311,0,0,0,0,0,0,0
74,749999,97,740000,69,710000,40,9999,0.100000,0,0,0.000000,8,0.000000,0.000000,0.237498,0,0,0,0,0,0,0
74,749999,98,740000,0,60000,40,9999,0.100000,0,0,0.000000,8,0.000000,0.000000,0.058776,0,0,0,0,0,0,0
74,749999,99,740000,0,40000,40,9999,0.100000,0,0,0.000000,8,0.000000,0.000000,0.184811,0,0,0,0,0,0,0
75,759999,0,750000,0,40000,40,9999,0.100000,0,0,0.000000,8,0.000000,0.000000,0.153687,0,0,0,0,0,0,0
75,759999,1,750000,84,650000,40,9999,0.100000,0,0,0.000000,8,0.000000,0.000000,0.740722,0,0,0,0,0,0,0
75,759999,2,750000,0,60000,40,9999,0.100000,0,0,0.000000,8,0.000000,0.000000,0.112549,0,0,0,0,0,0,0
75,759999,3,750000,0,60000,40,9999,0.100000,0,0,0.000000,8,0.000000,0.000000,0.497922,0,0,0,0,0,0,0
75,759999,4,750000,72,150000,40,9999,0.100000,0,0,0.000000,8,0.000000,0.000000,0.320599,0,0,0,0,0,0,0
75,759999,5,750000,69,720000,40,9999,0.100000,0,0,0.000000,8,0.000000,0.000000,0.341435,0,0,0,0,0,0,0
75,759999,6,750000,4,10000,40,9999,0.100000,0,0,0.000000,8,0.000000,0.000000,0.139319,0,0,0,0,0,0,0
75,759999,7,750000,69,710000,40,9999,0.100000,0,0,0.000000,8,0.000000,0.000000,2.036916,0,0,0,0,0,0,0
75,759999,8,750000,0,40000,40,9999,0.100000,0,0,0.000000,8,0.000000,0.000000,0.119489,0,0,0,0,0,0,0
75,759999,9,750000,84,650000,40,9999,0.100000,0,0,0.000000,8,0.000000,0.000000,0.304232,0,0,0,0,0,0,0
75,759999,10,750000,69,710000,40,9999,0.100000,0,0,0.000000,8,0.000000,0.000000,0.821019,0,0,0,0,0,0,0
75,759999,11,750000,0,40000,40,9999,0.100000,0,0,0.000000,8,0.000000,0.000000,0.143297,0,0,0,0,0,0,0
75,759999,12,750000,69,710000,40,9999,0.100000,0,0,0.000000,8,0.000000,0.000000,0.770797,0,0,0,0,0,0,0
75,759999,13,750000,69,720000,40,9999,0.100000,0,0,0.000000,8,0.000000,0.000000,0.206819,0,0,0,0,0,0,0
75,759999,14,750000,69,710000,40,9999,0.100000,0,0,0.000000,8,0.000000,0.000000,0.554986,0,0,0,0,0,0,0
75,759999,15,750000,0,60000,40,9999,0.100000,0,0,0.000000,8,0.000000,0.000000,0.233797,0,0,0,0,0,0,0
75,759999,16,750000,69,720000,40,9999,0.100000,0,0,0.000000,8,0.000000,0.000000,0.309795,0,0,0,0,0,0,0
75,759999,17,750000,0,60000,40,9999,0.100000,0,0,0.000000,8,0.000000,0.000000,0.340553,0,0,0,0,0,0,0
75,759999,18,750000,84,650000,40,9999,0.100000,0,0,0.000000,8,0.000000,0.000000,0.245041,0,0,0,0,0,0,0
75,759999,19,750000,84,650000,40,9999,0.100000,0,0,0.000000,8,0.000000,0.000000,12.389837,0,0,0,0,0,0,0
75,759999,20,750000,0,40000,40,9999,0.100000,0,0,0.000000,8,0.000000,0.000000,0.442036,0,0,0,0,0,0,0
75,759999,21,750000,69,720000,40,9999,0.100000,0,0,0.000000,8,0.000000,0.000000,2.232215,0,0,0,0,0,0,0
75,759999,22,750000,84,650000,40,9999,0.100000,0,0,0.000000,8,0.000000,0.000000,2.398178,0,0,0,0,0,0,0
75,759999,23,750000,69,710000,40,9999,0.100000,0,0,0.000000,8,0.000000,0.000000,0.232110,0,0,0,0,0,0,0
75,759999,24,750000,0,40000,40,9999,0.100000,0,0,0.000000,8,0.000000,0.000000,0.347779,0,0,0,0,0,0,0
75,759999,25,750000,0,60000,40,9999,0.100000,0,0,0.000000,8,0.000000,0.000000,7.142406,0,0,0,0,0,0,0
75,759999,26,750000,4,10000,40,9999,0.100000,0,0,0.000000,8,0.000000,0.000000,0.095189,0,0,0,0,0,0,0
75,759999,27,750000,69,710000,49,9999,0.100000,0,0,0.000000,8,3.000000,0.000000,11.628341,0,0,0,0,0,0,0
75,759999,28,750000,0,60000,40,9999,0.100000,0,0,0.000000,8,0.000000,0.000000,0.072256,0,0,0,0,0,0,0
75,759999,29,750000,84,650000,40,9999,0.100000,0,0,0.000000,8,0.000000,0.000000,0.740971,0,0,0,0,0,0,0
75,759999,30,750000,69,720000,40,9999,0.100000,0,0,0.000000,8,0.000000,0.000000,0.069763,0,0,0,0,0,0,0
75,759999,31,750000,72,150000,40,9999,0.100000,0,0,0.000000,8,0.000000,0.000000,0.432772,0,0,0,0,0,0,0
75,759999,32,750000,20,0,40,9999,0.100000,0,0,0.000000,8,0.000000,0.000000,0.241468,0,0,0,0,0,0,0
75,759999,33,750000,69,720000,40,9999,0.100000,0,0,0.000000,8,0.000000,0.000000,10.349751,0,0,0,0,0,0,0
75,759999,34,750000,0,60000,40,9999,0.100000,0,0,0.000000,8,0.000000,0.000000,1.382087,0,0,0,0,0,0,0
75,759999,35,750000,69,720000,40,9999,0.100000,0,0,0.000000,8,0.000000,0.000000,0.182737,0,0,0,0,0,0,0
75,759999,36,750000,0,60000,40,9999,0.100000,0,0,0.000000,8,0.000000,0.000000,2.224220,0,0,0,0,0,0,0
75,759999,37,750000,69,710000,40,9999,0.100000,0,0,0.000000,8,0.000000,0.000000,0.564138,0,0,0,0,0,0,0
75,759999,38,750000,69,720000,40,9999,0.100000,0,0,0.000000,8,0.000000,0.000000,0.160946,0,0,0,0,0,0,0
75,759999,39,750000,20,0,40,9999,0.100000,0,0,0.000000,8,0.000000,0.000000,1.184265,0,0,0,0,0,0,0
75,759999,40,750000,20,0,40,9999,0.100000,0,0,0.000000,8,0.000000,0.000000,0.593224,0,0,0,0,0,0,0
75,759999,41,750000,0,40000,49,9999,0.100000,0,0,0.000000,8,5.000000,0.000000,7.438423,0,0,0,0,0,0,0
75,759999,42,750000,20,0,40,9999,0.100000,0,0,0.000000,8,0.000000,0.000000,0.951985,0,0,0,0,0,0,0
75,759999,43,750000,69,710000,40,9999,0.100000,0,0,0.000000,8,0.000000,0.000000,0.422819,0,0,0,0,0,0,0
75,759999,44,750000,0,60000,40,9999,0.100000,0,0,0.000000,8,0.000000,0.000000,0.230376,0,0,0,0,0,0,0
75,759999,45,750000,69,710000,49,9999,0.100000,0,0,0.000000,8,10.000000,0.000000,20.963645,0,0,0,0,0,0,0
75,759999,46,750000,69,720000,40,9999,0.100000,0,0,0.000000,8,0.000000,0.000000,0.239270,0,0,0,0,0,0,0
75,759999,47,750000,0,40000,40,9999,0.100000,0,0,0.000000,8,0.000000,0.000000,0.162493,0,0,0,0,0,0,0
75,759999,48,750000,69,720000,40,9999,0.100000,0,0,0.000000,8,0.000000,0.000000,0.389160,0,0,0,0,0,0,0
75,759999,49,750000,0,60000,40,9999,0.100000,0,0,0.000000,8,0.000000,0.000000,0.162460,0,0,0,0,0,0,0
75,759999,50,750000,69,710000,40,9999,0.100000,0,0,0.000000,8,0.000000,0.000000,0.104639,0,0,0,0,0,0,0
75,759999,51,750000,0,60000,40,9999,0.100000,0,0,0.000000,8,0.000000,0.000000,0.337627,0,0,0,0,0,0,0
75,759999,52,750000,84,650000,40,9999,0.100000,0,0,0.000000,8,0.000000,0.000000,0.162070,0,0,0,0,0,0,0
75,759999,53,750000,69,710000,40,9999,0.100000,0,0,0.000000,8,0.000000,0.000000,0.093308,0,0,0,0,0,0,0
75,759999,54,750000,4,10000,40,9999,0.100000,0,0,0.000000,8,0.000000,0.000000,0.388884,0,0,0,0,0,0,0
75,759999,55,750000,69,720000,40,9999,0.100000,0,0,0.000000,8,0.000000,0.000000,0.160796,0,0,0,0,0,0,0
75,759999,56,750000,4,10000,40,9999,0.100000,0,0,0.000000,8,0.000000,0.000000,0.141808,0,0,0,0,0,0,0
75,759999,57,750000,0,60000,40,9999,0.100000,0,0,0.000000,8,0.000000,0.000000,0.146670,0,0,0,0,0,0,0
75,759999,58,750000,69,720000,40,9999,0.100000,0,0,0.000000,8,0.000000,0.000000,0.139275,0,0,0,0,0,0,0
75,759999,59,750000,20,0,40,9999,0.100000,0,0,0.000000,8,0.000000,0.000000,0.311452,0,0,0,0,0,0,0
75,759999,60,750000,69,720000,40,9999,0.100000,0,0,0.000000,8,0.000000,0.000000,0.153661,0,0,0,0,0,0,0
75,759999,61,750000,0,60000,40,9999,0.100000,0,0,0.000000,8,0.000000,0.000000,0.446940,0,0,0,0,0,0,0
75,759999,62,750000,72,150000,40,9999,0.100000,0,0,0.000000,8,0.000000,0.000000,0.009406,0,0,0,0,0,0,0
75,759999,63,750000,72,150000,40,9999,0.100000,0,0,0.000000,8,0.000000,0.000000,0.128486,0,0,0,0,0,0,0
75,759999,64,750000,69,720000,40,9999,0.100000,0,0,0.000000,8,0.000000,0.000000,0.454195,0,0,0,0,0,0,0
75,759999,65,750000,4,10000,40,9999,0.100000,0,0,0.000000,8,0.000000,0.000000,0.224586,0,0,0,0,0,0,0
75,759999,66,750000,69,720000,40,9999,0.100000,0,0,0.000000,8,0.000000,0.000000,0.226422,0,0,0,0,0,0,0
75,759999,67,750000,20,0,40,9999,0.100000,0,0,0.000000,8,0.000000,0.000000,0.375513,0,0,0,0,0,0,0
75,759999,68,750000,84,650000,40,9999,0.100000,0,0,0.000000,8,0.000000,0.000000,1.255002,0,0,0,0,0,0,0
75,759999,69,750000,0,40000,40,9999,0.100000,0,0,0.000000,8,0.000000,0.000000,0.499417,0,0,0,0,0,0,0
75,759999,70,750000,20,0,40,9999,0.100000,0,0,0.000000,8,0.000000,0.000000,0.296885,0,0,0,0,0,0,0
75,759999,71,750000,69,720000,40,9999,0.100000,0,0,0.000000,8,0.000000,0.000000,0.167577,0,0,0,0,0,0,0
75,759999,72,750000,4,10000,40,9999,0.100000,0,0,0.000000,8,0.000000,0.000000,0.093301,0,0,0,0,0,0,0
75,759999,73,750000,20,0,40,9999,0.100000,0,0,0.000000,8,0.000000,0.000000,0.847457,0,0,0,0,0,0,0
75,759999,74,750000,20,0,40,9999,0.100000,0,0,0.000000,8,0.000000,0.000000,0.347312,0,0,0,0,0,0,0
75,759999,75,750000,69,720000,40,9999,0.100000,0,0,0.000000,8,0.000000,0.000000,0.093429,0,0,0,0,0,0,0
75,759999,76,750000,69,720000,40,9999,0.100000,0,0,0.000000,8,0.000000,0.000000,0.227553,0,0,0,0,0,0,0
75,759999,77,750000,69,710000,40,9999,0.100000,0,0,0.000000,8,0.000000,0.000000,0.498563,0,0,0,0,0,0,0
75,759999,78,750000,0,60000,40,9999,0.100000,0,0,0.000000,8,0.000000,0.000000,0.136572,0,0,0,0,0,0,0
75,759999,79,750000,0,60000,40,9999,0.100000,0,0,0.000000,8,0.000000,0.000000,0.529519,0,0,0,0,0,0,0
75,759999,80,750000,69,720000,40,9999,0.100000,0,0,0.000000,8,0.000000,0.000000,0.084125,0,0,0,0,0,0,0
75,759999,81,750000,69,720000,40,9999,0.100000,0,0,0.000000,8,0.000000,0.000000,0.179925,0,0,0,0,0,0,0
75,759999,82,750000,69,720000,40,9999,0.100000,0,0,0.000000,8,0.000000,0.000000,0.702540,0,0,0,0,0,0,0
75,759999,83,750000,0,40000,40,9999,0.100000,0,0,0.000000,8,0.000000,0.000000,0.082126,0,0,0,0,0,0,0
75,759999,84,750000,0,60000,40,9999,0.100000,0,0,0.000000,8,0.000000,0.000000,0.236877,0,0,0,0,0,0,0
75,759999,85,750000,72,150000,40,9999,0.100000,0,0,0.000000,8,0.000000,0.000000,0.293586,0,0,0,0,0,0,0
75,759999,86,750000,84,650000,40,9999,0.100000,0,0,0.000000,8,0.000000,0.000000,0.111817,0,0,0,0,0,0,0
75,759999,87,750000,4,10000,40,9999,0.100000,0,0,0.000000,8,0.000000,0.000000,0.109095,0,0,0,0,0,0,0
75,759999,88,750000,69,710000,49,9999,0.100000,0,0,0.000000,8,4.000000,0.000000,8.536727,0,0,0,0,0,0,0
75,759999,89,750000,0,60000,40,9999,0.100000,0,0,0.000000,8,0.000000,0.000000,0.078560,0,0,0,0,0,0,0
75,759999,90,750000,72,150000,40,9999,0.100000,0,0,0.000000,8,0.000000,0.000000,0.376731,0,0,0,0,0,0,0
75,759999,91,750000,69,720000,49,9999,0.100000,0,0,0.000000,8,7.000000,0.000000,8.350045,0,0,0,0,0,0,0
75,759999,92,750000,72,150000,40,9999,0.100000,0,0,0.000000,8,0.000000,0.000000,0.122765,0,0,0,0,0,0,0
75,759999,93,750000,0,60000,49,9999,0.100000,0,0,0.000000,8,5.000000,0.000000,12.001763,0,0,0,0,0,0,0
75,759999,94,750000,20,0,40,9999,0.100000,0,0,0.000000,8,0.000000,0.000000,0.192701,0,0,0,0,0,0,0
75,759999,95,750000,0,60000,40,9999,0.100000,0,0,0.000000,8,0.000000,0.000000,0.375654,0,0,0,0,0,0,0
75,759999,96,750000,4,10000,40,9999,0.100000,0,0,0.000000,8,0.000000,0.000000,0.615348,0,0,0,0,0,0,0
75,759999,97,750000,69,720000,40,9999,0.100000,0,0,0.000000,8,0.000000,0.000000,0.234353,0,0,0,0,0,0,0
75,759999,98,750000,0,40000,40,9999,0.100000,0,0,0.000000,8,0.000000,0.000000,0.059243,0,0,0,0,0,0,0
75,759999,99,750000,0,60000,49,9999,0.100000,0,0,0.000000,8,2.000000,0.000000,5.115336,0,0,0,0,0,0,0
76,769999,0,760000,84,650000,40,9999,0.100000,0,0,0.000000,8,0.000000,0.000000,0.315826,0,0,0,0,0,0,0
76,769999,1,760000,20,0,40,9999,0.100000,0,0,0.000000,8,0.000000,0.000000,0.458064,0,0,0,0,0,0,0
76,769999,2,760000,69,720000,40,9999,0.100000,0,0,0.000000,8,0.000000,0.000000,0.110362,0,0,0,0,0,0,0
76,769999,3,760000,72,150000,49,9999,0.100000,0,0,0.000000,8,1.000000,0.000000,9.317189,0,0,0,0,0,0,0
76,769999,4,760000,69,710000,40,9999,0.100000,0,0,0.000000,8,0.000000,0.000000,0.325137,0,0,0,0,0,0,0
76,769999,5,760000,69,720000,9,9999,0.100000,0,0,0.000000,8,3.000000,0.000000,14.787738,0,0,0,0,0,0,1
76,769999,6,760000,20,0,40,9999,0.100000,0,0,0.000000,8,0.000000,0.000000,0.134379,0,0,0,0,0,0,0
76,769999,7,760000,20,0,40,9999,0.100000,0,0,0.000000,8,0.000000,0.000000,2.090910,0,0,0,0,0,0,0
76,769999,8,760000,0,40000,40,9999,0.100000,0,0,0.000000,8,0.000000,0.000000,0.091127,0,0,0,0,0,0,0
76,769999,9,760000,72,150000,40,9999,0.100000,0,0,0.000000,8,0.000000,0.000000,0.141713,0,0,0,0,0,0,0
76,769999,10,760000,69,720000,40,9999,0.100000,0,0,0.000000,8,0.000000,0.000000,0.798042,0,0,0,0,0,0,0
76,769999,11,760000,20,0,40,9999,0.100000,0,0,0.000000,8,0.000000,0.000000,0.143070,0,0,0,0,0,0,0
76,769999,12,760000,69,720000,40,9999,0.100000,0,0,0.000000,8,0.000000,0.000000,0.999812,0,0,0,0,0,0,0
76,769999,13,760000,20,0,40,9999,0.100000,0,0,0.000000,8,0.000000,0.000000,0.208263,0,0,0,0,0,0,0
76,769999,14,760000,20,0,40,9999,0.100000,0,0,0.000000,8,0.000000,0.000000,0.095441,0,0,0,0,0,0,0
76,769999,15,760000,84,650000,40,9999,0.100000,0,0,0.000000,8,0.000000,0.000000,0.224601,0,0,0,0,0,0,0
76,769999,16,760000,0,40000,40,9999,0.100000,0,0,0.000000,8,0.000000,0.000000,0.071334,0,0,0,0,0,0,0
76,769999,17,760000,84,650000,40,9999,0.100000,0,0,0.000000,8,0.000000,0.000000,0.379756,0,0,0,0,0,0,0
76,769999,18,760000,72,150000,40,9999,0.100000,0,0,0.000000,8,0.000000,0.000000,0.237342,0,0,0,0,0,0,0
76,769999,19,760000,72,150000,9,9999,0.100000,0,0,0.000000,8,2.000000,0.000000,5.856858,0,0,0,1,0,0,0
76,769999,20,760000,84,650000,40,9999,0.100000,0,0,0.000000,8,0.000000,0.000000,0.431616,0,0,0,0,0,0,0
76,769999,21,760000,69,710000,40,9999,0.100000,0,0,0.000000,8,0.000000,0.000000,2.262685,0,0,0,0,0,0,0
76,769999,22,760000,0,40000,40,9999,0.100000,0,0,0.000000,8,0.000000,0.000000,0.376958,0,0,0,0,0,0,0
76,769999,23,760000,72,150000,40,9999,0.100000,0,0,0.000000,8,0.000000,0.000000,0.228387,0,0,0,0,0,0,0
76,769999,24,760000,69,710000,40,9999,0.100000,0,0,0.000000,8,0.000000,0.000000,0.346685,0,0,0,0,0,0,0
76,769999,25,760000,0,40000,40,9999,0.100000,0,0,0.000000,8,0.000000,0.000000,1.127717,0,0,0,0,0,0,0
76,769999,26,760000,0,60000,40,9999,0.100000,0,0,0.000000,8,0.000000,0.000000,0.093466,0,0,0,0,0,0,0
76,769999,27,760000,69,720000,40,9999,0.100000,0,0,0.000000,8,0.000000,0.000000,0.163054,0,0,0,0,0,0,0
76,769999,28,760000,72,150000,40,9999,0.100000,0,0,0.000000,8,0.000000,0.000000,0.070352,0,0,0,0,0,0,0
76,769999,29,760000,0,40000,40,9999,0.100000,0,0,0.000000,8,0.000000,0.000000,0.568287,0,0,0,0,0,0,0
76,769999,30,760000,69,710000,40,9999,0.100000,0,0,0.000000,8,0.000000,0.000000,0.070142,0,0,0,0,0,0,0
76,769999,31,760000,4,10000,40,9999,0.100000,0,0,0.000000,8,0.000000,0.000000,1.914138,0,0,0,0,0,0,0
76,769999,32,760000,0,40000,40,9999,0.100000,0,0,0.000000,8,0.000000,0.000000,0.244167,0,0,0,0,0,0,0
76,769999,33,760000,0,60000,40,9999,0.100000,0,0,0.000000,8,0.000000,0.000000,0.410258,0,0,0,0,0,0,0
76,769999,34,760000,84,650000,40,9999,0.100000,0,0,0.000000,8,0.000000,0.000000,1.380037,0,0,0,0,0,0,0
76,769999,35,760000,0,40000,40,9999,0.100000,0,0,0.000000,8,0.000000,0.000000,0.180309,0,0,0,0,0,0,0
76,769999,36,760000,72,150000,40,9999,0.100000,0,0,0.000000,8,0.000000,0.000000,4.901874,0,0,0,0,0,0,0
76,769999,37,760000,4,10000,49,9999,0.100000,0,0,0.000000,8,2.000000,0.000000,10.258854,0,0,0,0,0,0,0
76,769999,38,760000,72,150000,40,9999,0.100000,0,0,0.000000,8,0.000000,0.000000,0.157766,0,0,0,0,0,0,0
76,769999,39,760000,0,40000,40,9999,0.100000,0,0,0.000000,8,0.000000,0.000000,1.320227,0,0,0,0,0,0,0
76,769999,40,760000,69,720000,40,9999,0.100000,0,0,0.000000,8,0.000000,0.000000,0.582495,0,0,0,0,0,0,0
76,769999,41,760000,20,0,40,9999,0.100000,0,0,0.000000,8,0.000000,0.000000,0.664354,0,0,0,0,0,0,0
76,769999,42,760000,0,60000,40,9999,0.100000,0,0,0.000000,8,0.000000,0.000000,0.710012,0,0,0,0,0,0,0
76,769999,43,760000,0,60000,40,9999,0.100000,0,0,0.000000,8,0.000000,0.000000,0.710794,0,0,0,0,0,0,0
76,769999,44,760000,0,60000,40,9999,0.100000,0,0,0.000000,8,0.000000,0.000000,0.237471,0,0,0,0,0,0,0
76,769999,45,760000,20,0,40,9999,0.100000,0,0,0.000000,8,0.000000,0.000000,0.230738,0,0,0,0,0,0,0
76,769999,46,760000,20,0,40,9999,0.100000,0,0,0.000000,8,0.000000,0.000000,0.241845,0,0,0,0,0,0,0
76,769999,47,760000,20,0,40,9999,0.100000,0,0,0.000000,8,0.000000,0.000000,0.161623,0,0,0,0,0,0,0
76,769999,48,760000,84,650000,40,9999,0.100000,0,0,0.000000,8,0.000000,0.000000,0.397918,0,0,0,0,0,0,0
76,769999,49,760000,0,60000,40,9999,0.100000,0,0,0.000000,8,0.000000,0.000000,0.162161,0,0,0,0,0,0,0
76,769999,50,760000,72,150000,40,9999,0.100000,0,0,0.000000,8,0.000000,0.000000,0.186873,0,0,0,0,0,0,0
76,769999,51,760000,72,150000,40,9999,0.100000,0,0,0.000000,8,0.000000,0.000000,0.501628,0,0,0,0,0,0,0
76,769999,52,760000,0,40000,40,9999,0.100000,0,0,0.000000,8,0.000000,0.000000,0.159695,0,0,0,0,0,0,0
76,769999,53,760000,0,40000,40,9999,0.100000,0,0,0.000000,8,0.000000,0.000000,0.092190,0,0,0,0,0,0,0
76,769999,54,760000,4,10000,40,9999,0.100000,0,0,0.000000,8,0.000000,0.000000,0.625871,0,0,0,0,0,0,0
76,769999,55,760000,69,720000,40,9999,0.100000,0,0,0.000000,8,0.000000,0.000000,0.162052,0,0,0,0,0,0,0
76,769999,56,760000,69,720000,40,9999,0.100000,0,0,0.000000,8,0.000000,0.000000,0.210479,0,0,0,0,0,0,0
76,769999,57,760000,84,650000,49,9999,0.100000,0,0,0.000000,8,5.000000,0.000000,10.561674,0,0,0,0,0,0,0
76,769999,58,760000,84,650000,40,9999,0.100000,0,0,0.000000,8,0.000000,0.000000,0.146663,0,0,0,0,0,0,0
76,769999,59,760000,0,40000,40,9999,0.100000,0,0,0.000000,8,0.000000,0.000000,0.400963,0,0,0,0,0,0,0
76,769999,60,760000,69,720000,40,9999,0.100000,0,0,0.000000,8,0.000000,0.000000,0.153597,0,0,0,0,0,0,0
76,769999,61,760000,72,150000,40,9999,0.100000,0,0,0.000000,8,0.000000,0.000000,0.562875,0,0,0,0,0,0,0
76,769999,62,760000,72,150000,49,9999,0.100000,0,0,0.000000,8,7.000000,0.000000,15.533877,0,0,0,0,0,0,0
76,769999,63,760000,20,0,40,9999,0.100000,0,0,0.000000,8,0.000000,0.000000,0.191640,0,0,0,0,0,0,0
76,769999,64,760000,4,10000,40,9999,0.100000,0,0,0.000000,8,0.000000,0.000000,0.440748,0,0,0,0,0,0,0
76,769999,65,760000,0,60000,40,9999,0.100000,0,0,0.000000,8,0.000000,0.000000,0.226996,0,0,0,0,0,0,0
76,769999,66,760000,72,150000,40,9999,0.100000,0,0,0.000000,8,0.000000,0.000000,0.221606,0,0,0,0,0,0,0
76,769999,67,760000,20,0,40,9999,0.100000,0,0,0.000000,8,0.000000,0.000000,0.485492,0,0,0,0,0,0,0
76,769999,68,760000,72,150000,40,9999,0.100000,0,0,0.000000,8,0.000000,0.000000,1.425291,0,0,0,0,0,0,0
76,769999,69,760000,4,10000,9,9999,0.100000,0,0,0.000000,8,1.000000,0.000000,6.933749,0,0,0,1,0,0,0
76,769999,70,760000,4,10000,9,9999,0.100000,0,0,0.000000,8,2.000000,0.000000,10.821284,0,0,0,0,0,0,1
76,769999,71,760000,20,0,40,9999,0.100000,0,0,0.000000,8,0.000000,0.000000,0.150755,0,0,0,0,0,0,0
76,769999,72,760000,84,650000,40,9999,0.065000,0,0,0.000000,8,0.000000,0.000000,0.092861,0,0,0,0,0,0,0
76,769999,73,760000,20,0,40,9999,0.100000,0,0,0.000000,8,0.000000,0.000000,0.887563,0,0,0,0,0,0,0
76,769999,74,760000,69,710000,40,9999,0.100000,0,0,0.000000,8,0.000000,0.000000,0.158178,0,0,0,0,0,0,0
76,769999,75,760000,0,60000,40,9999,0.100000,0,0,0.000000,8,0.000000,0.000000,0.092560,0,0,0,0,0,0,0
76,769999,76,760000,69,720000,40,9999,0.100000,0,0,0.000000,8,0.000000,0.000000,0.241258,0,0,0,0,0,0,0
76,769999,77,760000,72,150000,49,9999,0.100000,0,0,0.000000,8,2.000000,0.000000,8.941410,0,0,0,0,0,0,0
76,769999,78,760000,0,40000,40,9999,0.100000,0,0,0.000000,8,0.000000,0.000000,0.144718,0,0,0,0,0,0,0
76,769999,79,760000,84,650000,40,9999,0.100000,0,0,0.000000,8,0.000000,0.000000,0.109541,0,0,0,0,0,0,0
76,769999,80,760000,84,650000,40,9999,0.100000,0,0,0.000000,8,0.000000,0.000000,0.087539,0,0,0,0,0,0,0
76,769999,81,760000,72,150000,40,9999,0.100000,0,0,0.000000,8,0.000000,0.000000,0.178683,0,0,0,0,0,0,0
76,769999,82,760000,4,10000,40,9999,0.100000,0,0,0.000000,8,0.000000,0.000000,0.605465,0,0,0,0,0,0,0
76,769999,83,760000,72,150000,40,9999,0.100000,0,0,0.000000,8,0.000000,0.000000,0.082021,0,0,0,0,0,0,0
76,769999,84,760000,0,40000,40,9999,0.100000,0,0,0.000000,8,0.000000,0.000000,0.179488,0,0,0,0,0,0,0
76,769999,85,760000,4,10000,49,9999,0.100000,0,0,0.000000,8,2.000000,0.000000,8.500968,0,0,0,0,0,0,0
76,769999,86,760000,69,720000,40,9999,0.100000,0,0,0.000000,8,0.000000,0.000000,0.109753,0,0,0,0,0,0,0
76,769999,87,760000,69,710000,40,9999,0.100000,0,0,0.000000,8,0.000000,0.000000,0.250538,0,0,0,0,0,0,0
76,769999,88,760000,0,60000,40,9999,0.100000,0,0,0.000000,8,0.000000,0.000000,0.082361,0,0,0,0,0,0,0
76,769999,89,760000,0,60000,40,9999,0.100000,0,0,0.000000,8,0.000000,0.000000,0.077461,0,0,0,0,0,0,0
76,769999,90,760000,0,60000,40,9999,0.100000,0,0,0.000000,8,0.000000,0.000000,0.544859,0,0,0,0,0,0,0
76,769999,91,760000,0,40000,40,9999,0.100000,0,0,0.000000,8,0.000000,0.000000,0.625599,0,0,0,0,0,0,0
76,769999,92,760000,69,710000,40,9999,0.100000,0,0,0.000000,8,0.000000,0.000000,0.185812,0,0,0,0,0,0,0
76,769999,93,760000,84,650000,40,9999,0.100000,0,0,0.000000,8,0.000000,0.000000,0.091490,0,0,0,0,0,0,0
76,769999,94,760000,69,710000,40,9999,0.100000,0,0,0.000000,8,0.000000,0.000000,0.172991,0,0,0,0,0,0,0
76,769999,95,760000,84,650000,40,9999,0.100000,0,0,0.000000,8,0.000000,0.000000,0.372440,0,0,0,0,0,0,0
76,769999,96,760000,72,150000,40,9999,0.100000,0,0,0.000000,8,0.000000,0.000000,0.596008,0,0,0,0,0,0,0
76,769999,97,760000,0,40000,40,9999,0.100000,0,0,0.000000,8,0.000000,0.000000,0.228657,0,0,0,0,0,0,0
76,769999,98,760000,72,150000,40,9999,0.100000,0,0,0.000000,8,0.000000,0.000000,0.058974,0,0,0,0,0,0,0
76,769999,99,760000,72,150000,40,9999,0.100000,0,0,0.000000,8,0.000000,0.000000,0.184760,0,0,0,0,0,0,0
77,779999,0,770000,0,60000,40,9999,0.100000,0,0,0.000000,8,0.000000,0.000000,0.769543,0,0,0,0,0,0,0
77,779999,1,770000,72,150000,40,9999,0.100000,0,0,0.000000,8,0.000000,0.000000,0.270636,0,0,0,0,0,0,0
77,779999,2,770000,0,40000,40,9999,0.100000,0,0,0.000000,8,0.000000,0.000000,0.110390,0,0,0,0,0,0,0
77,779999,3,770000,20,0,49,9999,0.100000,0,0,0.000000,8,1.000000,0.000000,5.379228,0,0,0,0,0,0,0
77,779999,4,770000,4,10000,40,9999,0.100000,0,0,0.000000,8,0.000000,0.000000,0.330902,0,0,0,0,0,0,0
77,779999,5,770000,0,40000,49,9999,0.100000,0,0,0.000000,8,1.000000,0.000000,9.176198,0,0,0,0,0,0,0
77,779999,6,770000,20,0,40,9999,0.100000,0,0,0.000000,8,0.000000,0.000000,0.136533,0,0,0,0,0,0,0
77,779999,7,770000,20,0,40,9999,0.100000,0,0,0.000000,8,0.000000,0.000000,2.340645,0,0,0,0,0,0,0
77,779999,8,770000,69,710000,40,9999,0.100000,0,0,0.000000,8,0.000000,0.000000,0.128973,0,0,0,0,0,0,0
77,779999,9,770000,69,710000,40,9999,0.100000,0,0,0.000000,8,0.000000,0.000000,0.132495,0,0,0,0,0,0,0
77,779999,10,770000,69,710000,40,9999,0.100000,0,0,0.000000,8,0.000000,0.000000,0.606083,0,0,0,0,0,0,0
77,779999,11,770000,69,720000,40,9999,0.100000,0,0,0.000000,8,0.000000,0.000000,0.148353,0,0,0,0,0,0,0
77,779999,12,770000,84,650000,40,9999,0.100000,0,0,0.000000,8,0.000000,0.000000,1.459345,0,0,0,0,0,0,0
77,779999,13,770000,0,40000,40,9999,0.100000,0,0,0.000000,8,0.000000,0.000000,0.214899,0,0,0,0,0,0,0
77,779999,14,770000,84,650000,40,9999,0.100000,0,0,0.000000,8,0.000000,0.000000,0.089995,0,0,0,0,0,0,0
77,779999,15,770000,20,0,40,9999,0.100000,0,0,0.000000,8,0.000000,0.000000,0.236706,0,0,0,0,0,0,0
77,779999,16,770000,72,150000,40,9999,0.100000,0,0,0.000000,8,0.000000,0.000000,0.071694,0,0,0,0,0,0,0
77,779999,17,770000,0,60000,40,9999,0.100000,0,0,0.000000,8,0.000000,0.000000,0.386415,0,0,0,0,0,0,0
77,779999,18,770000,69,710000,40,9999,0.100000,0,0,0.000000,8,0.000000,0.000000,0.233618,0,0,0,0,0,0,0
77,779999,19,770000,72,150000,40,9999,0.100000,0,0,0.000000,8,0.000000,0.000000,0.218915,0,0,0,0,0,0,0
77,779999,20,770000,0,60000,40,9999,0.135000,0,0,0.000000,8,0.000000,0.000000,0.428002,0,0,0,0,0,0,0
77,779999,21,770000,0,40000,49,9999,0.100000,0,0,0.000000,8,1.000000,0.000000,1.295840,0,0,0,0,0,0,0
77,779999,22,770000,20,0,40,9999,0.100000,0,0,0.000000,8,0.000000,0.000000,0.229063,0,0,0,0,0,0,0
77,779999,23,770000,69,710000,40,9999,0.100000,0,0,0.000000,8,0.000000,0.000000,0.221826,0,0,0,0,0,0,0
77,779999,24,770000,0,60000,40,9999,0.100000,0,0,0.000000,8,0.000000,0.000000,0.338044,0,0,0,0,0,0,0
77,779999,25,770000,4,10000,40,9999,0.100000,0,0,0.000000,8,0.000000,0.000000,0.106409,0,0,0,0,0,0,0
77,779999,26,770000,0,40000,40,9999,0.100000,0,0,0.000000,8,0.000000,0.000000,0.087353,0,0,0,0,0,0,0
77,779999,27,770000,0,60000,40,9999,0.100000,0,0,0.000000,8,0.000000,0.000000,0.156499,0,0,0,0,0,0,0
77,779999,28,770000,72,150000,40,9999,0.100000,0,0,0.000000,8,0.000000,0.000000,0.069612,0,0,0,0,0,0,0
77,779999,29,770000,4,10000,40,9999,0.100000,0,0,0.000000,8,0.000000,0.000000,0.562088,0,0,0,0,0,0,0
77,779999,30,770000,72,150000,40,9999,0.100000,0,0,0.000000,8,0.000000,0.000000,0.071253,0,0,0,0,0,0,0
77,779999,31,770000,0,60000,40,9999,0.100000,0,0,0.000000,8,0.000000,0.000000,0.983155,0,0,0,0,0,0,0
77,779999,32,770000,84,650000,40,9999,0.100000,0,0,0.000000,8,0.000000,0.000000,0.224366,0,0,0,0,0,0,0
77,779999,33,770000,20,0,40,9999,0.100000,0,0,0.000000,8,0.000000,0.000000,0.234615,0,0,0,0,0,0,0
77,779999,34,770000,4,10000,40,9999,0.065000,0,0,0.000000,8,0.000000,0.000000,1.345253,0,0,0,0,0,0,0
77,779999,35,770000,84,650000,40,9999,0.100000,0,0,0.000000,8,0.000000,0.000000,0.178002,0,0,0,0,0,0,0
77,779999,36,770000,4,10000,40,9999,0.100000,0,0,0.000000,8,0.000000,0.000000,0.516073,0,0,0,0,0,0,0
77,779999,37,770000,0,60000,40,9999,0.100000,0,0,0.000000,8,0.000000,0.000000,6.299368,0,0,0,0,0,0,0
77,779999,38,770000,72,150000,40,9999,0.100000,0,0,0.000000,8,0.000000,0.000000,0.154915,0,0,0,0,0,0,0
77,779999,39,770000,69,710000,49,9999,0.100000,0,0,0.000000,8,1.000000,0.000000,1.337526,0,0,0,0,0,0,0
77,779999,40,770000,4,10000,40,9999,0.100000,0,0,0.000000,8,0.000000,0.000000,0.590211,0,0,0,0,0,0,0
77,779999,41,770000,20,0,40,9999,0.100000,0,0,0.000000,8,0.000000,0.000000,0.654174,0,0,0,0,0,0,0
77,779999,42,770000,69,720000,40,9999,0.100000,0,0,0.000000,8,0.000000,0.000000,0.708217,0,0,0,0,0,0,0
77,779999,43,770000,72,150000,49,9999,0.100000,0,0,0.000000,8,1.000000,0.000000,1.253610,0,0,0,0,0,0,0
77,779999,44,770000,69,720000,40,9999,0.100000,0,0,0.000000,8,0.000000,0.000000,0.246705,0,0,0,0,0,0,0
77,779999,45,770000,84,650000,40,9999,0.100000,0,0,0.000000,8,0.000000,0.000000,0.234433,0,0,0,0,0,0,0
77,779999,46,770000,4,10000,40,9999,0.100000,0,0,0.000000,8,0.000000,0.000000,0.242992,0,0,0,0,0,0,0
77,779999,47,770000,84,650000,40,9999,0.100000,0,0,0.000000,8,0.000000,0.000000,0.161149,0,0,0,0,0,0,0
77,779999,48,770000,84,650000,40,9999,0.100000,0,0,0.000000,8,0.000000,0.000000,0.386899,0,0,0,0,0,0,0
77,779999,49,770000,0,60000,40,9999,0.100000,0,0,0.000000,8,0.000000,0.000000,0.162844,0,0,0,0,0,0,0
77,779999,50,770000,0,60000,40,9999,0.100000,0,0,0.000000,8,0.000000,0.000000,0.411533,0,0,0,0,0,0,0
77,779999,51,770000,69,720000,40,9999,0.100000,0,0,0.000000,8,0.000000,0.000000,0.315030,0,0,0,0,0,0,0
77,779999,52,770000,72,150000,40,9999,0.100000,0,0,0.000000,8,0.000000,0.000000,0.160192,0,0,0,0,0,0,0
77,779999,53,770000,69,720000,40,9999,0.100000,0,0,0.000000,8,0.000000,0.000000,0.093625,0,0,0,0,0,0,0
77,779999,54,770000,69,710000,49,9999,0.100000,0,0,0.000000,8,1.000000,0.000000,1.371525,0,0,0,0,0,0,0
77,779999,55,770000,20,0,40,9999,0.100000,0,0,0.000000,8,0.000000,0.000000,0.159165,0,0,0,0,0,0,0
77,779999,56,770000,84,650000,40,9999,0.100000,0,0,0.000000,8,0.000000,0.000000,0.193359,0,0,0,0,0,0,0
77,779999,57,770000,69,720000,40,9999,0.100000,0,0,0.000000,8,0.000000,0.000000,0.464859,0,0,0,0,0,0,0
77,779999,58,770000,0,40000,40,9999,0.100000,0,0,0.000000,8,0.000000,0.000000,0.146569,0,0,0,0,0,0,0
77,779999,59,770000,72,150000,40,9999,0.100000,0,0,0.000000,8,0.000000,0.000000,0.772863,0,0,0,0,0,0,0
77,779999,60,770000,72,150000,40,9999,0.100000,0,0,0.000000,8,0.000000,0.000000,0.154599,0,0,0,0,0,0,0
77,779999,61,770000,0,40000,40,9999,0.100000,0,0,0.000000,8,0.000000,0.000000,0.561296,0,0,0,0,0,0,0
77,779999,62,770000,20,0,40,9999,0.100000,0,0,0.000000,8,0.000000,0.000000,0.009463,0,0,0,0,0,0,0
77,779999,63,770000,84,650000,40,9999,0.100000,0,0,0.000000,8,0.000000,0.000000,0.179395,0,0,0,0,0,0,0
77,779999,64,770000,20,0,40,9999,0.100000,0,0,0.000000,8,0.000000,0.000000,0.423449,0,0,0,0,0,0,0
77,779999,65,770000,20,0,40,9999,0.100000,0,0,0.000000,8,0.000000,0.000000,0.238234,0,0,0,0,0,0,0
77,779999,66,770000,0,40000,40,9999,0.100000,0,0,0.000000,8,0.000000,0.000000,0.216606,0,0,0,0,0,0,0
77,779999,67,770000,20,0,40,9999,0.100000,0,0,0.000000,8,0.000000,0.000000,0.460521,0,0,0,0,0,0,0
77,779999,68,770000,20,0,40,9999,0.100000,0,0,0.000000,8,0.000000,0.000000,1.339720,0,0,0,0,0,0,0
77,779999,69,770000,72,150000,49,9999,0.100000,0,0,0.000000,8,2.000000,0.000000,9.503212,0,0,0,0,0,0,0
77,779999,70,770000,20,0,49,9999,0.100000,0,0,0.000000,8,1.000000,0.000000,6.787744,0,0,0,0,0,0,0
77,779999,71,770000,20,0,40,9999,0.100000,0,0,0.000000,8,0.000000,0.000000,0.160169,0,0,0,0,0,0,0
77,779999,72,770000,0,60000,40,9999,0.100000,0,0,0.000000,8,0.000000,0.000000,0.091364,0,0,0,0,0,0,0
77,779999,73,770000,69,720000,40,9999,0.100000,0,0,0.000000,8,0.000000,0.000000,0.827374,0,0,0,0,0,0,0
77,779999,74,770000,4,10000,40,9999,0.100000,0,0,0.000000,8,0.000000,0.000000,0.084835,0,0,0,0,0,0,0
77,779999,75,770000,0,60000,40,9999,0.100000,0,0,0.000000,8,0.000000,0.000000,0.092377,0,0,0,0,0,0,0
77,779999,76,770000,69,710000,40,9999,0.100000,0,0,0.000000,8,0.000000,0.000000,0.228329,0,0,0,0,0,0,0
77,779999,77,770000,69,720000,49,9999,0.100000,0,0,0.000000,8,1.000000,0.000000,7.175737,0,0,0,0,0,0,0
77,779999,78,770000,0,40000,40,9999,0.100000,0,0,0.000000,8,0.000000,0.000000,0.141182,0,0,0,0,0,0,0
77,779999,79,770000,4,10000,40,9999,0.100000,0,0,0.000000,8,0.000000,0.000000,0.233632,0,0,0,0,0,0,0
77,779999,80,770000,72,150000,40,9999,0.100000,0,0,0.000000,8,0.000000,0.000000,0.090131,0,0,0,0,0,0,0
77,779999,81,770000,4,10000,40,9999,0.100000,0,0,0.000000,8,0.000000,0.000000,0.197311,0,0,0,0,0,0,0
77,779999,82,770000,69,710000,40,9999,0.100000,0,0,0.000000,8,0.000000,0.000000,0.624353,0,0,0,0,0,0,0
77,779999,83,770000,20,0,40,9999,0.100000,0,0,0.000000,8,0.000000,0.000000,0.081938,0,0,0,0,0,0,0
77,779999,84,770000,0,60000,40,9999,0.100000,0,0,0.000000,8,0.000000,0.000000,0.182373,0,0,0,0,0,0,0
77,779999,85,770000,72,150000,49,9999,0.100000,0,0,0.000000,8,1.000000,0.000000,13.201513,0,0,0,0,0,0,0
77,779999,86,770000,72,150000,40,9999,0.100000,0,0,0.000000,8,0.000000,0.000000,0.109974,0,0,0,0,0,0,0
77,779999,87,770000,0,40000,40,9999,0.100000,0,0,0.000000,8,0.000000,0.000000,0.636387,0,0,0,0,0,0,0
77,779999,88,770000,69,720000,40,9999,0.100000,0,0,0.000000,8,0.000000,0.000000,0.080070,0,0,0,0,0,0,0
77,779999,89,770000,0,60000,40,9999,0.100000,0,0,0.000000,8,0.000000,0.000000,0.077260,0,0,0,0,0,0,0
77,779999,90,770000,72,150000,40,9999,0.100000,0,0,0.000000,8,0.000000,0.000000,0.363858,0,0,0,0,0,0,0
77,779999,91,770000,69,720000,40,9999,0.100000,0,0,0.000000,8,0.000000,0.000000,0.608975,0,0,0,0,0,0,0
77,779999,92,770000,0,40000,40,9999,0.100000,0,0,0.000000,8,0.000000,0.000000,0.171327,0,0,0,0,0,0,0
77,779999,93,770000,84,650000,40,9999,0.100000,0,0,0.000000,8,0.000000,0.000000,0.091024,0,0,0,0,0,0,0
77,779999,94,770000,84,650000,40,9999,0.100000,0,0,0.000000,8,0.000000,0.000000,0.175522,0,0,0,0,0,0,0
77,779999,95,770000,4,10000,40,9999,0.100000,0,0,0.000000,8,0.000000,0.000000,0.345218,0,0,0,0,0,0,0
77,779999,96,770000,0,60000,40,9999,0.100000,0,0,0.000000,8,0.000000,0.000000,0.594914,0,0,0,0,0,0,0
77,779999,97,770000,69,710000,40,9999,0.100000,0,0,0.000000,8,0.000000,0.000000,0.227590,0,0,0,0,0,0,0
77,779999,98,770000,0,60000,40,9999,0.100000,0,0,0.000000,8,0.000000,0.000000,0.059707,0,0,0,0,0,0,0
77,779999,99,770000,4,10000,40,9999,0.100000,0,0,0.000000,8,0.000000,0.000000,0.181632,0,0,0,0,0,0,0
78,789999,0,780000,4,10000,49,9999,0.100000,0,0,0.000000,8,3.000000,0.000000,3.415370,0,0,0,0,0,0,0
78,789999,1,780000,0,40000,40,9999,0.100000,0,0,0.000000,8,0.000000,0.000000,1.014236,0,0,0,0,0,0,0
78,789999,2,780000,4,10000,40,9999,0.100000,0,0,0.000000,8,0.000000,0.000000,0.110357,0,0,0,0,0,0,0
78,789999,3,780000,0,60000,49,9999,0.100000,0,0,0.000000,8,1.000000,0.000000,14.246554,0,0,0,0,0,0,0
78,789999,4,780000,72,150000,40,9999,0.100000,0,0,0.000000,8,0.000000,0.000000,0.362994,0,0,0,0,0,0,0
78,789999,5,780000,4,10000,40,9999,0.100000,0,0,0.000000,8,0.000000,0.000000,7.236231,0,0,0,0,0,0,0
78,789999,6,780000,20,0,40,9999,0.100000,0,0,0.000000,8,0.000000,0.000000,0.140022,0,0,0,0,0,0,0
78,789999,7,780000,69,720000,0,9999,0.100000,0,0,0.000000,8,0.000000,0.000000,2.265056,0,0,0,0,0,1,0
78,789999,8,780000,0,60000,40,9999,0.100000,0,0,0.000000,8,0.000000,0.000000,0.099797,0,0,0,0,0,0,0
78,789999,9,780000,72,150000,40,9999,0.100000,0,0,0.000000,8,0.000000,0.000000,0.121292,0,0,0,0,0,0,0
78,789999,10,780000,69,720000,40,9999,0.100000,0,0,0.000000,8,0.000000,0.000000,0.841385,0,0,0,0,0,0,0
78,789999,11,780000,0,40000,40,9999,0.100000,0,0,0.000000,8,0.000000,0.000000,0.144618,0,0,0,0,0,0,0
78,789999,12,780000,69,720000,40,9999,0.100000,0,0,0.000000,8,0.000000,0.000000,1.193589,0,0,0,0,0,0,0
78,789999,13,780000,0,40000,40,9999,0.100000,0,0,0.000000,8,0.000000,0.000000,0.219614,0,0,0,0,0,0,0
78,789999,14,780000,69,710000,40,9999,0.100000,0,0,0.000000,8,0.000000,0.000000,0.087685,0,0,0,0,0,0,0
78,789999,15,780000,69,710000,40,9999,0.100000,0,0,0.000000,8,0.000000,0.000000,0.234441,0,0,0,0,0,0,0
78,789999,16,780000,69,720000,40,9999,0.100000,0,0,0.000000,8,0.000000,0.000000,0.071181,0,0,0,0,0,0,0
78,789999,17,780000,69,720000,40,9999,0.100000,0,0,0.000000,8,0.000000,0.000000,0.423060,0,0,0,0,0,0,0
78,789999,18,780000,20,0,40,9999,0.100000,0,0,0.000000,8,0.000000,0.000000,0.229439,0,0,0,0,0,0,0
78,789999,19,780000,0,60000,40,9999,0.100000,0,0,0.000000,8,0.000000,0.000000,0.221257,0,0,0,0,0,0,0
78,789999,20,780000,69,720000,40,9999,0.100000,0,0,0.000000,8,0.000000,0.000000,0.418307,0,0,0,0,0,0,0
78,789999,21,780000,0,40000,49,9999,0.100000,0,0,0.000000,8,2.000000,0.000000,3.798490,0,0,0,0,0,0,0
78,789999,22,780000,0,60000,40,9999,0.100000,0,0,0.000000,8,0.000000,0.000000,0.217792,0,0,0,0,0,0,0
78,789999,23,780000,0,40000,40,9999,0.100000,0,0,0.000000,8,0.000000,0.000000,0.226425,0,0,0,0,0,0,0
78,789999,24,780000,0,40000,40,9999,0.100000,0,0,0.000000,8,0.000000,0.000000,0.369147,0,0,0,0,0,0,0
78,789999,25,780000,84,650000,40,9999,0.100000,0,0,0.000000,8,0.000000,0.000000,0.802907,0,0,0,0,0,0,0
78,789999,26,780000,0,40000,40,9999,0.100000,0,0,0.000000,8,0.000000,0.000000,0.083898,0,0,0,0,0,0,0
78,789999,27,780000,69,720000,40,9999,0.100000,0,0,0.000000,8,0.000000,0.000000,0.214480,0,0,0,0,0,0,0
78,789999,28,780000,20,0,40,9999,0.100000,0,0,0.000000,8,0.000000,0.000000,0.071995,0,0,0,0,0,0,0
78,789999,29,780000,72,150000,40,9999,0.100000,0,0,0.000000,8,0.000000,0.000000,1.116101,0,0,0,0,0,0,0
78,789999,30,780000,0,60000,40,9999,0.100000,0,0,0.000000,8,0.000000,0.000000,0.074289,0,0,0,0,0,0,0
78,789999,31,780000,0,60000,40,9999,0.100000,0,0,0.000000,8,0.000000,0.000000,2.427676,0,0,0,0,0,0,0
78,789999,32,780000,20,0,40,9999,0.100000,0,0,0.000000,8,0.000000,0.000000,0.241899,0,0,0,0,0,0,0
78,789999,33,780000,72,150000,40,9999,0.100000,0,0,0.000000,8,0.000000,0.000000,0.226806,0,0,0,0,0,0,0
78,789999,34,780000,84,650000,40,9999,0.100000,0,0,0.000000,8,0.000000,0.000000,1.150861,0,0,0,0,0,0,0
78,789999,35,780000,0,60000,40,9999,0.100000,0,0,0.000000,8,0.000000,0.000000,0.176924,0,0,0,0,0,0,0
78,789999,36,780000,0,60000,40,9999,0.100000,0,0,0.000000,8,0.000000,0.000000,0.431704,0,0,0,0,0,0,0
78,789999,37,780000,69,710000,0,9999,0.100000,0,0,0.000000,8,0.000000,0.000000,4.214916,0,0,0,0,0,0,1
78,789999,38,780000,4,10000,40,9999,0.100000,0,0,0.000000,8,0.000000,0.000000,0.166340,0,0,0,0,0,0,0
78,789999,39,780000,4,10000,49,9999,0.100000,0,0,0.000000,8,2.000000,0.000000,3.784633,0,0,0,0,0,0,0
78,789999,40,780000,72,150000,40,9999,0.100000,0,0,0.000000,8,0.000000,0.000000,0.592038,0,0,0,0,0,0,0
78,789999,41,780000,72,150000,40,9999,0.100000,0,0,0.000000,8,0.000000,0.000000,0.653882,0,0,0,0,0,0,0
78,789999,42,780000,69,710000,40,9999,0.100000,0,0,0.000000,8,0.000000,0.000000,0.682807,0,0,0,0,0,0,0
78,789999,43,780000,20,0,49,9999,0.100000,0,0,0.000000,8,2.000000,0.000000,3.351647,0,0,0,0,0,0,0
78,789999,44,780000,0,40000,40,9999,0.100000,0,0,0.000000,8,0.000000,0.000000,0.235101,0,0,0,0,0,0,0
78,789999,45,780000,69,710000,40,9999,0.100000,0,0,0.000000,8,0.000000,0.000000,0.234777,0,0,0,0,0,0,0
78,789999,46,780000,0,40000,40,9999,0.135000,0,0,0.000000,8,0.000000,0.000000,0.239547,0,0,0,0,0,0,0
78,789999,47,780000,0,40000,40,9999,0.100000,0,0,0.000000,8,0.000000,0.000000,0.166970,0,0,0,0,0,0,0
78,789999,48,780000,0,40000,40,9999,0.100000,0,0,0.000000,8,0.000000,0.000000,0.372289,0,0,0,0,0,0,0
78,789999,49,780000,84,650000,40,9999,0.100000,0,0,0.000000,8,0.000000,0.000000,0.162974,0,0,0,0,0,0,0
78,789999,50,780000,69,710000,40,9999,0.100000,0,0,0.000000,8,0.000000,0.000000,0.445258,0,0,0,0,0,0,0
78,789999,51,780000,20,0,40,9999,0.100000,0,0,0.000000,8,0.000000,0.000000,0.525679,0,0,0,0,0,0,0
78,789999,52,780000,4,10000,40,9999,0.100000,0,0,0.000000,8,0.000000,0.000000,0.166136,0,0,0,0,0,0,0
78,789999,53,780000,69,710000,40,9999,0.100000,0,0,0.000000,8,0.000000,0.000000,0.092255,0,0,0,0,0,0,0
78,789999,54,780000,84,650000,49,9999,0.100000,0,0,0.000000,8,2.000000,0.000000,4.576673,0,0,0,0,0,0,0
78,789999,55,780000,0,40000,40,9999,0.100000,0,0,0.000000,8,0.000000,0.000000,0.158584,0,0,0,0,0,0,0
78,789999,56,780000,0,40000,40,9999,0.100000,0,0,0.000000,8,0.000000,0.000000,0.267464,0,0,0,0,0,0,0
78,789999,57,780000,0,60000,40,9999,0.100000,0,0,0.000000,8,0.000000,0.000000,0.183811,0,0,0,0,0,0,0
78,789999,58,780000,0,40000,40,9999,0.100000,0,0,0.000000,8,0.000000,0.000000,0.145813,0,0,0,0,0,0,0
78,789999,59,780000,84,650000,40,9999,0.100000,0,0,0.000000,8,0.000000,0.000000,0.840210,0,0,0,0,0,0,0
78,789999,60,780000,0,40000,40,9999,0.100000,0,0,0.000000,8,0.000000,0.000000,0.154818,0,0,0,0,0,0,0
78,789999,61,780000,69,720000,0,9999,0.100000,0,0,0.000000,8,0.000000,0.000000,0.597856,0,0,0,0,0,1,0
78,789999,62,780000,4,10000,40,9999,0.100000,0,0,0.000000,8,0.000000,0.000000,0.009386,0,0,0,0,0,0,0
78,789999,63,780000,72,150000,40,9999,0.100000,0,0,0.000000,8,0.000000,0.000000,0.253345,0,0,0,0,0,0,0
78,789999,64,780000,84,650000,40,9999,0.100000,0,0,0.000000,8,0.000000,0.000000,0.441352,0,0,0,0,0,0,0
78,789999,65,780000,0,60000,40,9999,0.100000,0,0,0.000000,8,0.000000,0.000000,0.233277,0,0,0,0,0,0,0
78,789999,66,780000,0,60000,40,9999,0.100000,0,0,0.000000,8,0.000000,0.000000,0.235117,0,0,0,0,0,0,0
78,789999,67,780000,69,720000,0,9999,0.100000,0,0,0.000000,8,0.000000,0.000000,0.525052,0,0,0,0,0,1,0
78,789999,68,780000,69,710000,40,9999,0.100000,0,0,0.000000,8,0.000000,0.000000,1.705246,0,0,0,0,0,0,0
78,789999,69,780000,69,710000,49,9999,0.100000,0,0,0.000000,8,4.000000,0.000000,19.085061,0,0,0,0,0,0,0
78,789999,70,780000,84,650000,49,9999,0.100000,0,0,0.000000,8,3.000000,0.000000,8.258119,0,0,0,0,0,0,0
78,789999,71,780000,72,150000,40,9999,0.100000,0,0,0.000000,8,0.000000,0.000000,0.166332,0,0,0,0,0,0,0
78,789999,72,780000,72,150000,40,9999,0.100000,0,0,0.000000,8,0.000000,0.000000,0.090196,0,0,0,0,0,0,0
78,789999,73,780000,69,710000,40,9999,0.100000,0,0,0.000000,8,0.000000,0.000000,1.095856,0,0,0,0,0,0,0
78,789999,74,780000,69,720000,40,9999,0.100000,0,0,0.000000,8,0.000000,0.000000,0.079662,0,0,0,0,0,0,0
78,789999,75,780000,4,10000,40,9999,0.100000,0,0,0.000000,8,0.000000,0.000000,0.093184,0,0,0,0,0,0,0
78,789999,76,780000,20,0,40,9999,0.100000,0,0,0.000000,8,0.000000,0.000000,0.233869,0,0,0,0,0,0,0
78,789999,77,780000,72,150000,0,9999,0.100000,0,0,0.000000,8,0.000000,0.000000,1.098319,0,0,0,0,0,0,1
78,789999,78,780000,72,150000,40,9999,0.100000,0,0,0.000000,8,0.000000,0.000000,0.135464,0,0,0,0,0,0,0
78,789999,79,780000,72,150000,40,9999,0.100000,0,0,0.000000,8,0.000000,0.000000,5.365077,0,0,0,0,0,0,0
78,789999,80,780000,72,150000,40,9999,0.100000,0,0,0.000000,8,0.000000,0.000000,0.087817,0,0,0,0,0,0,0
78,789999,81,780000,72,150000,40,9999,0.100000,0,0,0.000000,8,0.000000,0.000000,0.256204,0,0,0,0,0,0,0
78,789999,82,780000,69,710000,40,9999,0.100000,0,0,0.000000,8,0.000000,0.000000,0.564088,0,0,0,0,0,0,0
78,789999,83,780000,69,710000,40,9999,0.100000,0,0,0.000000,8,0.000000,0.000000,0.081987,0,0,0,0,0,0,0
78,789999,84,780000,69,710000,40,9999,0.100000,0,0,0.000000,8,0.000000,0.000000,0.179438,0,0,0,0,0,0,0
78,789999,85,780000,69,720000,9,9999,0.100000,0,0,0.000000,8,1.000000,0.000000,10.007498,0,0,0,0,0,0,1
78,789999,86,780000,84,650000,40,9999,0.100000,0,0,0.000000,8,0.000000,0.000000,0.107309,0,0,0,0,0,0,0
78,789999,87,780000,20,0,49,9999,0.100000,0,0,0.000000,8,3.000000,0.000000,3.650857,0,0,0,0,0,0,0
78,789999,88,780000,84,650000,40,9999,0.100000,0,0,0.000000,8,0.000000,0.000000,0.081643,0,0,0,0,0,0,0
78,789999,89,780000,69,710000,40,9999,0.100000,0,0,0.000000,8,0.000000,0.000000,0.078404,0,0,0,0,0,0,0
78,789999,90,780000,69,710000,40,9999,0.100000,0,0,0.000000,8,0.000000,0.000000,0.582602,0,0,0,0,0,0,0
78,789999,91,780000,20,0,40,9999,0.100000,0,0,0.000000,8,0.000000,0.000000,0.620059,0,0,0,0,0,0,0
78,789999,92,780000,84,650000,40,9999,0.100000,0,0,0.000000,8,0.000000,0.000000,0.237028,0,0,0,0,0,0,0
78,789999,93,780000,20,0,40,9999,0.100000,0,0,0.000000,8,0.000000,0.000000,0.091223,0,0,0,0,0,0,0
78,789999,94,780000,69,710000,40,9999,0.100000,0,0,0.000000,8,0.000000,0.000000,0.164235,0,0,0,0,0,0,0
78,789999,95,780000,4,10000,40,9999,0.100000,0,0,0.000000,8,0.000000,0.000000,0.352480,0,0,0,0,0,0,0
78,789999,96,780000,69,710000,40,9999,0.100000,0,0,0.000000,8,0.000000,0.000000,0.584820,0,0,0,0,0,0,0
78,789999,97,780000,84,650000,40,9999,0.100000,0,0,0.000000,8,0.000000,0.000000,0.240332,0,0,0,0,0,0,0
78,789999,98,780000,84,650000,40,9999,0.100000,0,0,0.000000,8,0.000000,0.000000,0.059194,0,0,0,0,0,0,0
78,789999,99,780000,69,720000,40,9999,0.100000,0,0,0.000000,8,0.000000,0.000000,0.185792,0,0,0,0,0,0,0
79,799999,0,790000,20,0,49,9999,0.100000,0,0,0.000000,8,3.000000,0.000000,4.849695,0,0,0,0,0,0,0
79,799999,1,790000,72,150000,40,9999,0.100000,0,0,0.000000,8,0.000000,0.000000,0.639737,0,0,0,0,0,0,0
79,799999,2,790000,4,10000,49,9999,0.100000,0,0,0.000000,8,4.000000,0.000000,8.448307,0,0,0,0,0,0,0
79,799999,3,790000,72,150000,49,9999,0.100000,0,0,0.000000,8,4.000000,0.000000,9.025582,0,0,0,0,0,0,0
79,799999,4,790000,84,650000,40,9999,0.100000,0,0,0.000000,8,0.000000,0.000000,0.320071,0,0,0,0,0,0,0
79,799999,5,790000,69,710000,49,9999,0.100000,0,0,0.000000,8,3.000000,0.000000,8.745592,0,0,0,0,0,0,0
79,799999,6,790000,72,150000,40,9999,0.100000,0,0,0.000000,8,0.000000,0.000000,0.148130,0,0,0,0,0,0,0
79,799999,7,790000,0,40000,40,9999,0.100000,0,0,0.000000,8,0.000000,0.000000,2.211790,0,0,0,0,0,0,0
79,799999,8,790000,4,10000,40,9999,0.100000,0,0,0.000000,8,0.000000,0.000000,0.346065,0,0,0,0,0,0,0
79,799999,9,790000,4,10000,40,9999,0.100000,0,0,0.000000,8,0.000000,0.000000,0.120882,0,0,0,0,0,0,0
79,799999,10,790000,84,650000,40,9999,0.100000,0,0,0.000000,8,0.000000,0.000000,1.105823,0,0,0,0,0,0,0
79,799999,11,790000,69,720000,40,9999,0.100000,0,0,0.000000,8,0.000000,0.000000,0.139660,0,0,0,0,0,0,0
79,799999,12,790000,72,150000,40,9999,0.100000,0,0,0.000000,8,0.000000,0.000000,0.950561,0,0,0,0,0,0,0
79,799999,13,790000,0,60000,40,9999,0.100000,0,0,0.000000,8,0.000000,0.000000,0.217764,0,0,0,0,0,0,0
79,799999,14,790000,4,10000,40,9999,0.100000,0,0,0.000000,8,0.000000,0.000000,0.093734,0,0,0,0,0,0,0
79,799999,15,790000,84,650000,40,9999,0.100000,0,0,0.000000,8,0.000000,0.000000,0.230891,0,0,0,0,0,0,0
79,799999,16,790000,20,0,40,9999,0.100000,0,0,0.000000,8,0.000000,0.000000,0.071665,0,0,0,0,0,0,0
79,799999,17,790000,0,60000,40,9999,0.100000,0,0,0.000000,8,0.000000,0.000000,0.587547,0,0,0,0,0,0,0
79,799999,18,790000,69,720000,40,9999,0.100000,0,0,0.000000,8,0.000000,0.000000,0.249867,0,0,0,0,0,0,0
79,799999,19,790000,20,0,40,9999,0.100000,0,0,0.000000,8,0.000000,0.000000,0.235372,0,0,0,0,0,0,0
79,799999,20,790000,84,650000,40,9999,0.100000,0,0,0.000000,8,0.000000,0.000000,0.410476,0,0,0,0,0,0,0
79,799999,21,790000,69,720000,49,9999,0.100000,0,0,0.000000,8,3.000000,0.000000,5.182893,0,0,0,0,0,0,0
79,799999,22,790000,20,0,40,9999,0.100000,0,0,0.000000,8,0.000000,0.000000,0.220135,0,0,0,0,0,0,0
79,799999,23,790000,0,40000,40,9999,0.100000,0,0,0.000000,8,0.000000,0.000000,0.234338,0,0,0,0,0,0,0
79,799999,24,790000,20,0,40,9999,0.100000,0,0,0.000000,8,0.000000,0.000000,0.258715,0,0,0,0,0,0,0
79,799999,25,790000,0,60000,40,9999,0.100000,0,0,0.000000,8,0.000000,0.000000,2.079374,0,0,0,0,0,0,0
79,799999,26,790000,84,650000,40,9999,0.100000,0,0,0.000000,8,0.000000,0.000000,0.084525,0,0,0,0,0,0,0
79,799999,27,790000,84,650000,40,9999,0.100000,0,0,0.000000,8,0.000000,0.000000,0.111077,0,0,0,0,0,0,0
79,799999,28,790000,84,650000,40,9999,0.100000,0,0,0.000000,8,0.000000,0.000000,0.073617,0,0,0,0,0,0,0
79,799999,29,790000,4,10000,49,9999,0.100000,0,0,0.000000,8,5.000000,0.000000,11.388797,0,0,0,0,0,0,0
79,799999,30,790000,72,150000,40,9999,0.100000,0,0,0.000000,8,0.000000,0.000000,0.085343,0,0,0,0,0,0,0
79,799999,31,790000,0,60000,40,9999,0.100000,0,0,0.000000,8,0.000000,0.000000,1.510648,0,0,0,0,0,0,0
79,799999,32,790000,72,150000,40,9999,0.100000,0,0,0.000000,8,0.000000,0.000000,0.246411,0,0,0,0,0,0,0
79,799999,33,790000,0,40000,40,9999,0.100000,0,0,0.000000,8,0.000000,0.000000,0.223296,0,0,0,0,0,0,0
79,799999,34,790000,0,60000,40,9999,0.100000,0,0,0.000000,8,0.000000,0.000000,1.065286,0,0,0,0,0,0,0
79,799999,35,790000,20,0,40,9999,0.100000,0,0,0.000000,8,0.000000,0.000000,0.175625,0,0,0,0,0,0,0
79,799999,36,790000,0,40000,40,9999,0.100000,0,0,0.000000,8,0.000000,0.000000,3.765522,0,0,0,0,0,0,0
79,799999,37,790000,84,650000,40,9999,0.100000,0,0,0.000000,8,0.000000,0.000000,2.743892,0,0,0,0,0,0,0
79,799999,38,790000,0,40000,40,9999,0.100000,0,0,0.000000,8,0.000000,0.000000,0.832063,0,0,0,0,0,0,0
79,799999,39,790000,72,150000,49,9999,0.100000,0,0,0.000000,8,5.000000,0.000000,10.879540,0,0,0,0,0,0,0
79,799999,40,790000,69,710000,40,9999,0.100000,0,0,0.000000,8,0.000000,0.000000,0.621419,0,0,0,0,0,0,0
79,799999,41,790000,69,720000,40,9999,0.100000,0,0,0.000000,8,0.000000,0.000000,0.665454,0,0,0,0,0,0,0
79,799999,42,790000,69,720000,40,9999,0.100000,0,0,0.000000,8,0.000000,0.000000,0.682352,0,0,0,0,0,0,0
79,799999,43,790000,20,0,40,9999,0.100000,0,0,0.000000,8,0.000000,0.000000,0.861041,0,0,0,0,0,0,0
79,799999,44,790000,20,0,40,9999,0.100000,0,0,0.000000,8,0.000000,0.000000,0.237381,0,0,0,0,0,0,0
79,799999,45,790000,72,150000,40,9999,0.100000,0,0,0.000000,8,0.000000,0.000000,0.241880,0,0,0,0,0,0,0
79,799999,46,790000,84,650000,40,9999,0.100000,0,0,0.000000,8,0.000000,0.000000,0.240481,0,0,0,0,0,0,0
79,799999,47,790000,4,10000,40,9999,0.100000,0,0,0.000000,8,0.000000,0.000000,0.162254,0,0,0,0,0,0,0
79,799999,48,790000,72,150000,40,9999,0.100000,0,0,0.000000,8,0.000000,0.000000,0.277522,0,0,0,0,0,0,0
79,799999,49,790000,84,650000,40,9999,0.100000,0,0,0.000000,8,0.000000,0.000000,0.162507,0,0,0,0,0,0,0
79,799999,50,790000,4,10000,40,9999,0.100000,0,0,0.000000,8,0.000000,0.000000,0.352236,0,0,0,0,0,0,0
79,799999,51,790000,72,150000,40,9999,0.100000,0,0,0.000000,8,0.000000,0.000000,0.639362,0,0,0,0,0,0,0
79,799999,52,790000,0,40000,40,9999,0.100000,0,0,0.000000,8,0.000000,0.000000,0.162800,0,0,0,0,0,0,0
79,799999,53,790000,20,0,40,9999,0.100000,0,0,0.000000,8,0.000000,0.000000,0.096184,0,0,0,0,0,0,0
79,799999,54,790000,84,650000,49,9999,0.100000,0,0,0.000000,8,3.000000,0.000000,3.785251,0,0,0,0,0,0,0
79,799999,55,790000,0,60000,40,9999,0.100000,0,0,0.000000,8,0.000000,0.000000,0.162347,0,0,0,0,0,0,0
79,799999,56,790000,69,720000,40,9999,0.100000,0,0,0.000000,8,0.000000,0.000000,0.320788,0,0,0,0,0,0,0
79,799999,57,790000,0,60000,40,9999,0.100000,0,0,0.000000,8,0.000000,0.000000,0.356248,0,0,0,0,0,0,0
79,799999,58,790000,69,710000,40,9999,0.100000,0,0,0.000000,8,0.000000,0.000000,0.147129,0,0,0,0,0,0,0
79,799999,59,790000,4,10000,40,9999,0.100000,0,0,0.000000,8,0.000000,0.000000,0.816944,0,0,0,0,0,0,0
79,799999,60,790000,69,710000,40,9999,0.100000,0,0,0.000000,8,0.000000,0.000000,0.153068,0,0,0,0,0,0,0
79,799999,61,790000,0,60000,49,9999,0.100000,0,0,0.000000,8,4.000000,0.000000,6.900814,0,0,0,0,0,0,0
79,799999,62,790000,69,710000,40,9999,0.100000,0,0,0.000000,8,0.000000,0.000000,0.009415,0,0,0,0,0,0,0
79,799999,63,790000,4,10000,40,9999,0.100000,0,0,0.000000,8,0.000000,0.000000,0.330764,0,0,0,0,0,0,0
79,799999,64,790000,4,10000,40,9999,0.100000,0,0,0.000000,8,0.000000,0.000000,1.332422,0,0,0,0,0,0,0
79,799999,65,790000,72,150000,40,9999,0.065000,0,0,0.000000,8,0.000000,0.000000,0.225564,0,0,0,0,0,0,0
79,799999,66,790000,4,10000,40,9999,0.100000,0,0,0.000000,8,0.000000,0.000000,3.720750,0,0,0,0,0,0,0
79,799999,67,790000,84,650000,49,9999,0.100000,0,0,0.000000,8,4.000000,0.000000,6.832393,0,0,0,0,0,0,0
79,799999,68,790000,20,0,40,9999,0.100000,0,0,0.000000,8,0.000000,0.000000,1.480790,0,0,0,0,0,0,0
79,799999,69,790000,69,710000,49,9999,0.100000,0,0,0.000000,8,5.000000,0.000000,18.459589,0,0,0,0,0,0,0
79,799999,70,790000,72,150000,49,9999,0.100000,0,0,0.000000,8,3.000000,0.000000,15.536899,0,0,0,0,0,0,0
79,799999,71,790000,0,40000,40,9999,0.135000,0,0,0.000000,8,0.000000,0.000000,0.154431,0,0,0,0,0,0,0
79,799999,72,790000,0,60000,40,9999,0.100000,0,0,0.000000,8,0.000000,0.000000,0.088671,0,0,0,0,0,0,0
79,799999,73,790000,84,650000,40,9999,0.100000,0,0,0.000000,8,0.000000,0.000000,1.094727,0,0,0,0,0,0,0
79,799999,74,790000,20,0,40,9999,0.100000,0,0,0.000000,8,0.000000,0.000000,0.079685,0,0,0,0,0,0,0
79,799999,75,790000,20,0,40,9999,0.100000,0,0,0.000000,8,0.000000,0.000000,0.091956,0,0,0,0,0,0,0
79,799999,76,790000,69,710000,40,9999,0.100000,0,0,0.000000,8,0.000000,0.000000,0.235487,0,0,0,0,0,0,0
79,799999,77,790000,72,150000,40,9999,0.100000,0,0,0.000000,8,0.000000,0.000000,0.169666,0,0,0,0,0,0,0
79,799999,78,790000,69,710000,40,9999,0.100000,0,0,0.000000,8,0.000000,0.000000,0.143891,0,0,0,0,0,0,0
79,799999,79,790000,69,710000,40,9999,0.100000,0,0,0.000000,8,0.000000,0.000000,0.822366,0,0,0,0,0,0,0
79,799999,80,790000,69,720000,40,9999,0.100000,0,0,0.000000,8,0.000000,0.000000,0.087004,0,0,0,0,0,0,0
79,799999,81,790000,20,0,40,9999,0.100000,0,0,0.000000,8,0.000000,0.000000,0.504133,0,0,0,0,0,0,0
79,799999,82,790000,0,60000,40,9999,0.100000,0,0,0.000000,8,0.000000,0.000000,0.668363,0,0,0,0,0,0,0
79,799999,83,790000,0,60000,40,9999,0.100000,0,0,0.000000,8,0.000000,0.000000,0.080624,0,0,0,0,0,0,0
79,799999,84,790000,4,10000,40,9999,0.100000,0,0,0.000000,8,0.000000,0.000000,0.185328,0,0,0,0,0,0,0
79,799999,85,790000,4,10000,40,9999,0.100000,0,0,0.000000,8,0.000000,0.000000,7.157223,0,0,0,0,0,0,0
79,799999,86,790000,20,0,40,9999,0.100000,0,0,0.000000,8,0.000000,0.000000,0.105969,0,0,0,0,0,0,0
79,799999,87,790000,20,0,49,9999,0.100000,0,0,0.000000,8,4.000000,0.000000,5.754712,0,0,0,0,0,0,0
79,799999,88,790000,84,650000,40,9999,0.100000,0,0,0.000000,8,0.000000,0.000000,0.285857,0,0,0,0,0,0,0
79,799999,89,790000,20,0,40,9999,0.100000,0,0,0.000000,8,0.000000,0.000000,0.075689,0,0,0,0,0,0,0
79,799999,90,790000,4,10000,40,9999,0.100000,0,0,0.000000,8,0.000000,0.000000,0.645203,0,0,0,0,0,0,0
79,799999,91,790000,69,710000,40,9999,0.100000,0,0,0.000000,8,0.000000,0.000000,0.629950,0,0,0,0,0,0,0
79,799999,92,790000,0,40000,40,9999,0.100000,0,0,0.000000,8,0.000000,0.000000,0.313188,0,0,0,0,0,0,0
79,799999,93,790000,72,150000,40,9999,0.100000,0,0,0.000000,8,0.000000,0.000000,0.091491,0,0,0,0,0,0,0
79,799999,94,790000,84,650000,40,9999,0.100000,0,0,0.000000,8,0.000000,0.000000,0.186379,0,0,0,0,0,0,0
79,799999,95,790000,72,150000,40,9999,0.100000,0,0,0.000000,8,0.000000,0.000000,0.372969,0,0,0,0,0,0,0
79,799999,96,790000,4,10000,40,9999,0.100000,0,0,0.000000,8,0.000000,0.000000,0.716660,0,0,0,0,0,0,0
79,799999,97,790000,69,720000,40,9999,0.100000,0,0,0.000000,8,0.000000,0.000000,0.231934,0,0,0,0,0,0,0
79,799999,98,790000,20,0,40,9999,0.100000,0,0,0.000000,8,0.000000,0.000000,0.059722,0,0,0,0,0,0,0
79,799999,99,790000,0,40000,40,9999,0.100000,0,0,0.000000,8,0.000000,0.000000,0.987647,0,0,0,0,0,0,0
80,809999,0,800000,69,710000,40,9999,0.100000,0,0,0.000000,8,0.000000,0.000000,0.260383,0,0,0,0,0,0,0
80,809999,1,800000,0,60000,40,9999,0.100000,0,0,0.000000,8,0.000000,0.000000,0.564509,0,0,0,0,0,0,0
80,809999,2,800000,0,40000,40,9999,0.100000,0,0,0.000000,8,0.000000,0.000000,0.109250,0,0,0,0,0,0,0
80,809999,3,800000,0,40000,40,9999,0.100000,0,0,0.000000,8,0.000000,0.000000,0.512485,0,0,0,0,0,0,0
80,809999,4,800000,69,720000,40,9999,0.100000,0,0,0.000000,8,0.000000,0.000000,0.300692,0,0,0,0,0,0,0
80,809999,5,800000,20,0,49,9999,0.100000,0,0,0.000000,8,1.000000,0.000000,3.025236,0,0,0,0,0,0,0
80,809999,6,800000,20,0,40,9999,0.100000,0,0,0.000000,8,0.000000,0.000000,0.144849,0,0,0,0,0,0,0
80,809999,7,800000,72,150000,0,9999,0.100000,0,0,0.000000,8,0.000000,0.000000,1.749807,0,0,0,0,0,7,0
80,809999,8,800000,0,40000,40,9999,0.100000,0,0,0.000000,8,0.000000,0.000000,0.132484,0,0,0,0,0,0,0
80,809999,9,800000,72,150000,40,9999,0.100000,0,0,0.000000,8,0.000000,0.000000,0.199285,0,0,0,0,0,0,0
80,809999,10,800000,72,150000,40,9999,0.100000,0,0,0.000000,8,0.000000,0.000000,1.558384,0,0,0,0,0,0,0
80,809999,11,800000,84,650000,40,9999,0.100000,0,0,0.000000,8,0.000000,0.000000,0.147215,0,0,0,0,0,0,0
80,809999,12,800000,69,720000,40,9999,0.100000,0,0,0.000000,8,0.000000,0.000000,1.517158,0,0,0,0,0,0,0
80,809999,13,800000,72,150000,40,9999,0.100000,0,0,0.000000,8,0.000000,0.000000,0.221017,0,0,0,0,0,0,0
80,809999,14,800000,72,150000,40,9999,0.100000,0,0,0.000000,8,0.000000,0.000000,0.186342,0,0,0,0,0,0,0
80,809999,15,800000,69,720000,40,9999,0.100000,0,0,0.000000,8,0.000000,0.000000,0.239048,0,0,0,0,0,0,0
80,809999,16,800000,69,720000,40,9999,0.100000,0,0,0.000000,8,0.000000,0.000000,0.529516,0,0,0,0,0,0,0
80,809999,17,800000,4,10000,49,9999,0.100000,0,0,0.000000,8,3.000000,0.000000,4.011087,0,0,0,0,0,0,0
80,809999,18,800000,0,40000,40,9999,0.100000,0,0,0.000000,8,0.000000,0.000000,0.238285,0,0,0,0,0,0,0
80,809999,19,800000,0,40000,49,9999,0.100000,0,0,0.000000,8,2.000000,0.000000,4.885136,0,0,0,0,0,0,0
80,809999,20,800000,0,60000,40,9999,0.100000,0,0,0.000000,8,0.000000,0.000000,0.417266,0,0,0,0,0,0,0
80,809999,21,800000,84,650000,40,9999,0.100000,0,0,0.000000,8,0.000000,0.000000,0.257331,0,0,0,0,0,0,0
80,809999,22,800000,0,40000,40,9999,0.100000,0,0,0.000000,8,0.000000,0.000000,0.461873,0,0,0,0,0,0,0
80,809999,23,800000,20,0,40,9999,0.100000,0,0,0.000000,8,0.000000,0.000000,0.224794,0,0,0,0,0,0,0
80,809999,24,800000,69,720000,40,9999,0.100000,0,0,0.000000,8,0.000000,0.000000,0.228587,0,0,0,0,0,0,0
80,809999,25,800000,20,0,49,9999,0.100000,0,0,0.000000,8,1.000000,0.000000,3.784799,0,0,0,0,0,0,0
80,809999,26,800000,4,10000,40,9999,0.100000,0,0,0.000000,8,0.000000,0.000000,0.115639,0,0,0,0,0,0,0
80,809999,27,800000,4,10000,40,9999,0.100000,0,0,0.000000,8,0.000000,0.000000,0.086839,0,0,0,0,0,0,0
80,809999,28,800000,0,40000,40,9999,0.100000,0,0,0.000000,8,0.000000,0.000000,0.071025,0,0,0,0,0,0,0
80,809999,29,800000,4,10000,40,9999,0.100000,0,0,0.000000,8,0.000000,0.000000,23.945716,0,0,0,0,0,0,0
80,809999,30,800000,69,710000,40,9999,0.100000,0,0,0.000000,8,0.000000,0.000000,0.117179,0,0,0,0,0,0,0
80,809999,31,800000,4,10000,40,9999,0.100000,0,0,0.000000,8,0.000000,0.000000,1.793630,0,0,0,0,0,0,0
80,809999,32,800000,4,10000,40,9999,0.100000,0,0,0.000000,8,0.000000,0.000000,0.229844,0,0,0,0,0,0,0
80,809999,33,800000,72,150000,40,9999,0.100000,0,0,0.000000,8,0.000000,0.000000,1.550905,0,0,0,0,0,0,0
80,809999,34,800000,69,710000,49,9999,0.100000,0,0,0.000000,8,4.000000,0.000000,5.452444,0,0,0,0,0,0,0
80,809999,35,800000,72,150000,40,9999,0.100000,0,0,0.000000,8,0.000000,0.000000,0.174548,0,0,0,0,0,0,0
80,809999,36,800000,72,150000,0,9999,0.100000,0,0,0.000000,8,0.000000,0.000000,3.652325,0,0,0,0,0,7,0
80,809999,37,800000,0,40000,40,9999,0.100000,0,0,0.000000,8,0.000000,0.000000,2.573143,0,0,0,0,0,0,0
80,809999,38,800000,0,40000,40,9999,0.100000,0,0,0.000000,8,0.000000,0.000000,0.637919,0,0,0,0,0,0,0
80,809999,39,800000,69,720000,49,9999,0.100000,0,0,0.000000,8,1.000000,0.000000,8.828508,0,0,0,0,0,0,0
80,809999,40,800000,84,650000,40,9999,0.100000,0,0,0.000000,8,0.000000,0.000000,0.618226,0,0,0,0,0,0,0
80,809999,41,800000,0,40000,40,9999,0.100000,0,0,0.000000,8,0.000000,0.000000,0.650277,0,0,0,0,0,0,0
80,809999,42,800000,69,720000,40,9999,0.100000,0,0,0.000000,8,0.000000,0.000000,0.420777,0,0,0,0,0,0,0
80,809999,43,800000,0,40000,40,9999,0.100000,0,0,0.000000,8,0.000000,0.000000,0.855505,0,0,0,0,0,0,0
80,809999,44,800000,84,650000,40,9999,0.100000,0,0,0.000000,8,0.000000,0.000000,0.234272,0,0,0,0,0,0,0
80,809999,45,800000,20,0,40,9999,0.100000,0,0,0.000000,8,0.000000,0.000000,0.229153,0,0,0,0,0,0,0
80,809999,46,800000,20,0,40,9999,0.100000,0,0,0.000000,8,0.000000,0.000000,0.247327,0,0,0,0,0,0,0
80,809999,47,800000,20,0,40,9999,0.100000,0,0,0.000000,8,0.000000,0.000000,0.162287,0,0,0,0,0,0,0
80,809999,48,800000,0,40000,40,9999,0.100000,0,0,0.000000,8,0.000000,0.000000,0.238031,0,0,0,0,0,0,0
80,809999,49,800000,0,40000,40,9999,0.100000,0,0,0.000000,8,0.000000,0.000000,0.163029,0,0,0,0,0,0,0
80,809999,50,800000,84,650000,40,9999,0.100000,0,0,0.000000,8,0.000000,0.000000,0.252192,0,0,0,0,0,0,0
80,809999,51,800000,69,720000,40,9999,0.100000,0,0,0.000000,8,0.000000,0.000000,1.113240,0,0,0,0,0,0,0
80,809999,52,800000,72,150000,40,9999,0.100000,0,0,0.000000,8,0.000000,0.000000,0.163552,0,0,0,0,0,0,0
80,809999,53,800000,84,650000,40,9999,0.100000,0,0,0.000000,8,0.000000,0.000000,0.093371,0,0,0,0,0,0,0
80,809999,54,800000,69,720000,40,9999,0.100000,0,0,0.000000,8,0.000000,0.000000,0.405481,0,0,0,0,0,0,0
80,809999,55,800000,4,10000,40,9999,0.100000,0,0,0.000000,8,0.000000,0.000000,0.223685,0,0,0,0,0,0,0
80,809999,56,800000,4,10000,40,9999,0.100000,0,0,0.000000,8,0.000000,0.000000,0.233569,0,0,0,0,0,0,0
80,809999,57,800000,69,720000,40,9999,0.100000,0,0,0.000000,8,0.000000,0.000000,0.206409,0,0,0,0,0,0,0
80,809999,58,800000,0,60000,40,9999,0.100000,0,0,0.000000,8,0.000000,0.000000,0.143065,0,0,0,0,0,0,0
80,809999,59,800000,84,650000,40,9999,0.100000,0,0,0.000000,8,0.000000,0.000000,1.311137,0,0,0,0,0,0,0
80,809999,60,800000,20,0,40,9999,0.100000,0,0,0.000000,8,0.000000,0.000000,0.155116,0,0,0,0,0,0,0
80,809999,61,800000,69,710000,40,9999,0.100000,0,0,0.000000,8,0.000000,0.000000,0.123845,0,0,0,0,0,0,0
80,809999,62,800000,4,10000,40,9999,0.100000,0,0,0.000000,8,0.000000,0.000000,0.009398,0,0,0,0,0,0,0
80,809999,63,800000,4,10000,40,9999,0.100000,0,0,0.000000,8,0.000000,0.000000,0.201341,0,0,0,0,0,0,0
80,809999,64,800000,0,60000,40,9999,0.100000,0,0,0.000000,8,0.000000,0.000000,0.776587,0,0,0,0,0,0,0
80,809999,65,800000,69,710000,40,9999,0.100000,0,0,0.000000,8,0.000000,0.000000,0.224713,0,0,0,0,0,0,0
80,809999,66,800000,69,720000,40,9999,0.100000,0,0,0.000000,8,0.000000,0.000000,0.474741,0,0,0,0,0,0,0
80,809999,67,800000,72,150000,40,9999,0.100000,0,0,0.000000,8,0.000000,0.000000,0.742571,0,0,0,0,0,0,0
80,809999,68,800000,0,40000,40,9999,0.100000,0,0,0.000000,8,0.000000,0.000000,0.414403,0,0,0,0,0,0,0
80,809999,69,800000,4,10000,40,9999,0.100000,0,0,0.000000,8,0.000000,0.000000,2.761050,0,0,0,0,0,0,0
80,809999,70,800000,69,720000,9,9999,0.100000,0,0,0.000000,8,1.000000,0.000000,5.902578,0,0,0,0,0,7,0
80,809999,71,800000,72,150000,40,9999,0.100000,0,0,0.000000,8,0.000000,0.000000,0.156602,0,0,0,0,0,0,0
80,809999,72,800000,69,710000,40,9999,0.100000,0,0,0.000000,8,0.000000,0.000000,0.084277,0,0,0,0,0,0,0
80,809999,73,800000,69,710000,40,9999,0.100000,0,0,0.000000,8,0.000000,0.000000,0.589644,0,0,0,0,0,0,0
80,809999,74,800000,0,40000,40,9999,0.100000,0,0,0.000000,8,0.000000,0.000000,0.079375,0,0,0,0,0,0,0
80,809999,75,800000,72,150000,40,9999,0.100000,0,0,0.000000,8,0.000000,0.000000,0.090149,0,0,0,0,0,0,0
80,809999,76,800000,4,10000,40,9999,0.100000,0,0,0.000000,8,0.000000,0.000000,0.235650,0,0,0,0,0,0,0
80,809999,77,800000,4,10000,0,9999,0.100000,0,0,0.000000,8,0.000000,0.000000,0.301607,0,0,0,0,0,0,1
80,809999,78,800000,69,710000,40,9999,0.100000,0,0,0.000000,8,0.000000,0.000000,0.137558,0,0,0,0,0,0,0
80,809999,79,800000,0,40000,49,9999,0.100000,0,0,0.000000,8,4.000000,0.000000,18.080865,0,0,0,0,0,0,0
80,809999,80,800000,4,10000,40,9999,0.100000,0,0,0.000000,8,0.000000,0.000000,0.088977,0,0,0,0,0,0,0
80,809999,81,800000,69,720000,49,9999,0.100000,0,0,0.000000,8,3.000000,0.000000,4.074315,0,0,0,0,0,0,0
80,809999,82,800000,0,60000,49,9999,0.100000,0,0,0.000000,8,3.000000,0.000000,4.397681,0,0,0,0,0,0,0
80,809999,83,800000,0,40000,40,9999,0.100000,0,0,0.000000,8,0.000000,0.000000,0.080388,0,0,0,0,0,0,0
80,809999,84,800000,4,10000,40,9999,0.100000,0,0,0.000000,8,0.000000,0.000000,0.276763,0,0,0,0,0,0,0
80,809999,85,800000,0,40000,0,9999,0.100000,0,0,0.000000,8,0.000000,0.000000,9.513592,0,0,0,0,0,0,1
80,809999,86,800000,20,0,49,9999,0.100000,0,0,0.000000,8,13.000000,0.000000,26.249700,0,0,0,0,0,0,0
80,809999,87,800000,20,0,49,9999,0.100000,0,0,0.000000,8,6.000000,0.000000,12.754111,0,0,0,0,0,0,0
80,809999,88,800000,69,710000,40,9999,0.100000,0,0,0.000000,8,0.000000,0.000000,0.332035,0,0,0,0,0,0,0
80,809999,89,800000,69,720000,40,9999,0.100000,0,0,0.000000,8,0.000000,0.000000,0.079448,0,0,0,0,0,0,0
80,809999,90,800000,4,10000,40,9999,0.100000,0,0,0.000000,8,0.000000,0.000000,1.100077,0,0,0,0,0,0,0
80,809999,91,800000,72,150000,40,9999,0.065000,0,0,0.000000,8,0.000000,0.000000,0.608171,0,0,0,0,0,0,0
80,809999,92,800000,69,710000,40,9999,0.100000,0,0,0.000000,8,0.000000,0.000000,0.195500,0,0,0,0,0,0,0
80,809999,93,800000,69,710000,40,9999,0.100000,0,0,0.000000,8,0.000000,0.000000,0.090949,0,0,0,0,0,0,0
80,809999,94,800000,69,710000,40,9999,0.100000,0,0,0.000000,8,0.000000,0.000000,0.306772,0,0,0,0,0,0,0
80,809999,95,800000,20,0,40,9999,0.100000,0,0,0.000000,8,0.000000,0.000000,0.341533,0,0,0,0,0,0,0
80,809999,96,800000,69,710000,49,9999,0.100000,0,0,0.000000,8,3.000000,0.000000,3.966553,0,0,0,0,0,0,0
80,809999,97,800000,72,150000,40,9999,0.100000,0,0,0.000000,8,0.000000,0.000000,0.228443,0,0,0,0,0,0,0
80,809999,98,800000,0,40000,40,9999,0.100000,0,0,0.000000,8,0.000000,0.000000,0.059867,0,0,0,0,0,0,0
80,809999,99,800000,69,710000,40,9999,0.100000,0,0,0.000000,8,0.000000,0.000000,0.955930,0,0,0,0,0,0,0
81,819999,0,810000,4,10000,40,9999,0.100000,0,0,0.000000,8,0.000000,0.000000,0.131145,0,0,0,0,0,0,0
81,819999,1,810000,69,720000,40,9999,0.100000,0,0,0.000000,8,0.000000,0.000000,0.119533,0,0,0,0,0,0,0
81,819999,2,810000,0,40000,40,9999,0.065000,0,0,0.000000,8,0.000000,0.000000,0.352043,0,0,0,0,0,0,0
81,819999,3,810000,84,650000,49,9999,0.100000,0,0,0.000000,8,1.000000,0.000000,3.042356,0,0,0,0,0,0,0
81,819999,4,810000,69,720000,40,9999,0.100000,0,0,0.000000,8,0.000000,0.000000,0.306978,0,0,0,0,0,0,0
81,819999,5,810000,69,710000,49,9999,0.100000,0,0,0.000000,8,2.000000,0.000000,7.050104,0,0,0,0,0,0,0
81,819999,6,810000,69,710000,40,9999,0.100000,0,0,0.000000,8,0.000000,0.000000,0.147034,0,0,0,0,0,0,0
81,819999,7,810000,84,650000,40,9999,0.100000,0,0,0.000000,8,0.000000,0.000000,0.419734,0,0,0,0,0,0,0
81,819999,8,810000,0,40000,40,9999,0.100000,0,0,0.000000,8,0.000000,0.000000,0.090740,0,0,0,0,0,0,0
81,819999,9,810000,0,60000,40,9999,0.100000,0,0,0.000000,8,0.000000,0.000000,0.268114,0,0,0,0,0,0,0
81,819999,10,810000,69,710000,40,9999,0.100000,0,0,0.000000,8,0.000000,0.000000,2.174145,0,0,0,0,0,0,0
81,819999,11,810000,0,60000,40,9999,0.100000,0,0,0.000000,8,0.000000,0.000000,0.152035,0,0,0,0,0,0,0
81,819999,12,810000,20,0,49,9999,0.100000,0,0,0.000000,8,2.000000,0.000000,4.045732,0,0,0,0,0,0,0
81,819999,13,810000,69,710000,40,9999,0.100000,0,0,0.000000,8,0.000000,0.000000,0.227784,0,0,0,0,0,0,0
81,819999,14,810000,20,0,40,9999,0.100000,0,0,0.000000,8,0.000000,0.000000,0.274415,0,0,0,0,0,0,0
81,819999,15,810000,0,60000,40,9999,0.100000,0,0,0.000000,8,0.000000,0.000000,0.242375,0,0,0,0,0,0,0
81,819999,16,810000,4,10000,40,9999,0.100000,0,0,0.000000,8,0.000000,0.000000,0.445833,0,0,0,0,0,0,0
81,819999,17,810000,4,10000,40,9999,0.100000,0,0,0.000000,8,0.000000,0.000000,0.167390,0,0,0,0,0,0,0
81,819999,18,810000,20,0,40,9999,0.100000,0,0,0.000000,8,0.000000,0.000000,0.231033,0,0,0,0,0,0,0
81,819999,19,810000,4,10000,40,9999,0.100000,0,0,0.000000,8,0.000000,0.000000,0.804433,0,0,0,0,0,0,0
81,819999,20,810000,4,10000,40,9999,0.100000,0,0,0.000000,8,0.000000,0.000000,0.315012,0,0,0,0,0,0,0
81,819999,21,810000,69,720000,40,9999,0.100000,0,0,0.000000,8,0.000000,0.000000,0.150841,0,0,0,0,0,0,0
81,819999,22,810000,69,720000,40,9999,0.100000,0,0,0.000000,8,0.000000,0.000000,14.056760,0,0,0,0,0,0,0
81,819999,23,810000,4,10000,40,9999,0.100000,0,0,0.000000,8,0.000000,0.000000,0.215892,0,0,0,0,0,0,0
81,819999,24,810000,69,710000,40,9999,0.100000,0,0,0.000000,8,0.000000,0.000000,0.282447,0,0,0,0,0,0,0
81,819999,25,810000,69,710000,40,9999,0.100000,0,0,0.000000,8,0.000000,0.000000,0.455274,0,0,0,0,0,0,0
81,819999,26,810000,4,10000,40,9999,0.100000,0,0,0.000000,8,0.000000,0.000000,0.074838,0,0,0,0,0,0,0
81,819999,27,810000,0,40000,40,9999,0.100000,0,0,0.000000,8,0.000000,0.000000,0.394621,0,0,0,0,0,0,0
81,819999,28,810000,69,710000,40,9999,0.100000,0,0,0.000000,8,0.000000,0.000000,0.071632,0,0,0,0,0,0,0
81,819999,29,810000,72,150000,49,9999,0.100000,0,0,0.000000,8,2.000000,0.000000,18.617232,0,0,0,0,0,0,0
81,819999,30,810000,20,0,40,9999,0.100000,0,0,0.000000,8,0.000000,0.000000,0.117710,0,0,0,0,0,0,0
81,819999,31,810000,20,0,49,9999,0.100000,0,0,0.000000,8,1.000000,0.000000,4.570694,0,0,0,0,0,0,0
81,819999,32,810000,72,150000,40,9999,0.100000,0,0,0.000000,8,0.000000,0.000000,0.229126,0,0,0,0,0,0,0
81,819999,33,810000,69,720000,40,9999,0.100000,0,0,0.000000,8,0.000000,0.000000,2.475339,0,0,0,0,0,0,0
81,819999,34,810000,84,650000,40,9999,0.100000,0,0,0.000000,8,0.000000,0.000000,0.121331,0,0,0,0,0,0,0
81,819999,35,810000,0,40000,40,9999,0.100000,0,0,0.000000,8,0.000000,0.000000,0.176481,0,0,0,0,0,0,0
81,819999,36,810000,84,650000,40,9999,0.100000,0,0,0.000000,8,0.000000,0.000000,0.518577,0,0,0,0,0,0,0
81,819999,37,810000,0,60000,49,9999,0.100000,0,0,0.000000,8,7.000000,0.000000,9.302769,0,0,0,0,0,0,0
81,819999,38,810000,69,710000,49,9999,0.100000,0,0,0.000000,8,2.000000,0.000000,2.976998,0,0,0,0,0,0,0
81,819999,39,810000,72,150000,40,9999,0.100000,0,0,0.000000,8,0.000000,0.000000,1.169365,0,0,0,0,0,0,0
81,819999,40,810000,84,650000,40,9999,0.100000,0,0,0.000000,8,0.000000,0.000000,0.621752,0,0,0,0,0,0,0
81,819999,41,810000,69,710000,40,9999,0.100000,0,0,0.000000,8,0.000000,0.000000,0.691334,0,0,0,0,0,0,0
81,819999,42,810000,69,720000,40,9999,0.100000,0,0,0.000000,8,0.000000,0.000000,0.519342,0,0,0,0,0,0,0
81,819999,43,810000,72,150000,40,9999,0.100000,0,0,0.000000,8,0.000000,0.000000,1.010379,0,0,0,0,0,0,0
81,819999,44,810000,69,720000,40,9999,0.100000,0,0,0.000000,8,0.000000,0.000000,0.235970,0,0,0,0,0,0,0
81,819999,45,810000,72,150000,40,9999,0.100000,0,0,0.000000,8,0.000000,0.000000,0.228669,0,0,0,0,0,0,0
81,819999,46,810000,20,0,40,9999,0.100000,0,0,0.000000,8,0.000000,0.000000,0.241308,0,0,0,0,0,0,0
81,819999,47,810000,0,60000,40,9999,0.100000,0,0,0.000000,8,0.000000,0.000000,0.156742,0,0,0,0,0,0,0
81,819999,48,810000,69,710000,40,9999,0.100000,0,0,0.000000,8,0.000000,0.000000,0.192289,0,0,0,0,0,0,0
81,819999,49,810000,0,40000,40,9999,0.100000,0,0,0.000000,8,0.000000,0.000000,0.164341,0,0,0,0,0,0,0
81,819999,50,810000,0,40000,40,9999,0.100000,0,0,0.000000,8,0.000000,0.000000,0.782931,0,0,0,0,0,0,0
81,819999,51,810000,69,710000,49,9999,0.100000,0,0,0.000000,8,1.000000,0.000000,1.440112,0,0,0,0,0,0,0
81,819999,52,810000,0,40000,40,9999,0.100000,0,0,0.000000,8,0.000000,0.000000,0.155353,0,0,0,0,0,0,0
81,819999,53,810000,0,60000,40,9999,0.100000,0,0,0.000000,8,0.000000,0.000000,0.094988,0,0,0,0,0,0,0
81,819999,54,810000,0,40000,40,9999,0.100000,0,0,0.000000,8,0.000000,0.000000,0.319570,0,0,0,0,0,0,0
81,819999,55,810000,72,150000,40,9999,0.100000,0,0,0.000000,8,0.000000,0.000000,0.154298,0,0,0,0,0,0,0
81,819999,56,810000,72,150000,40,9999,0.100000,0,0,0.000000,8,0.000000,0.000000,0.107574,0,0,0,0,0,0,0
81,819999,57,810000,69,710000,40,9999,0.100000,0,0,0.000000,8,0.000000,0.000000,0.193279,0,0,0,0,0,0,0
81,819999,58,810000,69,710000,40,9999,0.100000,0,0,0.000000,8,0.000000,0.000000,0.140233,0,0,0,0,0,0,0
81,819999,59,810000,0,40000,49,9999,0.100000,0,0,0.000000,8,2.000000,0.000000,4.164286,0,0,0,0,0,0,0
81,819999,60,810000,0,60000,40,9999,0.100000,0,0,0.000000,8,0.000000,0.000000,0.156509,0,0,0,0,0,0,0
81,819999,61,810000,72,150000,40,9999,0.100000,0,0,0.000000,8,0.000000,0.000000,0.103776,0,0,0,0,0,0,0
81,819999,62,810000,72,150000,40,9999,0.100000,0,0,0.000000,8,0.000000,0.000000,0.009291,0,0,0,0,0,0,0
81,819999,63,810000,72,150000,40,9999,0.100000,0,0,0.000000,8,0.000000,0.000000,0.081431,0,0,0,0,0,0,0
81,819999,64,810000,69,720000,49,9999,0.100000,0,0,0.000000,8,2.000000,0.000000,3.318586,0,0,0,0,0,0,0
81,819999,65,810000,0,40000,40,9999,0.100000,0,0,0.000000,8,0.000000,0.000000,0.216650,0,0,0,0,0,0,0
81,819999,66,810000,4,10000,49,9999,0.100000,0,0,0.000000,8,2.000000,0.000000,2.843028,0,0,0,0,0,0,0
81,819999,67,810000,84,650000,40,9999,0.100000,0,0,0.000000,8,0.000000,0.000000,0.823733,0,0,0,0,0,0,0
81,819999,68,810000,72,150000,40,9999,0.100000,0,0,0.000000,8,0.000000,0.000000,0.426729,0,0,0,0,0,0,0
81,819999,69,810000,4,10000,49,9999,0.100000,0,0,0.000000,8,6.000000,0.000000,13.026814,0,0,0,0,0,0,0
81,819999,70,810000,4,10000,40,9999,0.100000,0,0,0.000000,8,0.000000,0.000000,0.352828,0,0,0,0,0,0,0
81,819999,71,810000,0,60000,40,9999,0.100000,0,0,0.000000,8,0.000000,0.000000,0.157915,0,0,0,0,0,0,0
81,819999,72,810000,0,40000,40,9999,0.100000,0,0,0.000000,8,0.000000,0.000000,0.078120,0,0,0,0,0,0,0
81,819999,73,810000,0,40000,49,9999,0.100000,0,0,0.000000,8,9.000000,0.000000,20.232564,0,0,0,0,0,0,0
81,819999,74,810000,84,650000,40,9999,0.100000,0,0,0.000000,8,0.000000,0.000000,0.078391,0,0,0,0,0,0,0
81,819999,75,810000,84,650000,40,9999,0.100000,0,0,0.000000,8,0.000000,0.000000,0.090368,0,0,0,0,0,0,0
81,819999,76,810000,4,10000,40,9999,0.100000,0,0,0.000000,8,0.000000,0.000000,0.244370,0,0,0,0,0,0,0
81,819999,77,810000,84,650000,40,9999,0.100000,0,0,0.000000,8,0.000000,0.000000,0.166395,0,0,0,0,0,0,0
81,819999,78,810000,0,40000,40,9999,0.100000,0,0,0.000000,8,0.000000,0.000000,0.138342,0,0,0,0,0,0,0
81,819999,79,810000,20,0,40,9999,0.100000,0,0,0.000000,8,0.000000,0.000000,0.678778,0,0,0,0,0,0,0
81,819999,80,810000,84,650000,40,9999,0.100000,0,0,0.000000,8,0.000000,0.000000,0.089009,0,0,0,0,0,0,0
81,819999,81,810000,4,10000,40,9999,0.100000,0,0,0.000000,8,0.000000,0.000000,0.341741,0,0,0,0,0,0,0
81,819999,82,810000,84,650000,40,9999,0.100000,0,0,0.000000,8,0.000000,0.000000,0.142165,0,0,0,0,0,0,0
81,819999,83,810000,0,60000,40,9999,0.100000,0,0,0.000000,8,0.000000,0.000000,0.079657,0,0,0,0,0,0,0
81,819999,84,810000,72,150000,40,9999,0.100000,0,0,0.000000,8,0.000000,0.000000,0.199694,0,0,0,0,0,0,0
81,819999,85,810000,20,0,40,9999,0.100000,0,0,0.000000,8,0.000000,0.000000,8.942793,0,0,0,0,0,0,0
81,819999,86,810000,72,150000,40,9999,0.100000,0,0,0.000000,8,0.000000,0.000000,0.107881,0,0,0,0,0,0,0
81,819999,87,810000,0,60000,40,9999,0.100000,0,0,0.000000,8,0.000000,0.000000,0.112256,0,0,0,0,0,0,0
81,819999,88,810000,20,0,40,9999,0.100000,0,0,0.000000,8,0.000000,0.000000,0.193364,0,0,0,0,0,0,0
81,819999,89,810000,0,40000,40,9999,0.100000,0,0,0.000000,8,0.000000,0.000000,0.077250,0,0,0,0,0,0,0
81,819999,90,810000,84,650000,49,9999,0.100000,0,0,0.000000,8,1.000000,0.000000,1.675264,0,0,0,0,0,0,0
81,819999,91,810000,0,40000,40,9999,0.100000,0,0,0.000000,8,0.000000,0.000000,0.532719,0,0,0,0,0,0,0
81,819999,92,810000,20,0,40,9999,0.100000,0,0,0.000000,8,0.000000,0.000000,0.083900,0,0,0,0,0,0,0
81,819999,93,810000,84,650000,40,9999,0.100000,0,0,0.000000,8,0.000000,0.000000,0.090984,0,0,0,0,0,0,0
81,819999,94,810000,20,0,40,9999,0.100000,0,0,0.000000,8,0.000000,0.000000,0.213579,0,0,0,0,0,0,0
81,819999,95,810000,4,10000,40,9999,0.100000,0,0,0.000000,8,0.000000,0.000000,0.410347,0,0,0,0,0,0,0
81,819999,96,810000,84,650000,40,9999,0.100000,0,0,0.000000,8,0.000000,0.000000,1.308206,0,0,0,0,0,0,0
81,819999,97,810000,20,0,40,9999,0.100000,0,0,0.000000,8,0.000000,0.000000,0.232979,0,0,0,0,0,0,0
81,819999,98,810000,4,10000,40,9999,0.100000,0,0,0.000000,8,0.000000,0.000000,0.060473,0,0,0,0,0,0,0
81,819999,99,810000,69,710000,49,9999,0.100000,0,0,0.000000,8,3.000000,0.000000,3.537514,0,0,0,0,0,0,0
82,829999,0,820000,4,10000,40,9999,0.100000,0,0,0.000000,8,0.000000,0.000000,0.119120,0,0,0,0,0,0,0
82,829999,1,820000,72,150000,40,9999,0.100000,0,0,0.000000,8,0.000000,0.000000,0.118631,0,0,0,0,0,0,0
82,829999,2,820000,72,150000,40,9999,0.100000,0,0,0.000000,8,0.000000,0.000000,0.353407,0,0,0,0,0,0,0
82,829999,3,820000,69,710000,40,9999,0.100000,0,0,0.000000,8,0.000000,0.000000,0.560932,0,0,0,0,0,0,0
82,829999,4,820000,0,60000,40,9999,0.100000,0,0,0.000000,8,0.000000,0.000000,0.298393,0,0,0,0,0,0,0
82,829999,5,820000,0,60000,40,9999,0.100000,0,0,0.000000,8,0.000000,0.000000,6.619211,0,0,0,0,0,0,0
82,829999,6,820000,4,10000,40,9999,0.100000,0,0,0.000000,8,0.000000,0.000000,0.140842,0,0,0,0,0,0,0
82,829999,7,820000,69,710000,40,9999,0.100000,0,0,0.000000,8,0.000000,0.000000,1.399801,0,0,0,0,0,0,0
82,829999,8,820000,4,10000,40,9999,0.100000,0,0,0.000000,8,0.000000,0.000000,0.112868,0,0,0,0,0,0,0
82,829999,9,820000,72,150000,40,9999,0.100000,0,0,0.000000,8,0.000000,0.000000,0.109978,0,0,0,0,0,0,0
82,829999,10,820000,0,40000,49,9999,0.100000,0,0,0.000000,8,2.000000,0.000000,7.929597,0,0,0,0,0,0,0
82,829999,11,820000,69,710000,40,9999,0.100000,0,0,0.000000,8,0.000000,0.000000,0.139588,0,0,0,0,0,0,0
82,829999,12,820000,0,60000,49,9999,0.100000,0,0,0.000000,8,3.000000,0.000000,5.957789,0,0,0,0,0,0,0
82,829999,13,820000,69,720000,40,9999,0.100000,0,0,0.000000,8,0.000000,0.000000,0.216261,0,0,0,0,0,0,0
82,829999,14,820000,0,40000,40,9999,0.100000,0,0,0.000000,8,0.000000,0.000000,0.140405,0,0,0,0,0,0,0
82,829999,15,820000,69,710000,40,9999,0.100000,0,0,0.000000,8,0.000000,0.000000,0.240699,0,0,0,0,0,0,0
82,829999,16,820000,69,710000,40,9999,0.100000,0,0,0.000000,8,0.000000,0.000000,0.371614,0,0,0,0,0,0,0
82,829999,17,820000,72,150000,40,9999,0.100000,0,0,0.000000,8,0.000000,0.000000,0.129035,0,0,0,0,0,0,0
82,829999,18,820000,4,10000,40,9999,0.100000,0,0,0.000000,8,0.000000,0.000000,0.238251,0,0,0,0,0,0,0
82,829999,19,820000,69,720000,40,9999,0.100000,0,0,0.000000,8,0.000000,0.000000,0.855250,0,0,0,0,0,0,0
82,829999,20,820000,20,0,40,9999,0.100000,0,0,0.000000,8,0.000000,0.000000,0.505076,0,0,0,0,0,0,0
82,829999,21,820000,69,710000,49,9999,0.100000,0,0,0.000000,8,5.000000,0.000000,11.957890,0,0,0,0,0,0,0
82,829999,22,820000,72,150000,40,9999,0.100000,0,0,0.000000,8,0.000000,0.000000,20.048473,0,0,0,0,0,0,0
82,829999,23,820000,20,0,40,9999,0.100000,0,0,0.000000,8,0.000000,0.000000,0.222867,0,0,0,0,0,0,0
82,829999,24,820000,0,60000,40,9999,0.100000,0,0,0.000000,8,0.000000,0.000000,0.696384,0,0,0,0,0,0,0
82,829999,25,820000,72,150000,40,9999,0.100000,0,0,0.000000,8,0.000000,0.000000,1.096617,0,0,0,0,0,0,0
82,829999,26,820000,0,60000,40,9999,0.100000,0,0,0.000000,8,0.000000,0.000000,0.076474,0,0,0,0,0,0,0
82,829999,27,820000,69,720000,40,9999,0.100000,0,0,0.000000,8,0.000000,0.000000,0.088916,0,0,0,0,0,0,0
82,829999,28,820000,0,40000,40,9999,0.100000,0,0,0.000000,8,0.000000,0.000000,0.071460,0,0,0,0,0,0,0
82,829999,29,820000,72,150000,40,9999,0.100000,0,0,0.000000,8,0.000000,0.000000,1.124387,0,0,0,0,0,0,0
82,829999,30,820000,0,40000,40,9999,0.100000,0,0,0.000000,8,0.000000,0.000000,0.119626,0,0,0,0,0,0,0
82,829999,31,820000,0,60000,49,9999,0.100000,0,0,0.000000,8,2.000000,0.000000,7.870684,0,0,0,0,0,0,0
82,829999,32,820000,20,0,40,9999,0.100000,0,0,0.000000,8,0.000000,0.000000,0.247553,0,0,0,0,0,0,0
82,829999,33,820000,69,710000,40,9999,0.100000,0,0,0.000000,8,0.000000,0.000000,0.154650,0,0,0,0,0,0,0
82,829999,34,820000,84,650000,40,9999,0.100000,0,0,0.000000,8,0.000000,0.000000,0.097669,0,0,0,0,0,0,0
82,829999,35,820000,69,720000,40,9999,0.100000,0,0,0.000000,8,0.000000,0.000000,0.175790,0,0,0,0,0,0,0
82,829999,36,820000,20,0,49,9999,0.135000,0,0,0.000000,8,1.000000,0.000000,19.362888,0,0,0,0,0,0,0
82,829999,37,820000,72,150000,40,9999,0.100000,0,0,0.000000,8,0.000000,0.000000,0.469688,0,0,0,0,0,0,0
82,829999,38,820000,20,0,40,9999,0.100000,0,0,0.000000,8,0.000000,0.000000,0.494944,0,0,0,0,0,0,0
82,829999,39,820000,69,710000,40,9999,0.100000,0,0,0.000000,8,0.000000,0.000000,0.974007,0,0,0,0,0,0,0
82,829999,40,820000,72,150000,40,9999,0.100000,0,0,0.000000,8,0.000000,0.000000,0.621259,0,0,0,0,0,0,0
82,829999,41,820000,20,0,40,9999,0.100000,0,0,0.000000,8,0.000000,0.000000,0.622903,0,0,0,0,0,0,0
82,829999,42,820000,84,650000,40,9999,0.100000,0,0,0.000000,8,0.000000,0.000000,0.199158,0,0,0,0,0,0,0
82,829999,43,820000,69,710000,40,9999,0.135000,0,0,0.000000,8,0.000000,0.000000,1.156106,0,0,0,0,0,0,0
82,829999,44,820000,69,710000,40,9999,0.100000,0,0,0.000000,8,0.000000,0.000000,0.232316,0,0,0,0,0,0,0
82,829999,45,820000,20,0,40,9999,0.100000,0,0,0.000000,8,0.000000,0.000000,0.243777,0,0,0,0,0,0,0
82,829999,46,820000,84,650000,40,9999,0.100000,0,0,0.000000,8,0.000000,0.000000,0.240655,0,0,0,0,0,0,0
82,829999,47,820000,72,150000,40,9999,0.100000,0,0,0.000000,8,0.000000,0.000000,0.150871,0,0,0,0,0,0,0
82,829999,48,820000,20,0,40,9999,0.100000,0,0,0.000000,8,0.000000,0.000000,0.413401,0,0,0,0,0,0,0
82,829999,49,820000,0,60000,40,9999,0.100000,0,0,0.000000,8,0.000000,0.000000,0.163064,0,0,0,0,0,0,0
82,829999,50,820000,84,650000,40,9999,0.100000,0,0,0.000000,8,0.000000,0.000000,0.193818,0,0,0,0,0,0,0
82,829999,51,820000,0,60000,49,9999,0.100000,0,0,0.000000,8,2.000000,0.000000,4.005493,0,0,0,0,0,0,0
82,829999,52,820000,20,0,40,9999,0.100000,0,0,0.000000,8,0.000000,0.000000,0.146828,0,0,0,0,0,0,0
82,829999,53,820000,69,710000,40,9999,0.100000,0,0,0.000000,8,0.000000,0.000000,0.096281,0,0,0,0,0,0,0
82,829999,54,820000,69,720000,49,9999,0.100000,0,0,0.000000,8,8.000000,0.000000,16.698497,0,0,0,0,0,0,0
82,829999,55,820000,72,150000,40,9999,0.100000,0,0,0.000000,8,0.000000,0.000000,0.154232,0,0,0,0,0,0,0
82,829999,56,820000,69,710000,40,9999,0.100000,0,0,0.000000,8,0.000000,0.000000,0.842613,0,0,0,0,0,0,0
82,829999,57,820000,69,720000,40,9999,0.100000,0,0,0.000000,8,0.000000,0.000000,0.192972,0,0,0,0,0,0,0
82,829999,58,820000,84,650000,40,9999,0.100000,0,0,0.000000,8,0.000000,0.000000,0.132239,0,0,0,0,0,0,0
82,829999,59,820000,84,650000,49,9999,0.100000,0,0,0.000000,8,3.000000,0.000000,4.293206,0,0,0,0,0,0,0
82,829999,60,820000,20,0,40,9999,0.100000,0,0,0.000000,8,0.000000,0.000000,0.154458,0,0,0,0,0,0,0
82,829999,61,820000,69,720000,40,9999,0.100000,0,0,0.000000,8,0.000000,0.000000,0.094778,0,0,0,0,0,0,0
82,829999,62,820000,0,40000,40,9999,0.100000,0,0,0.000000,8,0.000000,0.000000,0.009319,0,0,0,0,0,0,0
82,829999,63,820000,20,0,40,9999,0.100000,0,0,0.000000,8,0.000000,0.000000,0.081138,0,0,0,0,0,0,0
82,829999,64,820000,0,40000,40,9999,0.100000,0,0,0.000000,8,0.000000,0.000000,0.259618,0,0,0,0,0,0,0
82,829999,65,820000,69,720000,40,9999,0.100000,0,0,0.000000,8,0.000000,0.000000,0.203911,0,0,0,0,0,0,0
82,829999,66,820000,0,40000,40,9999,0.100000,0,0,0.000000,8,0.000000,0.000000,0.337396,0,0,0,0,0,0,0
82,829999,67,820000,0,40000,40,9999,0.100000,0,0,0.000000,8,0.000000,0.000000,0.155397,0,0,0,0,0,0,0
82,829999,68,820000,0,60000,40,9999,0.100000,0,0,0.000000,8,0.000000,0.000000,0.435574,0,0,0,0,0,0,0
82,829999,69,820000,0,40000,49,9999,0.100000,0,0,0.000000,8,6.000000,0.000000,13.029944,0,0,0,0,0,0,0
82,829999,70,820000,4,10000,49,9999,0.100000,0,0,0.000000,8,7.000000,0.000000,17.215330,0,0,0,0,0,0,0
82,829999,71,820000,20,0,40,9999,0.100000,0,0,0.000000,8,0.000000,0.000000,0.146843,0,0,0,0,0,0,0
82,829999,72,820000,69,710000,40,9999,0.100000,0,0,0.000000,8,0.000000,0.000000,0.075878,0,0,0,0,0,0,0
82,829999,73,820000,20,0,40,9999,0.100000,0,0,0.000000,8,0.000000,0.000000,0.599574,0,0,0,0,0,0,0
82,829999,74,820000,69,720000,40,9999,0.100000,0,0,0.000000,8,0.000000,0.000000,0.100696,0,0,0,0,0,0,0
82,829999,75,820000,72,150000,40,9999,0.100000,0,0,0.000000,8,0.000000,0.000000,0.090563,0,0,0,0,0,0,0
82,829999,76,820000,69,710000,40,9999,0.100000,0,0,0.000000,8,0.000000,0.000000,0.229817,0,0,0,0,0,0,0
82,829999,77,820000,84,650000,49,9999,0.100000,0,0,0.000000,8,7.000000,0.000000,15.772825,0,0,0,0,0,0,0
82,829999,78,820000,20,0,40,9999,0.100000,0,0,0.000000,8,0.000000,0.000000,0.144112,0,0,0,0,0,0,0
82,829999,79,820000,20,0,40,9999,0.100000,0,0,0.000000,8,0.000000,0.000000,0.254482,0,0,0,0,0,0,0
82,829999,80,820000,0,60000,40,9999,0.100000,0,0,0.000000,8,0.000000,0.000000,0.087821,0,0,0,0,0,0,0
82,829999,81,820000,4,10000,40,9999,0.100000,0,0,0.000000,8,0.000000,0.000000,0.418602,0,0,0,0,0,0,0
82,829999,82,820000,4,10000,40,9999,0.100000,0,0,0.000000,8,0.000000,0.000000,0.114770,0,0,0,0,0,0,0
82,829999,83,820000,69,720000,40,9999,0.100000,0,0,0.000000,8,0.000000,0.000000,0.077938,0,0,0,0,0,0,0
82,829999,84,820000,69,710000,40,9999,0.100000,0,0,0.000000,8,0.000000,0.000000,0.277314,0,0,0,0,0,0,0
82,829999,85,820000,69,710000,40,9999,0.100000,0,0,0.000000,8,0.000000,0.000000,19.779713,0,0,0,0,0,0,0
82,829999,86,820000,72,150000,40,9999,0.100000,0,0,0.000000,8,0.000000,0.000000,0.110822,0,0,0,0,0,0,0
82,829999,87,820000,69,720000,40,9999,0.100000,0,0,0.000000,8,0.000000,0.000000,0.099282,0,0,0,0,0,0,0
82,829999,88,820000,69,720000,40,9999,0.135000,0,0,0.000000,8,0.000000,0.000000,0.084049,0,0,0,0,0,0,0
82,829999,89,820000,69,720000,49,9999,0.100000,0,0,0.000000,8,3.000000,0.000000,15.339144,0,0,0,0,0,0,0
82,829999,90,820000,0,60000,49,9999,0.100000,0,0,0.000000,8,2.000000,0.000000,4.409343,0,0,0,0,0,0,0
82,829999,91,820000,0,60000,40,9999,0.100000,0,0,0.000000,8,0.000000,0.000000,0.392881,0,0,0,0,0,0,0
82,829999,92,820000,84,650000,40,9999,0.100000,0,0,0.000000,8,0.000000,0.000000,0.083829,0,0,0,0,0,0,0
82,829999,93,820000,0,40000,40,9999,0.100000,0,0,0.000000,8,0.000000,0.000000,0.091167,0,0,0,0,0,0,0
82,829999,94,820000,84,650000,40,9999,0.100000,0,0,0.000000,8,0.000000,0.000000,0.148419,0,0,0,0,0,0,0
82,829999,95,820000,69,710000,40,9999,0.100000,0,0,0.000000,8,0.000000,0.000000,0.339525,0,0,0,0,0,0,0
82,829999,96,820000,4,10000,40,9999,0.100000,0,0,0.000000,8,0.000000,0.000000,0.286437,0,0,0,0,0,0,0
82,829999,97,820000,69,710000,40,9999,0.100000,0,0,0.000000,8,0.000000,0.000000,0.238617,0,0,0,0,0,0,0
82,829999,98,820000,4,10000,40,9999,0.100000,0,0,0.000000,8,0.000000,0.000000,0.059868,0,0,0,0,0,0,0
82,829999,99,820000,4,10000,40,9999,0.100000,0,0,0.000000,8,0.000000,0.000000,0.262116,0,0,0,0,0,0,0
83,839999,0,830000,0,40000,40,9999,0.100000,0,0,0.000000,8,0.000000,0.000000,0.881964,0,0,0,0,0,0,0
83,839999,1,830000,69,720000,40,9999,0.100000,0,0,0.000000,8,0.000000,0.000000,0.117199,0,0,0,0,0,0,0
83,839999,2,830000,69,720000,40,9999,0.100000,0,0,0.000000,8,0.000000,0.000000,0.331274,0,0,0,0,0,0,0
83,839999,3,830000,0,40000,49,9999,0.100000,0,0,0.000000,8,12.000000,0.000000,14.246927,0,0,0,0,0,0,0
83,839999,4,830000,4,10000,40,9999,0.100000,0,0,0.000000,8,0.000000,0.000000,0.294599,0,0,0,0,0,0,0
83,839999,5,830000,0,40000,40,9999,0.100000,0,0,0.000000,8,0.000000,0.000000,5.841657,0,0,0,0,0,0,0
83,839999,6,830000,20,0,40,9999,0.100000,0,0,0.000000,8,0.000000,0.000000,0.137206,0,0,0,0,0,0,0
83,839999,7,830000,0,60000,40,9999,0.100000,0,0,0.000000,8,0.000000,0.000000,1.148943,0,0,0,0,0,0,0
83,839999,8,830000,0,40000,40,9999,0.100000,0,0,0.000000,8,0.000000,0.000000,0.590192,0,0,0,0,0,0,0
83,839999,9,830000,72,150000,40,9999,0.100000,0,0,0.000000,8,0.000000,0.000000,0.121980,0,0,0,0,0,0,0
83,839999,10,830000,0,40000,49,9999,0.100000,0,0,0.000000,8,4.000000,0.000000,6.319803,0,0,0,0,0,0,0
83,839999,11,830000,69,710000,40,9999,0.100000,0,0,0.000000,8,0.000000,0.000000,0.140932,0,0,0,0,0,0,0
83,839999,12,830000,4,10000,49,9999,0.100000,0,0,0.000000,8,4.000000,0.000000,17.804353,0,0,0,0,0,0,0
83,839999,13,830000,72,150000,40,9999,0.100000,0,0,0.000000,8,0.000000,0.000000,0.227737,0,0,0,0,0,0,0
83,839999,14,830000,69,710000,40,9999,0.100000,0,0,0.000000,8,0.000000,0.000000,0.153172,0,0,0,0,0,0,0
83,839999,15,830000,69,710000,40,9999,0.100000,0,0,0.000000,8,0.000000,0.000000,0.233241,0,0,0,0,0,0,0
83,839999,16,830000,84,650000,40,9999,0.100000,0,0,0.000000,8,0.000000,0.000000,0.344193,0,0,0,0,0,0,0
83,839999,17,830000,0,40000,40,9999,0.100000,0,0,0.000000,8,0.000000,0.000000,0.111930,0,0,0,0,0,0,0
83,839999,18,830000,72,150000,40,9999,0.100000,0,0,0.000000,8,0.000000,0.000000,0.246331,0,0,0,0,0,0,0
83,839999,19,830000,0,40000,40,9999,0.100000,0,0,0.000000,8,0.000000,0.000000,0.759899,0,0,0,0,0,0,0
83,839999,20,830000,69,710000,40,9999,0.100000,0,0,0.000000,8,0.000000,0.000000,0.511908,0,0,0,0,0,0,0
83,839999,21,830000,0,60000,40,9999,0.100000,0,0,0.000000,8,0.000000,0.000000,1.392658,0,0,0,0,0,0,0
83,839999,22,830000,69,710000,40,9999,0.100000,0,0,0.000000,8,0.000000,0.000000,20.409779,0,0,0,0,0,0,0
83,839999,23,830000,84,650000,40,9999,0.100000,0,0,0.000000,8,0.000000,0.000000,0.228101,0,0,0,0,0,0,0
83,839999,24,830000,69,720000,40,9999,0.100000,0,0,0.000000,8,0.000000,0.000000,0.734362,0,0,0,0,0,0,0
83,839999,25,830000,4,10000,40,9999,0.100000,0,0,0.000000,8,0.000000,0.000000,1.703077,0,0,0,0,0,0,0
83,839999,26,830000,0,60000,40,9999,0.100000,0,0,0.000000,8,0.000000,0.000000,0.075908,0,0,0,0,0,0,0
83,839999,27,830000,69,710000,40,9999,0.100000,0,0,0.000000,8,0.000000,0.000000,0.459662,0,0,0,0,0,0,0
83,839999,28,830000,4,10000,40,9999,0.100000,0,0,0.000000,8,0.000000,0.000000,0.071316,0,0,0,0,0,0,0
83,839999,29,830000,20,0,49,9999,0.100000,0,0,0.000000,8,10.000000,0.000000,11.585404,0,0,0,0,0,0,0
83,839999,30,830000,20,0,40,9999,0.100000,0,0,0.000000,8,0.000000,0.000000,0.119341,0,0,0,0,0,0,0
83,839999,31,830000,20,0,49,9999,0.100000,0,0,0.000000,8,4.000000,0.000000,10.740553,0,0,0,0,0,0,0
83,839999,32,830000,69,710000,40,9999,0.100000,0,0,0.000000,8,0.000000,0.000000,0.239535,0,0,0,0,0,0,0
83,839999,33,830000,69,720000,40,9999,0.100000,0,0,0.000000,8,0.000000,0.000000,0.149816,0,0,0,0,0,0,0
83,839999,34,830000,84,650000,40,9999,0.100000,0,0,0.000000,8,0.000000,0.000000,0.088561,0,0,0,0,0,0,0
83,839999,35,830000,69,720000,40,9999,0.100000,0,0,0.000000,8,0.000000,0.000000,0.174704,0,0,0,0,0,0,0
83,839999,36,830000,20,0,40,9999,0.100000,0,0,0.000000,8,0.000000,0.000000,1.674263,0,0,0,0,0,0,0
83,839999,37,830000,0,60000,40,9999,0.100000,0,0,0.000000,8,0.000000,0.000000,0.547663,0,0,0,0,0,0,0
83,839999,38,830000,4,10000,40,9999,0.100000,0,0,0.000000,8,0.000000,0.000000,0.284709,0,0,0,0,0,0,0
83,839999,39,830000,69,710000,40,9999,0.100000,0,0,0.000000,8,0.000000,0.000000,1.635903,0,0,0,0,0,0,0
83,839999,40,830000,72,150000,40,9999,0.100000,0,0,0.000000,8,0.000000,0.000000,0.640566,0,0,0,0,0,0,0
83,839999,41,830000,20,0,40,9999,0.100000,0,0,0.000000,8,0.000000,0.000000,0.602723,0,0,0,0,0,0,0
83,839999,42,830000,0,40000,40,9999,0.100000,0,0,0.000000,8,0.000000,0.000000,0.221728,0,0,0,0,0,0,0
83,839999,43,830000,69,720000,40,9999,0.100000,0,0,0.000000,8,0.000000,0.000000,1.260575,0,0,0,0,0,0,0
83,839999,44,830000,69,710000,40,9999,0.100000,0,0,0.000000,8,0.000000,0.000000,0.230539,0,0,0,0,0,0,0
83,839999,45,830000,0,40000,40,9999,0.100000,0,0,0.000000,8,0.000000,0.000000,0.231118,0,0,0,0,0,0,0
83,839999,46,830000,84,650000,40,9999,0.100000,0,0,0.000000,8,0.000000,0.000000,0.234077,0,0,0,0,0,0,0
83,839999,47,830000,4,10000,40,9999,0.100000,0,0,0.000000,8,0.000000,0.000000,0.151130,0,0,0,0,0,0,0
83,839999,48,830000,69,710000,40,9999,0.100000,0,0,0.000000,8,0.000000,0.000000,0.423746,0,0,0,0,0,0,0
83,839999,49,830000,0,40000,40,9999,0.100000,0,0,0.000000,8,0.000000,0.000000,0.163817,0,0,0,0,0,0,0
83,839999,50,830000,69,720000,40,9999,0.100000,0,0,0.000000,8,0.000000,0.000000,0.205968,0,0,0,0,0,0,0
83,839999,51,830000,20,0,49,9999,0.100000,0,0,0.000000,8,4.000000,0.000000,7.696647,0,0,0,0,0,0,0
83,839999,52,830000,84,650000,40,9999,0.100000,0,0,0.000000,8,0.000000,0.000000,0.140921,0,0,0,0,0,0,0
83,839999,53,830000,69,720000,40,9999,0.100000,0,0,0.000000,8,0.000000,0.000000,0.099119,0,0,0,0,0,0,0
83,839999,54,830000,69,720000,40,9999,0.100000,0,0,0.000000,8,0.000000,0.000000,1.396561,0,0,0,0,0,0,0
83,839999,55,830000,84,650000,40,9999,0.100000,0,0,0.000000,8,0.000000,0.000000,0.154462,0,0,0,0,0,0,0
83,839999,56,830000,69,720000,40,9999,0.100000,0,0,0.000000,8,0.000000,0.000000,0.107417,0,0,0,0,0,0,0
83,839999,57,830000,0,60000,40,9999,0.100000,0,0,0.000000,8,0.000000,0.000000,0.211664,0,0,0,0,0,0,0
83,839999,58,830000,69,720000,40,9999,0.100000,0,0,0.000000,8,0.000000,0.000000,0.140776,0,0,0,0,0,0,0
83,839999,59,830000,69,710000,49,9999,0.100000,0,0,0.000000,8,4.000000,0.000000,5.149307,0,0,0,0,0,0,0
83,839999,60,830000,0,60000,40,9999,0.100000,0,0,0.000000,8,0.000000,0.000000,0.155698,0,0,0,0,0,0,0
83,839999,61,830000,0,40000,40,9999,0.100000,0,0,0.000000,8,0.000000,0.000000,0.134682,0,0,0,0,0,0,0
83,839999,62,830000,69,710000,49,9999,0.100000,0,0,0.000000,8,7.000000,0.000000,15.533647,0,0,0,0,0,0,0
83,839999,63,830000,72,150000,40,9999,0.100000,0,0,0.000000,8,0.000000,0.000000,0.080383,0,0,0,0,0,0,0
83,839999,64,830000,0,40000,40,9999,0.100000,0,0,0.000000,8,0.000000,0.000000,0.191975,0,0,0,0,0,0,0
83,839999,65,830000,84,650000,40,9999,0.100000,0,0,0.000000,8,0.000000,0.000000,0.201444,0,0,0,0,0,0,0
83,839999,66,830000,0,40000,40,9999,0.100000,0,0,0.000000,8,0.000000,0.000000,0.255735,0,0,0,0,0,0,0
83,839999,67,830000,69,710000,40,9999,0.100000,0,0,0.000000,8,0.000000,0.000000,0.189230,0,0,0,0,0,0,0
83,839999,68,830000,20,0,40,9999,0.100000,0,0,0.000000,8,0.000000,0.000000,0.602871,0,0,0,0,0,0,0
83,839999,69,830000,0,40000,40,9999,0.100000,0,0,0.000000,8,0.000000,0.000000,1.095564,0,0,0,0,0,0,0
83,839999,70,830000,72,150000,40,9999,0.100000,0,0,0.000000,8,0.000000,0.000000,0.843779,0,0,0,0,0,0,0
83,839999,71,830000,0,60000,40,9999,0.100000,0,0,0.000000,8,0.000000,0.000000,0.140936,0,0,0,0,0,0,0
83,839999,72,830000,0,60000,40,9999,0.100000,0,0,0.000000,8,0.000000,0.000000,0.078254,0,0,0,0,0,0,0
83,839999,73,830000,0,60000,40,9999,0.100000,0,0,0.000000,8,0.000000,0.000000,0.702711,0,0,0,0,0,0,0
83,839999,74,830000,20,0,40,9999,0.100000,0,0,0.000000,8,0.000000,0.000000,0.071930,0,0,0,0,0,0,0
83,839999,75,830000,72,150000,40,9999,0.100000,0,0,0.000000,8,0.000000,0.000000,0.496515,0,0,0,0,0,0,0
83,839999,76,830000,4,10000,40,9999,0.100000,0,0,0.000000,8,0.000000,0.000000,0.232542,0,0,0,0,0,0,0
83,839999,77,830000,0,40000,40,9999,0.100000,0,0,0.000000,8,0.000000,0.000000,0.304830,0,0,0,0,0,0,0
83,839999,78,830000,72,150000,40,9999,0.100000,0,0,0.000000,8,0.000000,0.000000,0.139392,0,0,0,0,0,0,0
83,839999,79,830000,20,0,40,9999,0.100000,0,0,0.000000,8,0.000000,0.000000,0.216412,0,0,0,0,0,0,0
83,839999,80,830000,84,650000,40,9999,0.100000,0,0,0.000000,8,0.000000,0.000000,0.092406,0,0,0,0,0,0,0
83,839999,81,830000,69,720000,40,9999,0.100000,0,0,0.000000,8,0.000000,0.000000,0.480686,0,0,0,0,0,0,0
83,839999,82,830000,72,150000,40,9999,0.100000,0,0,0.000000,8,0.000000,0.000000,0.098354,0,0,0,0,0,0,0
83,839999,83,830000,69,720000,40,9999,0.100000,0,0,0.000000,8,0.000000,0.000000,0.090801,0,0,0,0,0,0,0
83,839999,84,830000,0,60000,40,9999,0.100000,0,0,0.000000,8,0.000000,0.000000,0.191609,0,0,0,0,0,0,0
83,839999,85,830000,69,710000,40,9999,0.100000,0,0,0.000000,8,0.000000,0.000000,12.804730,0,0,0,0,0,0,0
83,839999,86,830000,69,720000,40,9999,0.100000,0,0,0.000000,8,0.000000,0.000000,0.109833,0,0,0,0,0,0,0
83,839999,87,830000,84,650000,49,9999,0.100000,0,0,0.000000,8,6.000000,0.000000,14.076091,0,0,0,0,0,0,0
83,839999,88,830000,20,0,40,9999,0.100000,0,0,0.000000,8,0.000000,0.000000,0.094804,0,0,0,0,0,0,0
83,839999,89,830000,20,0,40,9999,0.100000,0,0,0.000000,8,0.000000,0.000000,0.078742,0,0,0,0,0,0,0
83,839999,90,830000,4,10000,49,9999,0.100000,0,0,0.000000,8,9.000000,0.000000,14.163109,0,0,0,0,0,0,0
83,839999,91,830000,84,650000,40,9999,0.100000,0,0,0.000000,8,0.000000,0.000000,0.645006,0,0,0,0,0,0,0
83,839999,92,830000,20,0,40,9999,0.100000,0,0,0.000000,8,0.000000,0.000000,0.082554,0,0,0,0,0,0,0
83,839999,93,830000,20,0,49,9999,0.100000,0,0,0.000000,8,5.000000,0.000000,11.998500,0,0,0,0,0,0,0
83,839999,94,830000,84,650000,40,9999,0.100000,0,0,0.000000,8,0.000000,0.000000,0.175178,0,0,0,0,0,0,0
83,839999,95,830000,69,710000,40,9999,0.100000,0,0,0.000000,8,0.000000,0.000000,0.353163,0,0,0,0,0,0,0
83,839999,96,830000,69,720000,40,9999,0.100000,0,0,0.000000,8,0.000000,0.000000,0.273046,0,0,0,0,0,0,0
83,839999,97,830000,0,60000,40,9999,0.100000,0,0,0.000000,8,0.000000,0.000000,0.225930,0,0,0,0,0,0,0
83,839999,98,830000,69,710000,40,9999,0.100000,0,0,0.000000,8,0.000000,0.000000,0.060169,0,0,0,0,0,0,0
83,839999,99,830000,0,40000,40,9999,0.100000,0,0,0.000000,8,0.000000,0.000000,0.201481,0,0,0,0,0,0,0
84,849999,0,840000,84,650000,40,9999,0.100000,0,0,0.000000,8,0.000000,0.000000,0.844223,0,0,0,0,0,0,0
84,849999,1,840000,69,710000,40,9999,0.100000,0,0,0.000000,8,0.000000,0.000000,0.116008,0,0,0,0,0,0,0
84,849999,2,840000,69,710000,40,9999,0.100000,0,0,0.000000,8,0.000000,0.000000,0.280520,0,0,0,0,0,0,0
84,849999,3,840000,69,720000,49,9999,0.100000,0,0,0.000000,8,2.000000,0.000000,4.143337,0,0,0,0,0,0,0
84,849999,4,840000,4,10000,40,9999,0.100000,0,0,0.000000,8,0.000000,0.000000,0.328385,0,0,0,0,0,0,0
84,849999,5,840000,4,10000,49,9999,0.100000,0,0,0.000000,8,2.000000,0.000000,9.055555,0,0,0,0,0,0,0
84,849999,6,840000,20,0,40,9999,0.100000,0,0,0.000000,8,0.000000,0.000000,0.136373,0,0,0,0,0,0,0
84,849999,7,840000,4,10000,40,9999,0.100000,0,0,0.000000,8,0.000000,0.000000,2.130743,0,0,0,0,0,0,0
84,849999,8,840000,0,40000,40,9999,0.100000,0,0,0.000000,8,0.000000,0.000000,1.365953,0,0,0,0,0,0,0
84,849999,9,840000,0,40000,40,9999,0.100000,0,0,0.000000,8,0.000000,0.000000,0.103248,0,0,0,0,0,0,0
84,849999,10,840000,69,720000,49,9999,0.100000,0,0,0.000000,8,2.000000,0.000000,9.098205,0,0,0,0,0,0,0
84,849999,11,840000,20,0,40,9999,0.100000,0,0,0.000000,8,0.000000,0.000000,0.139926,0,0,0,0,0,0,0
84,849999,12,840000,4,10000,49,9999,0.100000,0,0,0.000000,8,2.000000,0.000000,4.668606,0,0,0,0,0,0,0
84,849999,13,840000,0,60000,40,9999,0.100000,0,0,0.000000,8,0.000000,0.000000,0.150035,0,0,0,0,0,0,0
84,849999,14,840000,20,0,40,9999,0.100000,0,0,0.000000,8,0.000000,0.000000,0.132154,0,0,0,0,0,0,0
84,849999,15,840000,20,0,40,9999,0.100000,0,0,0.000000,8,0.000000,0.000000,0.235988,0,0,0,0,0,0,0
84,849999,16,840000,20,0,40,9999,0.100000,0,0,0.000000,8,0.000000,0.000000,0.288081,0,0,0,0,0,0,0
84,849999,17,840000,20,0,40,9999,0.100000,0,0,0.000000,8,0.000000,0.000000,0.107412,0,0,0,0,0,0,0
84,849999,18,840000,69,720000,40,9999,0.100000,0,0,0.000000,8,0.000000,0.000000,0.224760,0,0,0,0,0,0,0
84,849999,19,840000,4,10000,40,9999,0.100000,0,0,0.000000,8,0.000000,0.000000,0.916660,0,0,0,0,0,0,0
84,849999,20,840000,4,10000,40,9999,0.100000,0,0,0.000000,8,0.000000,0.000000,0.480645,0,0,0,0,0,0,0
84,849999,21,840000,4,10000,40,9999,0.100000,0,0,0.000000,8,0.000000,0.000000,1.298435,0,0,0,0,0,0,0
84,849999,22,840000,69,710000,40,9999,0.100000,0,0,0.000000,8,0.000000,0.000000,19.907349,0,0,0,0,0,0,0
84,849999,23,840000,69,720000,40,9999,0.100000,0,0,0.000000,8,0.000000,0.000000,0.227524,0,0,0,0,0,0,0
84,849999,24,840000,69,710000,40,9999,0.100000,0,0,0.000000,8,0.000000,0.000000,0.545028,0,0,0,0,0,0,0
84,849999,25,840000,72,150000,40,9999,0.100000,0,0,0.000000,8,0.000000,0.000000,1.351029,0,0,0,0,0,0,0
84,849999,26,840000,20,0,40,9999,0.100000,0,0,0.000000,8,0.000000,0.000000,0.074575,0,0,0,0,0,0,0
84,849999,27,840000,72,150000,40,9999,0.100000,0,0,0.000000,8,0.000000,0.000000,0.314955,0,0,0,0,0,0,0
84,849999,28,840000,69,720000,40,9999,0.100000,0,0,0.000000,8,0.000000,0.000000,0.074347,0,0,0,0,0,0,0
84,849999,29,840000,84,650000,49,9999,0.100000,0,0,0.000000,8,1.000000,0.000000,3.280411,0,0,0,0,0,0,0
84,849999,30,840000,20,0,40,9999,0.100000,0,0,0.000000,8,0.000000,0.000000,0.119962,0,0,0,0,0,0,0
84,849999,31,840000,4,10000,49,9999,0.100000,0,0,0.000000,8,1.000000,0.000000,12.866065,0,0,0,0,0,0,0
84,849999,32,840000,20,0,40,9999,0.100000,0,0,0.000000,8,0.000000,0.000000,0.231135,0,0,0,0,0,0,0
84,849999,33,840000,69,710000,40,9999,0.100000,0,0,0.000000,8,0.000000,0.000000,0.122477,0,0,0,0,0,0,0
84,849999,34,840000,69,710000,40,9999,0.100000,0,0,0.000000,8,0.000000,0.000000,0.080352,0,0,0,0,0,0,0
84,849999,35,840000,84,650000,40,9999,0.100000,0,0,0.000000,8,0.000000,0.000000,0.175775,0,0,0,0,0,0,0
84,849999,36,840000,69,710000,40,9999,0.065000,0,0,0.000000,8,0.000000,0.000000,1.062511,0,0,0,0,0,0,0
84,849999,37,840000,84,650000,40,9999,0.100000,0,0,0.000000,8,0.000000,0.000000,0.471739,0,0,0,0,0,0,0
84,849999,38,840000,84,650000,40,9999,0.100000,0,0,0.000000,8,0.000000,0.000000,0.283344,0,0,0,0,0,0,0
84,849999,39,840000,4,10000,40,9999,0.100000,0,0,0.000000,8,0.000000,0.000000,2.353817,0,0,0,0,0,0,0
84,849999,40,840000,69,720000,40,9999,0.100000,0,0,0.000000,8,0.000000,0.000000,0.203928,0,0,0,0,0,0,0
84,849999,41,840000,69,710000,40,9999,0.100000,0,0,0.000000,8,0.000000,0.000000,0.594550,0,0,0,0,0,0,0
84,849999,42,840000,20,0,40,9999,0.100000,0,0,0.000000,8,0.000000,0.000000,0.190284,0,0,0,0,0,0,0
84,849999,43,840000,20,0,49,9999,0.100000,0,0,0.000000,8,1.000000,0.000000,1.499027,0,0,0,0,0,0,0
84,849999,44,840000,4,10000,40,9999,0.100000,0,0,0.000000,8,0.000000,0.000000,0.240642,0,0,0,0,0,0,0
84,849999,45,840000,69,720000,40,9999,0.100000,0,0,0.000000,8,0.000000,0.000000,0.240963,0,0,0,0,0,0,0
84,849999,46,840000,84,650000,40,9999,0.100000,0,0,0.000000,8,0.000000,0.000000,0.244752,0,0,0,0,0,0,0
84,849999,47,840000,84,650000,40,9999,0.100000,0,0,0.000000,8,0.000000,0.000000,0.149602,0,0,0,0,0,0,0
84,849999,48,840000,4,10000,40,9999,0.100000,0,0,0.000000,8,0.000000,0.000000,0.303009,0,0,0,0,0,0,0
84,849999,49,840000,0,40000,40,9999,0.100000,0,0,0.000000,8,0.000000,0.000000,0.163638,0,0,0,0,0,0,0
84,849999,50,840000,20,0,40,9999,0.100000,0,0,0.000000,8,0.000000,0.000000,1.041384,0,0,0,0,0,0,0
84,849999,51,840000,4,10000,49,9999,0.100000,0,0,0.000000,8,1.000000,0.000000,2.470975,0,0,0,0,0,0,0
84,849999,52,840000,69,720000,40,9999,0.100000,0,0,0.000000,8,0.000000,0.000000,0.139148,0,0,0,0,0,0,0
84,849999,53,840000,0,40000,40,9999,0.100000,0,0,0.000000,8,0.000000,0.000000,0.095649,0,0,0,0,0,0,0
84,849999,54,840000,84,650000,40,9999,0.100000,0,0,0.000000,8,0.000000,0.000000,0.733296,0,0,0,0,0,0,0
84,849999,55,840000,84,650000,40,9999,0.100000,0,0,0.000000,8,0.000000,0.000000,0.153477,0,0,0,0,0,0,0
84,849999,56,840000,69,710000,40,9999,0.100000,0,0,0.000000,8,0.000000,0.000000,0.107273,0,0,0,0,0,0,0
84,849999,57,840000,4,10000,40,9999,0.100000,0,0,0.000000,8,0.000000,0.000000,0.893018,0,0,0,0,0,0,0
84,849999,58,840000,0,40000,40,9999,0.100000,0,0,0.000000,8,0.000000,0.000000,0.140170,0,0,0,0,0,0,0
84,849999,59,840000,69,710000,49,9999,0.100000,0,0,0.000000,8,1.000000,0.000000,5.576404,0,0,0,0,0,0,0
84,849999,60,840000,72,150000,40,9999,0.100000,0,0,0.000000,8,0.000000,0.000000,0.155319,0,0,0,0,0,0,0
84,849999,61,840000,84,650000,40,9999,0.100000,0,0,0.000000,8,0.000000,0.000000,1.105974,0,0,0,0,0,0,0
84,849999,62,840000,20,0,40,9999,0.100000,0,0,0.000000,8,0.000000,0.000000,0.009389,0,0,0,0,0,0,0
84,849999,63,840000,20,0,40,9999,0.100000,0,0,0.000000,8,0.000000,0.000000,0.080263,0,0,0,0,0,0,0
84,849999,64,840000,72,150000,40,9999,0.100000,0,0,0.000000,8,0.000000,0.000000,0.216513,0,0,0,0,0,0,0
84,849999,65,840000,69,710000,40,9999,0.135000,0,0,0.000000,8,0.000000,0.000000,0.211935,0,0,0,0,0,0,0
84,849999,66,840000,69,710000,40,9999,0.100000,0,0,0.000000,8,0.000000,0.000000,0.262487,0,0,0,0,0,0,0
84,849999,67,840000,69,720000,40,9999,0.100000,0,0,0.000000,8,0.000000,0.000000,1.251734,0,0,0,0,0,0,0
84,849999,68,840000,69,720000,40,9999,0.100000,0,0,0.000000,8,0.000000,0.000000,2.432416,0,0,0,0,0,0,0
84,849999,69,840000,0,60000,40,9999,0.100000,0,0,0.000000,8,0.000000,0.000000,0.538798,0,0,0,0,0,0,0
84,849999,70,840000,4,10000,40,9999,0.100000,0,0,0.000000,8,0.000000,0.000000,0.946384,0,0,0,0,0,0,0
84,849999,71,840000,84,650000,40,9999,0.100000,0,0,0.000000,8,0.000000,0.000000,0.146990,0,0,0,0,0,0,0
84,849999,72,840000,69,710000,40,9999,0.100000,0,0,0.000000,8,0.000000,0.000000,0.079629,0,0,0,0,0,0,0
84,849999,73,840000,20,0,40,9999,0.100000,0,0,0.000000,8,0.000000,0.000000,2.983672,0,0,0,0,0,0,0
84,849999,74,840000,0,40000,40,9999,0.100000,0,0,0.000000,8,0.000000,0.000000,0.067224,0,0,0,0,0,0,0
84,849999,75,840000,69,710000,40,9999,0.100000,0,0,0.000000,8,0.000000,0.000000,0.110416,0,0,0,0,0,0,0
84,849999,76,840000,84,650000,40,9999,0.100000,0,0,0.000000,8,0.000000,0.000000,0.234545,0,0,0,0,0,0,0
84,849999,77,840000,72,150000,40,9999,0.100000,0,0,0.000000,8,0.000000,0.000000,0.528469,0,0,0,0,0,0,0
84,849999,78,840000,72,150000,40,9999,0.100000,0,0,0.000000,8,0.000000,0.000000,0.140339,0,0,0,0,0,0,0
84,849999,79,840000,4,10000,40,9999,0.100000,0,0,0.000000,8,0.000000,0.000000,0.983441,0,0,0,0,0,0,0
84,849999,80,840000,69,710000,40,9999,0.100000,0,0,0.000000,8,0.000000,0.000000,0.077570,0,0,0,0,0,0,0
84,849999,81,840000,0,60000,40,9999,0.100000,0,0,0.000000,8,0.000000,0.000000,0.467004,0,0,0,0,0,0,0
84,849999,82,840000,69,710000,40,9999,0.100000,0,0,0.000000,8,0.000000,0.000000,0.611863,0,0,0,0,0,0,0
84,849999,83,840000,4,10000,40,9999,0.100000,0,0,0.000000,8,0.000000,0.000000,0.076985,0,0,0,0,0,0,0
84,849999,84,840000,0,40000,40,9999,0.100000,0,0,0.000000,8,0.000000,0.000000,0.249887,0,0,0,0,0,0,0
84,849999,85,840000,69,710000,40,9999,0.100000,0,0,0.000000,8,0.000000,0.000000,7.581440,0,0,0,0,0,0,0
84,849999,86,840000,0,40000,40,9999,0.100000,0,0,0.000000,8,0.000000,0.000000,0.104893,0,0,0,0,0,0,0
84,849999,87,840000,72,150000,49,9999,0.100000,0,0,0.000000,8,8.000000,0.000000,18.283638,0,0,0,0,0,0,0
84,849999,88,840000,72,150000,40,9999,0.100000,0,0,0.000000,8,0.000000,0.000000,1.030019,0,0,0,0,0,0,0
84,849999,89,840000,0,40000,49,9999,0.100000,0,0,0.000000,8,3.000000,0.000000,7.708427,0,0,0,0,0,0,0
84,849999,90,840000,20,0,49,9999,0.065000,0,0,0.000000,8,4.000000,0.000000,6.202137,0,0,0,0,0,0,0
84,849999,91,840000,4,10000,40,9999,0.100000,0,0,0.000000,8,0.000000,0.000000,0.681774,0,0,0,0,0,0,0
84,849999,92,840000,84,650000,40,9999,0.100000,0,0,0.000000,8,0.000000,0.000000,0.083538,0,0,0,0,0,0,0
84,849999,93,840000,72,150000,40,9999,0.100000,0,0,0.000000,8,0.000000,0.000000,0.090456,0,0,0,0,0,0,0
84,849999,94,840000,0,40000,40,9999,0.100000,0,0,0.000000,8,0.000000,0.000000,0.182904,0,0,0,0,0,0,0
84,849999,95,840000,0,40000,40,9999,0.100000,0,0,0.000000,8,0.000000,0.000000,0.386343,0,0,0,0,0,0,0
84,849999,96,840000,69,720000,40,9999,0.100000,0,0,0.000000,8,0.000000,0.000000,0.263243,0,0,0,0,0,0,0
84,849999,97,840000,0,40000,40,9999,0.100000,0,0,0.000000,8,0.000000,0.000000,0.224650,0,0,0,0,0,0,0
84,849999,98,840000,0,60000,40,9999,0.100000,0,0,0.000000,8,0.000000,0.000000,0.059873,0,0,0,0,0,0,0
84,849999,99,840000,0,60000,40,9999,0.100000,0,0,0.000000,8,0.000000,0.000000,0.218112,0,0,0,0,0,0,0
85,859999,0,850000,20,0,9,9999,0.100000,0,0,0.000000,8,1.000000,0.000000,12.513933,0,0,0,0,0,0,1
85,859999,1,850000,69,720000,40,9999,0.100000,0,0,0.000000,8,0.000000,0.000000,0.113938,0,0,0,0,0,0,0
85,859999,2,850000,0,60000,40,9999,0.100000,0,0,0.000000,8,0.000000,0.000000,0.242462,0,0,0,0,0,0,0
85,859999,3,850000,0,60000,40,9999,0.100000,0,0,0.000000,8,0.000000,0.000000,0.992976,0,0,0,0,0,0,0
85,859999,4,850000,4,10000,40,9999,0.100000,0,0,0.000000,8,0.000000,0.000000,0.284803,0,0,0,0,0,0,0
85,859999,5,850000,69,710000,40,9999,0.100000,0,0,0.000000,8,0.000000,0.000000,0.499106,0,0,0,0,0,0,0
85,859999,6,850000,69,720000,40,9999,0.100000,0,0,0.000000,8,0.000000,0.000000,0.137616,0,0,0,0,0,0,0
85,859999,7,850000,0,60000,40,9999,0.100000,0,0,0.000000,8,0.000000,0.000000,0.372055,0,0,0,0,0,0,0
85,859999,8,850000,4,10000,40,9999,0.100000,0,0,0.000000,8,0.000000,0.000000,0.772621,0,0,0,0,0,0,0
85,859999,9,850000,0,40000,40,9999,0.100000,0,0,0.000000,8,0.000000,0.000000,0.086624,0,0,0,0,0,0,0
85,859999,10,850000,69,720000,49,9999,0.100000,0,0,0.000000,8,1.000000,0.000000,5.413278,0,0,0,0,0,0,0
85,859999,11,850000,69,710000,40,9999,0.100000,0,0,0.000000,8,0.000000,0.000000,0.139774,0,0,0,0,0,0,0
85,859999,12,850000,84,650000,49,9999,0.100000,0,0,0.000000,8,1.000000,0.000000,1.582134,0,0,0,0,0,0,0
85,859999,13,850000,69,710000,40,9999,0.100000,0,0,0.000000,8,0.000000,0.000000,0.133608,0,0,0,0,0,0,0
85,859999,14,850000,4,10000,40,9999,0.100000,0,0,0.000000,8,0.000000,0.000000,0.108184,0,0,0,0,0,0,0
85,859999,15,850000,72,150000,40,9999,0.100000,0,0,0.000000,8,0.000000,0.000000,0.238849,0,0,0,0,0,0,0
85,859999,16,850000,20,0,40,9999,0.100000,0,0,0.000000,8,0.000000,0.000000,0.261757,0,0,0,0,0,0,0
85,859999,17,850000,69,720000,40,9999,0.100000,0,0,0.000000,8,0.000000,0.000000,0.112219,0,0,0,0,0,0,0
85,859999,18,850000,0,40000,40,9999,0.100000,0,0,0.000000,8,0.000000,0.000000,0.228819,0,0,0,0,0,0,0
85,859999,19,850000,0,40000,40,9999,0.100000,0,0,0.000000,8,0.000000,0.000000,0.636828,0,0,0,0,0,0,0
85,859999,20,850000,69,720000,40,9999,0.100000,0,0,0.000000,8,0.000000,0.000000,0.379520,0,0,0,0,0,0,0
85,859999,21,850000,20,0,49,9999,0.100000,0,0,0.000000,8,2.000000,0.000000,8.858317,0,0,0,0,0,0,0
85,859999,22,850000,0,40000,40,9999,0.100000,0,0,0.000000,8,0.000000,0.000000,19.840159,0,0,0,0,0,0,0
85,859999,23,850000,0,60000,40,9999,0.100000,0,0,0.000000,8,0.000000,0.000000,0.212836,0,0,0,0,0,0,0
85,859999,24,850000,84,650000,40,9999,0.100000,0,0,0.000000,8,0.000000,0.000000,0.573767,0,0,0,0,0,0,0
85,859999,25,850000,20,0,40,9999,0.100000,0,0,0.000000,8,0.000000,0.000000,0.338572,0,0,0,0,0,0,0
85,859999,26,850000,0,40000,40,9999,0.100000,0,0,0.000000,8,0.000000,0.000000,0.075386,0,0,0,0,0,0,0
85,859999,27,850000,20,0,40,9999,0.100000,0,0,0.000000,8,0.000000,0.000000,0.356384,0,0,0,0,0,0,0
85,859999,28,850000,20,0,40,9999,0.100000,0,0,0.000000,8,0.000000,0.000000,0.071526,0,0,0,0,0,0,0
85,859999,29,850000,69,710000,49,9999,0.100000,0,0,0.000000,8,4.000000,0.000000,9.347120,0,0,0,0,0,0,0
85,859999,30,850000,84,650000,40,9999,0.100000,0,0,0.000000,8,0.000000,0.000000,0.120036,0,0,0,0,0,0,0
85,859999,31,850000,72,150000,49,9999,0.100000,0,0,0.000000,8,1.000000,0.000000,22.671499,0,0,0,0,0,0,0
85,859999,32,850000,0,60000,40,9999,0.100000,0,0,0.000000,8,0.000000,0.000000,0.230535,0,0,0,0,0,0,0
85,859999,33,850000,0,60000,40,9999,0.100000,0,0,0.000000,8,0.000000,0.000000,0.106521,0,0,0,0,0,0,0
85,859999,34,850000,0,40000,40,9999,0.100000,0,0,0.000000,8,0.000000,0.000000,0.078371,0,0,0,0,0,0,0
85,859999,35,850000,0,60000,40,9999,0.100000,0,0,0.000000,8,0.000000,0.000000,0.175710,0,0,0,0,0,0,0
85,859999,36,850000,4,10000,40,9999,0.100000,0,0,0.000000,8,0.000000,0.000000,0.541967,0,0,0,0,0,0,0
85,859999,37,850000,4,10000,40,9999,0.100000,0,0,0.000000,8,0.000000,0.000000,0.345873,0,0,0,0,0,0,0
85,859999,38,850000,69,720000,40,9999,0.100000,0,0,0.000000,8,0.000000,0.000000,0.332308,0,0,0,0,0,0,0
85,859999,39,850000,69,710000,40,9999,0.100000,0,0,0.000000,8,0.000000,0.000000,1.605732,0,0,0,0,0,0,0
85,859999,40,850000,69,720000,40,9999,0.100000,0,0,0.000000,8,0.000000,0.000000,0.118733,0,0,0,0,0,0,0
85,859999,41,850000,72,150000,40,9999,0.100000,0,0,0.000000,8,0.000000,0.000000,0.576173,0,0,0,0,0,0,0
85,859999,42,850000,20,0,40,9999,0.100000,0,0,0.000000,8,0.000000,0.000000,0.168786,0,0,0,0,0,0,0
85,859999,43,850000,0,40000,49,9999,0.100000,0,0,0.000000,8,1.000000,0.000000,1.607678,0,0,0,0,0,0,0
85,859999,44,850000,72,150000,40,9999,0.100000,0,0,0.000000,8,0.000000,0.000000,0.236917,0,0,0,0,0,0,0
85,859999,45,850000,20,0,40,9999,0.100000,0,0,0.000000,8,0.000000,0.000000,0.236820,0,0,0,0,0,0,0
85,859999,46,850000,0,60000,40,9999,0.100000,0,0,0.000000,8,0.000000,0.000000,0.239770,0,0,0,0,0,0,0
85,859999,47,850000,69,720000,40,9999,0.100000,0,0,0.000000,8,0.000000,0.000000,0.148763,0,0,0,0,0,0,0
85,859999,48,850000,72,150000,40,9999,0.100000,0,0,0.000000,8,0.000000,0.000000,0.294391,0,0,0,0,0,0,0
85,859999,49,850000,0,60000,40,9999,0.100000,0,0,0.000000,8,0.000000,0.000000,0.162706,0,0,0,0,0,0,0
85,859999,50,850000,0,40000,40,9999,0.100000,0,0,0.000000,8,0.000000,0.000000,0.246829,0,0,0,0,0,0,0
85,859999,51,850000,84,650000,49,9999,0.100000,0,0,0.000000,8,1.000000,0.000000,1.397723,0,0,0,0,0,0,0
85,859999,52,850000,20,0,40,9999,0.100000,0,0,0.000000,8,0.000000,0.000000,0.138696,0,0,0,0,0,0,0
85,859999,53,850000,20,0,40,9999,0.100000,0,0,0.000000,8,0.000000,0.000000,0.096592,0,0,0,0,0,0,0
85,859999,54,850000,20,0,40,9999,0.100000,0,0,0.000000,8,0.000000,0.000000,1.939493,0,0,0,0,0,0,0
85,859999,55,850000,69,720000,40,9999,0.100000,0,0,0.000000,8,0.000000,0.000000,0.152819,0,0,0,0,0,0,0
85,859999,56,850000,0,60000,40,9999,0.100000,0,0,0.000000,8,0.000000,0.000000,0.106072,0,0,0,0,0,0,0
85,859999,57,850000,69,720000,40,9999,0.100000,0,0,0.000000,8,0.000000,0.000000,2.270183,0,0,0,0,0,0,0
85,859999,58,850000,0,60000,40,9999,0.100000,0,0,0.000000,8,0.000000,0.000000,0.144294,0,0,0,0,0,0,0
85,859999,59,850000,0,60000,49,9999,0.100000,0,0,0.000000,8,1.000000,0.000000,1.904069,0,0,0,0,0,0,0
85,859999,60,850000,69,720000,40,9999,0.100000,0,0,0.000000,8,0.000000,0.000000,0.155171,0,0,0,0,0,0,0
85,859999,61,850000,0,40000,40,9999,0.100000,0,0,0.000000,8,0.000000,0.000000,0.869771,0,0,0,0,0,0,0
85,859999,62,850000,84,650000,40,9999,0.100000,0,0,0.000000,8,0.000000,0.000000,0.009459,0,0,0,0,0,0,0
85,859999,63,850000,20,0,40,9999,0.100000,0,0,0.000000,8,0.000000,0.000000,0.079052,0,0,0,0,0,0,0
85,859999,64,850000,69,720000,40,9999,0.100000,0,0,0.000000,8,0.000000,0.000000,0.250184,0,0,0,0,0,0,0
85,859999,65,850000,84,650000,40,9999,0.100000,0,0,0.000000,8,0.000000,0.000000,0.216532,0,0,0,0,0,0,0
85,859999,66,850000,69,710000,40,9999,0.100000,0,0,0.000000,8,0.000000,0.000000,0.295908,0,0,0,0,0,0,0
85,859999,67,850000,0,60000,49,9999,0.100000,0,0,0.000000,8,10.000000,0.000000,21.524785,0,0,0,0,0,0,0
85,859999,68,850000,20,0,40,9999,0.100000,0,0,0.000000,8,0.000000,0.000000,0.429897,0,0,0,0,0,0,0
85,859999,69,850000,72,150000,49,9999,0.100000,0,0,0.000000,8,3.000000,0.000000,9.918782,0,0,0,0,0,0,0
85,859999,70,850000,84,650000,40,9999,0.100000,0,0,0.000000,8,0.000000,0.000000,0.292893,0,0,0,0,0,0,0
85,859999,71,850000,72,150000,40,9999,0.100000,0,0,0.000000,8,0.000000,0.000000,0.139680,0,0,0,0,0,0,0
85,859999,72,850000,20,0,40,9999,0.100000,0,0,0.000000,8,0.000000,0.000000,0.076802,0,0,0,0,0,0,0
85,859999,73,850000,84,650000,40,9999,0.100000,0,0,0.000000,8,0.000000,0.000000,1.702436,0,0,0,0,0,0,0
85,859999,74,850000,0,60000,40,9999,0.100000,0,0,0.000000,8,0.000000,0.000000,0.246891,0,0,0,0,0,0,0
85,859999,75,850000,0,40000,40,9999,0.100000,0,0,0.000000,8,0.000000,0.000000,0.080676,0,0,0,0,0,0,0
85,859999,76,850000,69,710000,40,9999,0.100000,0,0,0.000000,8,0.000000,0.000000,0.228298,0,0,0,0,0,0,0
85,859999,77,850000,0,40000,40,9999,0.135000,0,0,0.000000,8,0.000000,0.000000,0.212417,0,0,0,0,0,0,0
85,859999,78,850000,84,650000,40,9999,0.100000,0,0,0.000000,8,0.000000,0.000000,0.138066,0,0,0,0,0,0,0
85,859999,79,850000,72,150000,40,9999,0.100000,0,0,0.000000,8,0.000000,0.000000,1.574678,0,0,0,0,0,0,0
85,859999,80,850000,72,150000,40,9999,0.100000,0,0,0.000000,8,0.000000,0.000000,0.074239,0,0,0,0,0,0,0
85,859999,81,850000,0,60000,40,9999,0.100000,0,0,0.000000,8,0.000000,0.000000,0.504860,0,0,0,0,0,0,0
85,859999,82,850000,69,720000,40,9999,0.100000,0,0,0.000000,8,0.000000,0.000000,0.091335,0,0,0,0,0,0,0
85,859999,83,850000,69,720000,40,9999,0.100000,0,0,0.000000,8,0.000000,0.000000,1.760344,0,0,0,0,0,0,0
85,859999,84,850000,69,710000,40,9999,0.100000,0,0,0.000000,8,0.000000,0.000000,0.194043,0,0,0,0,0,0,0
85,859999,85,850000,69,710000,40,9999,0.100000,0,0,0.000000,8,0.000000,0.000000,18.521113,0,0,0,0,0,0,0
85,859999,86,850000,72,150000,40,9999,0.100000,0,0,0.000000,8,0.000000,0.000000,0.129138,0,0,0,0,0,0,0
85,859999,87,850000,0,40000,49,9999,0.100000,0,0,0.000000,8,4.000000,0.000000,12.891325,0,0,0,0,0,0,0
85,859999,88,850000,0,40000,40,9999,0.100000,0,0,0.000000,8,0.000000,0.000000,0.692686,0,0,0,0,0,0,0
85,859999,89,850000,84,650000,49,9999,0.100000,0,0,0.000000,8,3.000000,0.000000,7.708152,0,0,0,0,0,0,0
85,859999,90,850000,69,710000,49,9999,0.100000,0,0,0.000000,8,1.000000,0.000000,1.385436,0,0,0,0,0,0,0
85,859999,91,850000,4,10000,40,9999,0.100000,0,0,0.000000,8,0.000000,0.000000,0.653558,0,0,0,0,0,0,0
85,859999,92,850000,0,40000,40,9999,0.100000,0,0,0.000000,8,0.000000,0.000000,0.081693,0,0,0,0,0,0,0
85,859999,93,850000,4,10000,49,9999,0.100000,0,0,0.000000,8,5.000000,0.000000,11.997165,0,0,0,0,0,0,0
85,859999,94,850000,72,150000,40,9999,0.100000,0,0,0.000000,8,0.000000,0.000000,0.169677,0,0,0,0,0,0,0
85,859999,95,850000,69,710000,40,9999,0.100000,0,0,0.000000,8,0.000000,0.000000,0.380279,0,0,0,0,0,0,0
85,859999,96,850000,20,0,40,9999,0.100000,0,0,0.000000,8,0.000000,0.000000,0.258665,0,0,0,0,0,0,0
85,859999,97,850000,20,0,40,9999,0.100000,0,0,0.000000,8,0.000000,0.000000,0.233871,0,0,0,0,0,0,0
85,859999,98,850000,0,40000,49,9999,0.100000,0,0,0.000000,8,2.000000,0.000000,9.425904,0,0,0,0,0,0,0
85,859999,99,850000,0,60000,40,9999,0.100000,0,0,0.000000,8,0.000000,0.000000,0.236645,0,0,0,0,0,0,0
86,869999,0,860000,20,0,49,9999,0.100000,0,0,0.000000,8,1.000000,0.000000,3.731209,0,0,0,0,0,0,0
86,869999,1,860000,69,720000,40,9999,0.100000,0,0,0.000000,8,0.000000,0.000000,0.113649,0,0,0,0,0,0,0
86,869999,2,860000,0,40000,40,9999,0.100000,0,0,0.000000,8,0.000000,0.000000,0.233679,0,0,0,0,0,0,0
86,869999,3,860000,69,710000,40,9999,0.100000,0,0,0.000000,8,0.000000,0.000000,0.991679,0,0,0,0,0,0,0
86,869999,4,860000,0,40000,40,9999,0.100000,0,0,0.000000,8,0.000000,0.000000,0.303816,0,0,0,0,0,0,0
86,869999,5,860000,69,720000,49,9999,0.100000,0,0,0.000000,8,3.000000,0.000000,21.764689,0,0,0,0,0,0,0
86,869999,6,860000,69,710000,40,9999,0.100000,0,0,0.000000,8,0.000000,0.000000,0.142207,0,0,0,0,0,0,0
86,869999,7,860000,0,60000,40,9999,0.100000,0,0,0.000000,8,0.000000,0.000000,1.367772,0,0,0,0,0,0,0
86,869999,8,860000,69,720000,40,9999,0.100000,0,0,0.000000,8,0.000000,0.000000,1.624521,0,0,0,0,0,0,0
86,869999,9,860000,69,720000,40,9999,0.100000,0,0,0.000000,8,0.000000,0.000000,0.084543,0,0,0,0,0,0,0
86,869999,10,860000,84,650000,49,9999,0.100000,0,0,0.000000,8,1.000000,0.000000,5.516255,0,0,0,0,0,0,0
86,869999,11,860000,84,650000,40,9999,0.100000,0,0,0.000000,8,0.000000,0.000000,0.149572,0,0,0,0,0,0,0
86,869999,12,860000,69,710000,40,9999,0.100000,0,0,0.000000,8,0.000000,0.000000,1.562892,0,0,0,0,0,0,0
86,869999,13,860000,0,40000,40,9999,0.100000,0,0,0.000000,8,0.000000,0.000000,0.136976,0,0,0,0,0,0,0
86,869999,14,860000,4,10000,40,9999,0.100000,0,0,0.000000,8,0.000000,0.000000,0.121502,0,0,0,0,0,0,0
86,869999,15,860000,0,60000,40,9999,0.100000,0,0,0.000000,8,0.000000,0.000000,0.240873,0,0,0,0,0,0,0
86,869999,16,860000,69,720000,40,9999,0.100000,0,0,0.000000,8,0.000000,0.000000,0.203937,0,0,0,0,0,0,0
86,869999,17,860000,69,710000,40,9999,0.100000,0,0,0.000000,8,0.000000,0.000000,0.542013,0,0,0,0,0,0,0
86,869999,18,860000,84,650000,40,9999,0.100000,0,0,0.000000,8,0.000000,0.000000,0.238445,0,0,0,0,0,0,0
86,869999,19,860000,69,720000,40,9999,0.100000,0,0,0.000000,8,0.000000,0.000000,0.434883,0,0,0,0,0,0,0
86,869999,20,860000,69,720000,40,9999,0.100000,0,0,0.000000,8,0.000000,0.000000,0.379303,0,0,0,0,0,0,0
86,869999,21,860000,0,40000,40,9999,0.100000,0,0,0.000000,8,0.000000,0.000000,2.610762,0,0,0,0,0,0,0
86,869999,22,860000,84,650000,40,9999,0.100000,0,0,0.000000,8,0.000000,0.000000,20.052271,0,0,0,0,0,0,0
86,869999,23,860000,72,150000,40,9999,0.100000,0,0,0.000000,8,0.000000,0.000000,0.227772,0,0,0,0,0,0,0
86,869999,24,860000,0,60000,40,9999,0.100000,0,0,0.000000,8,0.000000,0.000000,0.247452,0,0,0,0,0,0,0
86,869999,25,860000,0,60000,40,9999,0.100000,0,0,0.000000,8,0.000000,0.000000,0.331456,0,0,0,0,0,0,0
86,869999,26,860000,84,650000,40,9999,0.100000,0,0,0.000000,8,0.000000,0.000000,0.074303,0,0,0,0,0,0,0
86,869999,27,860000,69,720000,40,9999,0.100000,0,0,0.000000,8,0.000000,0.000000,0.684843,0,0,0,0,0,0,0
86,869999,28,860000,4,10000,40,9999,0.100000,0,0,0.000000,8,0.000000,0.000000,0.073759,0,0,0,0,0,0,0
86,869999,29,860000,84,650000,40,9999,0.100000,0,0,0.000000,8,0.000000,0.000000,1.383846,0,0,0,0,0,0,0
86,869999,30,860000,4,10000,40,9999,0.100000,0,0,0.000000,8,0.000000,0.000000,0.121088,0,0,0,0,0,0,0
86,869999,31,860000,4,10000,49,9999,0.100000,0,0,0.000000,8,1.000000,0.000000,18.996326,0,0,0,0,0,0,0
86,869999,32,860000,69,720000,40,9999,0.100000,0,0,0.000000,8,0.000000,0.000000,0.251355,0,0,0,0,0,0,0
86,869999,33,860000,69,710000,40,9999,0.100000,0,0,0.000000,8,0.000000,0.000000,0.108188,0,0,0,0,0,0,0
86,869999,34,860000,84,650000,40,9999,0.100000,0,0,0.000000,8,0.000000,0.000000,0.335365,0,0,0,0,0,0,0
86,869999,35,860000,69,720000,40,9999,0.100000,0,0,0.000000,8,0.000000,0.000000,0.178096,0,0,0,0,0,0,0
86,869999,36,860000,20,0,40,9999,0.100000,0,0,0.000000,8,0.000000,0.000000,1.172999,0,0,0,0,0,0,0
86,869999,37,860000,0,40000,40,9999,0.100000,0,0,0.000000,8,0.000000,0.000000,0.299698,0,0,0,0,0,0,0
86,869999,38,860000,69,720000,40,9999,0.100000,0,0,0.000000,8,0.000000,0.000000,0.373254,0,0,0,0,0,0,0
86,869999,39,860000,0,60000,40,9999,0.100000,0,0,0.000000,8,0.000000,0.000000,1.638781,0,0,0,0,0,0,0
86,869999,40,860000,20,0,40,9999,0.100000,0,0,0.000000,8,0.000000,0.000000,0.119050,0,0,0,0,0,0,0
86,869999,41,860000,0,60000,40,9999,0.100000,0,0,0.000000,8,0.000000,0.000000,0.622878,0,0,0,0,0,0,0
86,869999,42,860000,20,0,40,9999,0.100000,0,0,0.000000,8,0.000000,0.000000,0.165424,0,0,0,0,0,0,0
86,869999,43,860000,20,0,49,9999,0.100000,0,0,0.000000,8,4.000000,0.000000,8.867612,0,0,0,0,0,0,0
86,869999,44,860000,0,60000,49,9999,0.100000,0,0,0.000000,8,3.000000,0.000000,6.328555,0,0,0,0,0,0,0
86,869999,45,860000,69,720000,40,9999,0.100000,0,0,0.000000,8,0.000000,0.000000,0.241019,0,0,0,0,0,0,0
86,869999,46,860000,4,10000,40,9999,0.100000,0,0,0.000000,8,0.000000,0.000000,0.243167,0,0,0,0,0,0,0
86,869999,47,860000,20,0,40,9999,0.100000,0,0,0.000000,8,0.000000,0.000000,0.153764,0,0,0,0,0,0,0
86,869999,48,860000,84,650000,40,9999,0.100000,0,0,0.000000,8,0.000000,0.000000,0.257399,0,0,0,0,0,0,0
86,869999,49,860000,69,710000,40,9999,0.100000,0,0,0.000000,8,0.000000,0.000000,0.164987,0,0,0,0,0,0,0
86,869999,50,860000,4,10000,49,9999,0.100000,0,0,0.000000,8,1.000000,0.000000,3.010134,0,0,0,0,0,0,0
86,869999,51,860000,0,60000,40,9999,0.100000,0,0,0.000000,8,0.000000,0.000000,0.898589,0,0,0,0,0,0,0
86,869999,52,860000,4,10000,40,9999,0.100000,0,0,0.000000,8,0.000000,0.000000,0.142203,0,0,0,0,0,0,0
86,869999,53,860000,72,150000,40,9999,0.100000,0,0,0.000000,8,0.000000,0.000000,0.091027,0,0,0,0,0,0,0
86,869999,54,860000,20,0,40,9999,0.100000,0,0,0.000000,8,0.000000,0.000000,1.027027,0,0,0,0,0,0,0
86,869999,55,860000,0,60000,40,9999,0.100000,0,0,0.000000,8,0.000000,0.000000,0.152345,0,0,0,0,0,0,0
86,869999,56,860000,4,10000,40,9999,0.100000,0,0,0.000000,8,0.000000,0.000000,0.105663,0,0,0,0,0,0,0
86,869999,57,860000,4,10000,40,9999,0.100000,0,0,0.000000,8,0.000000,0.000000,1.474860,0,0,0,0,0,0,0
86,869999,58,860000,72,150000,40,9999,0.100000,0,0,0.000000,8,0.000000,0.000000,0.150420,0,0,0,0,0,0,0
86,869999,59,860000,0,60000,49,9999,0.100000,0,0,0.000000,8,1.000000,0.000000,2.682749,0,0,0,0,0,0,0
86,869999,60,860000,20,0,40,9999,0.100000,0,0,0.000000,8,0.000000,0.000000,0.157446,0,0,0,0,0,0,0
86,869999,61,860000,4,10000,40,9999,0.100000,0,0,0.000000,8,0.000000,0.000000,1.513509,0,0,0,0,0,0,0
86,869999,62,860000,0,40000,40,9999,0.100000,0,0,0.000000,8,0.000000,0.000000,0.009474,0,0,0,0,0,0,0
86,869999,63,860000,0,60000,40,9999,0.100000,0,0,0.000000,8,0.000000,0.000000,0.079403,0,0,0,0,0,0,0
86,869999,64,860000,4,10000,40,9999,0.100000,0,0,0.000000,8,0.000000,0.000000,0.259493,0,0,0,0,0,0,0
86,869999,65,860000,20,0,40,9999,0.100000,0,0,0.000000,8,0.000000,0.000000,0.210208,0,0,0,0,0,0,0
86,869999,66,860000,0,60000,40,9999,0.100000,0,0,0.000000,8,0.000000,0.000000,0.303024,0,0,0,0,0,0,0
86,869999,67,860000,69,720000,40,9999,0.100000,0,0,0.000000,8,0.000000,0.000000,1.519478,0,0,0,0,0,0,0
86,869999,68,860000,69,720000,40,9999,0.100000,0,0,0.000000,8,0.000000,0.000000,0.795149,0,0,0,0,0,0,0
86,869999,69,860000,4,10000,49,9999,0.100000,0,0,0.000000,8,7.000000,0.000000,30.325431,0,0,0,0,0,0,0
86,869999,70,860000,4,10000,40,9999,0.100000,0,0,0.000000,8,0.000000,0.000000,1.053184,0,0,0,0,0,0,0
86,869999,71,860000,20,0,40,9999,0.100000,0,0,0.000000,8,0.000000,0.000000,0.147258,0,0,0,0,0,0,0
86,869999,72,860000,84,650000,40,9999,0.100000,0,0,0.000000,8,0.000000,0.000000,0.082169,0,0,0,0,0,0,0
86,869999,73,860000,4,10000,49,9999,0.100000,0,0,0.000000,8,9.000000,0.000000,20.116653,0,0,0,0,0,0,0
86,869999,74,860000,4,10000,40,9999,0.100000,0,0,0.000000,8,0.000000,0.000000,0.333182,0,0,0,0,0,0,0
86,869999,75,860000,69,720000,40,9999,0.100000,0,0,0.000000,8,0.000000,0.000000,0.080512,0,0,0,0,0,0,0
86,869999,76,860000,20,0,40,9999,0.100000,0,0,0.000000,8,0.000000,0.000000,0.238010,0,0,0,0,0,0,0
86,869999,77,860000,69,710000,49,9999,0.100000,0,0,0.000000,8,7.000000,0.000000,14.759682,0,0,0,0,0,0,0
86,869999,78,860000,20,0,40,9999,0.100000,0,0,0.000000,8,0.000000,0.000000,0.140436,0,0,0,0,0,0,0
86,869999,79,860000,20,0,40,9999,0.100000,0,0,0.000000,8,0.000000,0.000000,1.694286,0,0,0,0,0,0,0
86,869999,80,860000,0,60000,40,9999,0.100000,0,0,0.000000,8,0.000000,0.000000,0.071348,0,0,0,0,0,0,0
86,869999,81,860000,69,710000,40,9999,0.100000,0,0,0.000000,8,0.000000,0.000000,1.304390,0,0,0,0,0,0,0
86,869999,82,860000,0,40000,40,9999,0.100000,0,0,0.000000,8,0.000000,0.000000,0.409794,0,0,0,0,0,0,0
86,869999,83,860000,20,0,40,9999,0.100000,0,0,0.000000,8,0.000000,0.000000,0.060215,0,0,0,0,0,0,0
86,869999,84,860000,0,60000,40,9999,0.100000,0,0,0.000000,8,0.000000,0.000000,0.186431,0,0,0,0,0,0,0
86,869999,85,860000,4,10000,40,9999,0.100000,0,0,0.000000,8,0.000000,0.000000,19.386998,0,0,0,0,0,0,0
86,869999,86,860000,20,0,40,9999,0.100000,0,0,0.000000,8,0.000000,0.000000,0.118797,0,0,0,0,0,0,0
86,869999,87,860000,0,40000,49,9999,0.100000,0,0,0.000000,8,4.000000,0.000000,14.511021,0,0,0,0,0,0,0
86,869999,88,860000,84,650000,40,9999,0.100000,0,0,0.000000,8,0.000000,0.000000,1.284762,0,0,0,0,0,0,0
86,869999,89,860000,84,650000,49,9999,0.100000,0,0,0.000000,8,3.000000,0.000000,7.707216,0,0,0,0,0,0,0
86,869999,90,860000,0,60000,49,9999,0.100000,0,0,0.000000,8,2.000000,0.000000,3.423078,0,0,0,0,0,0,0
86,869999,91,860000,20,0,40,9999,0.100000,0,0,0.000000,8,0.000000,0.000000,0.669054,0,0,0,0,0,0,0
86,869999,92,860000,84,650000,40,9999,0.100000,0,0,0.000000,8,0.000000,0.000000,0.081289,0,0,0,0,0,0,0
86,869999,93,860000,0,60000,40,9999,0.100000,0,0,0.000000,8,0.000000,0.000000,0.091412,0,0,0,0,0,0,0
86,869999,94,860000,4,10000,40,9999,0.100000,0,0,0.000000,8,0.000000,0.000000,0.173078,0,0,0,0,0,0,0
86,869999,95,860000,69,710000,40,9999,0.100000,0,0,0.000000,8,0.000000,0.000000,0.360375,0,0,0,0,0,0,0
86,869999,96,860000,72,150000,40,9999,0.100000,0,0,0.000000,8,0.000000,0.000000,1.036071,0,0,0,0,0,0,0
86,869999,97,860000,0,40000,40,9999,0.100000,0,0,0.000000,8,0.000000,0.000000,0.232296,0,0,0,0,0,0,0
86,869999,98,860000,20,0,40,9999,0.100000,0,0,0.000000,8,0.000000,0.000000,0.060801,0,0,0,0,0,0,0
86,869999,99,860000,0,60000,40,9999,0.100000,0,0,0.000000,8,0.000000,0.000000,0.233646,0,0,0,0,0,0,0
87,879999,0,870000,4,10000,40,9999,0.100000,0,0,0.000000,8,0.000000,0.000000,2.311729,0,0,0,0,0,0,0
87,879999,1,870000,0,40000,40,9999,0.100000,0,0,0.000000,8,0.000000,0.000000,0.111338,0,0,0,0,0,0,0
87,879999,2,870000,0,60000,49,9999,0.100000,0,0,0.000000,8,2.000000,0.000000,2.109608,0,0,0,0,0,0,0
87,879999,3,870000,0,60000,40,9999,0.100000,0,0,0.000000,8,0.000000,0.000000,1.009384,0,0,0,0,0,0,0
87,879999,4,870000,69,720000,40,9999,0.100000,0,0,0.000000,8,0.000000,0.000000,0.328625,0,0,0,0,0,0,0
87,879999,5,860000,69,720000,40,19999,0.100000,0,0,0.000000,8,0.000000,0.000000,24.543569,0,0,0,0,0,0,0
87,879999,6,870000,69,710000,40,9999,0.100000,0,0,0.000000,8,0.000000,0.000000,0.148927,0,0,0,0,0,0,0
87,879999,7,870000,20,0,40,9999,0.100000,0,0,0.000000,8,0.000000,0.000000,0.052207,0,0,0,0,0,0,0
87,879999,8,870000,0,60000,40,9999,0.100000,0,0,0.000000,8,0.000000,0.000000,1.180793,0,0,0,0,0,0,0
87,879999,9,870000,72,150000,40,9999,0.100000,0,0,0.000000,8,0.000000,0.000000,0.083476,0,0,0,0,0,0,0
87,879999,10,870000,69,720000,49,9999,0.100000,0,0,0.000000,8,1.000000,0.000000,4.662878,0,0,0,0,0,0,0
87,879999,11,870000,72,150000,40,9999,0.100000,0,0,0.000000,8,0.000000,0.000000,0.143979,0,0,0,0,0,0,0
87,879999,12,870000,72,150000,49,9999,0.100000,0,0,0.000000,8,1.000000,0.000000,2.202061,0,0,0,0,0,0,0
87,879999,13,870000,20,0,40,9999,0.100000,0,0,0.000000,8,0.000000,0.000000,0.128950,0,0,0,0,0,0,0
87,879999,14,870000,69,720000,40,9999,0.100000,0,0,0.000000,8,0.000000,0.000000,0.111112,0,0,0,0,0,0,0
87,879999,15,870000,0,40000,40,9999,0.100000,0,0,0.000000,8,0.000000,0.000000,0.232688,0,0,0,0,0,0,0
87,879999,16,870000,4,10000,49,9999,0.100000,0,0,0.000000,8,1.000000,0.000000,2.104752,0,0,0,0,0,0,0
87,879999,17,870000,72,150000,40,9999,0.100000,0,0,0.000000,8,0.000000,0.000000,0.379102,0,0,0,0,0,0,0
87,879999,18,870000,69,710000,40,9999,0.100000,0,0,0.000000,8,0.000000,0.000000,0.240566,0,0,0,0,0,0,0
87,879999,19,870000,84,650000,49,9999,0.100000,0,0,0.000000,8,6.000000,0.000000,14.229414,0,0,0,0,0,0,0
87,879999,20,870000,20,0,40,9999,0.100000,0,0,0.000000,8,0.000000,0.000000,0.405107,0,0,0,0,0,0,0
87,879999,21,870000,20,0,49,9999,0.100000,0,0,0.000000,8,2.000000,0.000000,8.848729,0,0,0,0,0,0,0
87,879999,22,870000,4,10000,40,9999,0.100000,0,0,0.000000,8,0.000000,0.000000,19.890230,0,0,0,0,0,0,0
87,879999,23,870000,20,0,40,9999,0.100000,0,0,0.000000,8,0.000000,0.000000,0.226028,0,0,0,0,0,0,0
87,879999,24,870000,72,150000,40,9999,0.100000,0,0,0.000000,8,0.000000,0.000000,0.377526,0,0,0,0,0,0,0
87,879999,25,870000,4,10000,40,9999,0.100000,0,0,0.000000,8,0.000000,0.000000,0.320407,0,0,0,0,0,0,0
87,879999,26,870000,20,0,40,9999,0.100000,0,0,0.000000,8,0.000000,0.000000,0.075358,0,0,0,0,0,0,0
87,879999,27,870000,69,720000,40,9999,0.100000,0,0,0.000000,8,0.000000,0.000000,1.409693,0,0,0,0,0,0,0
87,879999,28,870000,0,40000,40,9999,0.100000,0,0,0.000000,8,0.000000,0.000000,0.074732,0,0,0,0,0,0,0
87,879999,29,870000,72,150000,40,9999,0.100000,0,0,0.000000,8,0.000000,0.000000,1.062352,0,0,0,0,0,0,0
87,879999,30,870000,0,40000,40,9999,0.100000,0,0,0.000000,8,0.000000,0.000000,0.122097,0,0,0,0,0,0,0
87,879999,31,870000,69,720000,49,9999,0.100000,0,0,0.000000,8,1.000000,0.000000,2.232864,0,0,0,0,0,0,0
87,879999,32,870000,4,10000,40,9999,0.100000,0,0,0.000000,8,0.000000,0.000000,0.232192,0,0,0,0,0,0,0
87,879999,33,870000,69,710000,40,9999,0.100000,0,0,0.000000,8,0.000000,0.000000,0.218597,0,0,0,0,0,0,0
87,879999,34,870000,72,150000,40,9999,0.100000,0,0,0.000000,8,0.000000,0.000000,0.273496,0,0,0,0,0,0,0
87,879999,35,870000,84,650000,40,9999,0.100000,0,0,0.000000,8,0.000000,0.000000,0.178139,0,0,0,0,0,0,0
87,879999,36,870000,69,710000,49,9999,0.100000,0,0,0.000000,8,1.000000,0.000000,2.699425,0,0,0,0,0,0,0
87,879999,37,870000,72,150000,40,9999,0.100000,0,0,0.000000,8,0.000000,0.000000,0.327015,0,0,0,0,0,0,0
87,879999,38,870000,4,10000,40,9999,0.100000,0,0,0.000000,8,0.000000,0.000000,0.608905,0,0,0,0,0,0,0
87,879999,39,870000,72,150000,40,9999,0.100000,0,0,0.000000,8,0.000000,0.000000,1.652349,0,0,0,0,0,0,0
87,879999,40,870000,84,650000,40,9999,0.100000,0,0,0.000000,8,0.000000,0.000000,0.118149,0,0,0,0,0,0,0
87,879999,41,870000,72,150000,40,9999,0.100000,0,0,0.000000,8,0.000000,0.000000,0.594802,0,0,0,0,0,0,0
87,879999,42,870000,20,0,40,9999,0.100000,0,0,0.000000,8,0.000000,0.000000,0.167540,0,0,0,0,0,0,0
87,879999,43,870000,84,650000,40,9999,0.100000,0,0,0.000000,8,0.000000,0.000000,0.073857,0,0,0,0,0,0,0
87,879999,44,870000,69,720000,40,9999,0.100000,0,0,0.000000,8,0.000000,0.000000,0.237216,0,0,0,0,0,0,0
87,879999,45,870000,69,710000,40,9999,0.100000,0,0,0.000000,8,0.000000,0.000000,0.253888,0,0,0,0,0,0,0
87,879999,46,870000,20,0,40,9999,0.100000,0,0,0.000000,8,0.000000,0.000000,0.234135,0,0,0,0,0,0,0
87,879999,47,870000,69,710000,40,9999,0.100000,0,0,0.000000,8,0.000000,0.000000,0.155490,0,0,0,0,0,0,0
87,879999,48,870000,69,720000,40,9999,0.100000,0,0,0.000000,8,0.000000,0.000000,0.396304,0,0,0,0,0,0,0
87,879999,49,870000,84,650000,40,9999,0.100000,0,0,0.000000,8,0.000000,0.000000,0.167607,0,0,0,0,0,0,0
87,879999,50,870000,0,40000,40,9999,0.100000,0,0,0.000000,8,0.000000,0.000000,0.245458,0,0,0,0,0,0,0
87,879999,51,870000,20,0,49,9999,0.100000,0,0,0.000000,8,1.000000,0.000000,1.671646,0,0,0,0,0,0,0
87,879999,52,870000,4,10000,40,9999,0.100000,0,0,0.000000,8,0.000000,0.000000,0.146108,0,0,0,0,0,0,0
87,879999,53,870000,69,710000,40,9999,0.100000,0,0,0.000000,8,0.000000,0.000000,0.096075,0,0,0,0,0,0,0
87,879999,54,870000,69,720000,49,9999,0.100000,0,0,0.000000,8,2.000000,0.000000,6.311598,0,0,0,0,0,0,0
87,879999,55,870000,69,720000,40,9999,0.100000,0,0,0.000000,8,0.000000,0.000000,0.152998,0,0,0,0,0,0,0
87,879999,56,870000,0,40000,40,9999,0.100000,0,0,0.000000,8,0.000000,0.000000,0.105768,0,0,0,0,0,0,0
87,879999,57,870000,20,0,40,9999,0.100000,0,0,0.000000,8,0.000000,0.000000,1.060271,0,0,0,0,0,0,0
87,879999,58,870000,4,10000,40,9999,0.100000,0,0,0.000000,8,0.000000,0.000000,0.144649,0,0,0,0,0,0,0
87,879999,59,870000,69,720000,49,9999,0.100000,0,0,0.000000,8,2.000000,0.000000,7.373340,0,0,0,0,0,0,0
87,879999,60,870000,72,150000,49,9999,0.100000,0,0,0.000000,8,2.000000,0.000000,4.912949,0,0,0,0,0,0,0
87,879999,61,870000,84,650000,40,9999,0.100000,0,0,0.000000,8,0.000000,0.000000,1.145278,0,0,0,0,0,0,0
87,879999,62,870000,72,150000,40,9999,0.100000,0,0,0.000000,8,0.000000,0.000000,0.009318,0,0,0,0,0,0,0
87,879999,63,870000,84,650000,40,9999,0.100000,0,0,0.000000,8,0.000000,0.000000,0.080077,0,0,0,0,0,0,0
87,879999,64,870000,84,650000,40,9999,0.100000,0,0,0.000000,8,0.000000,0.000000,0.666516,0,0,0,0,0,0,0
87,879999,65,870000,69,720000,40,9999,0.100000,0,0,0.000000,8,0.000000,0.000000,0.199073,0,0,0,0,0,0,0
87,879999,66,870000,69,720000,40,9999,0.100000,0,0,0.000000,8,0.000000,0.000000,0.490555,0,0,0,0,0,0,0
87,879999,67,870000,20,0,40,9999,0.100000,0,0,0.000000,8,0.000000,0.000000,1.046576,0,0,0,0,0,0,0
87,879999,68,870000,4,10000,40,9999,0.100000,0,0,0.000000,8,0.000000,0.000000,3.215801,0,0,0,0,0,0,0
87,879999,69,870000,69,720000,49,9999,0.100000,0,0,0.000000,8,5.000000,0.000000,36.795034,0,0,0,0,0,0,0
87,879999,70,870000,0,60000,49,9999,0.100000,0,0,0.000000,8,1.000000,0.000000,2.660661,0,0,0,0,0,0,0
87,879999,71,870000,0,40000,40,9999,0.100000,0,0,0.000000,8,0.000000,0.000000,0.156771,0,0,0,0,0,0,0
87,879999,72,870000,20,0,40,9999,0.100000,0,0,0.000000,8,0.000000,0.000000,0.078131,0,0,0,0,0,0,0
87,879999,73,870000,84,650000,40,9999,0.100000,0,0,0.000000,8,0.000000,0.000000,0.160998,0,0,0,0,0,0,0
87,879999,74,870000,72,150000,40,9999,0.100000,0,0,0.000000,8,0.000000,0.000000,0.379257,0,0,0,0,0,0,0
87,879999,75,870000,20,0,40,9999,0.100000,0,0,0.000000,8,0.000000,0.000000,0.114646,0,0,0,0,0,0,0
87,879999,76,870000,0,60000,40,9999,0.100000,0,0,0.000000,8,0.000000,0.000000,0.239230,0,0,0,0,0,0,0
87,879999,77,870000,0,40000,40,9999,0.100000,0,0,0.000000,8,0.000000,0.000000,0.191255,0,0,0,0,0,0,0
87,879999,78,870000,20,0,40,9999,0.100000,0,0,0.000000,8,0.000000,0.000000,0.136542,0,0,0,0,0,0,0
87,879999,79,870000,84,650000,40,9999,0.100000,0,0,0.000000,8,0.000000,0.000000,1.741944,0,0,0,0,0,0,0
87,879999,80,870000,84,650000,40,9999,0.100000,0,0,0.000000,8,0.000000,0.000000,0.072984,0,0,0,0,0,0,0
87,879999,81,870000,84,650000,40,9999,0.100000,0,0,0.000000,8,0.000000,0.000000,0.439429,0,0,0,0,0,0,0
87,879999,82,870000,4,10000,40,9999,0.100000,0,0,0.000000,8,0.000000,0.000000,0.297616,0,0,0,0,0,0,0
87,879999,83,870000,84,650000,40,9999,0.100000,0,0,0.000000,8,0.000000,0.000000,0.060603,0,0,0,0,0,0,0
87,879999,84,870000,72,150000,40,9999,0.100000,0,0,0.000000,8,0.000000,0.000000,0.183866,0,0,0,0,0,0,0
87,879999,85,870000,69,720000,40,9999,0.100000,0,0,0.000000,8,0.000000,0.000000,19.633609,0,0,0,0,0,0,0
87,879999,86,870000,69,710000,40,9999,0.100000,0,0,0.000000,8,0.000000,0.000000,0.124443,0,0,0,0,0,0,0
87,879999,87,870000,69,710000,49,9999,0.100000,0,0,0.000000,8,3.000000,0.000000,3.690193,0,0,0,0,0,0,0
87,879999,88,870000,0,60000,40,9999,0.100000,0,0,0.000000,8,0.000000,0.000000,0.893556,0,0,0,0,0,0,0
87,879999,89,870000,84,650000,49,9999,0.100000,0,0,0.000000,8,3.000000,0.000000,7.705130,0,0,0,0,0,0,0
87,879999,90,870000,69,720000,49,9999,0.100000,0,0,0.000000,8,1.000000,0.000000,4.358507,0,0,0,0,0,0,0
87,879999,91,870000,72,150000,40,9999,0.100000,0,0,0.000000,8,0.000000,0.000000,0.658799,0,0,0,0,0,0,0
87,879999,92,870000,84,650000,40,9999,0.100000,0,0,0.000000,8,0.000000,0.000000,0.081675,0,0,0,0,0,0,0
87,879999,93,870000,69,710000,40,9999,0.100000,0,0,0.000000,8,0.000000,0.000000,0.091843,0,0,0,0,0,0,0
87,879999,94,870000,20,0,40,9999,0.100000,0,0,0.000000,8,0.000000,0.000000,0.170172,0,0,0,0,0,0,0
87,879999,95,870000,0,40000,40,9999,0.100000,0,0,0.000000,8,0.000000,0.000000,0.393812,0,0,0,0,0,0,0
87,879999,96,870000,20,0,40,9999,0.100000,0,0,0.000000,8,0.000000,0.000000,0.967987,0,0,0,0,0,0,0
87,879999,97,870000,0,60000,40,9999,0.100000,0,0,0.000000,8,0.000000,0.000000,0.230525,0,0,0,0,0,0,0
87,879999,98,870000,84,650000,40,9999,0.100000,0,0,0.000000,8,0.000000,0.000000,0.060602,0,0,0,0,0,0,0
87,879999,99,870000,72,150000,40,9999,0.100000,0,0,0.000000,8,0.000000,0.000000,0.716372,0,0,0,0,0,0,0
88,889999,0,880000,69,720000,40,9999,0.100000,0,0,0.000000,8,0.000000,0.000000,1.066723,0,0,0,0,0,0,0
88,889999,1,880000,69,720000,40,9999,0.100000,0,0,0.000000,8,0.000000,0.000000,0.109679,0,0,0,0,0,0,0
88,889999,2,880000,69,710000,9,9999,0.100000,0,0,0.000000,8,7.000000,0.000000,17.037307,0,0,0,0,0,0,7
88,889999,3,880000,0,60000,40,9999,0.100000,0,0,0.000000,8,0.000000,0.000000,1.003432,0,0,0,0,0,0,0
88,889999,4,880000,69,710000,40,9999,0.100000,0,0,0.000000,8,0.000000,0.000000,0.314670,0,0,0,0,0,0,0
88,889999,5,880000,4,10000,49,9999,0.100000,0,0,0.000000,8,1.000000,0.000000,17.424703,0,0,0,0,0,0,0
88,889999,6,880000,69,710000,40,9999,0.100000,0,0,0.000000,8,0.000000,0.000000,0.147361,0,0,0,0,0,0,0
88,889999,7,880000,20,0,40,9999,0.100000,0,0,0.000000,8,0.000000,0.000000,0.104014,0,0,0,0,0,0,0
88,889999,8,880000,4,10000,40,9999,0.100000,0,0,0.000000,8,0.000000,0.000000,0.764033,0,0,0,0,0,0,0
88,889999,9,880000,0,40000,40,9999,0.100000,0,0,0.000000,8,0.000000,0.000000,0.088013,0,0,0,0,0,0,0
88,889999,10,880000,20,0,40,9999,0.100000,0,0,0.000000,8,0.000000,0.000000,5.959318,0,0,0,0,0,0,0
88,889999,11,880000,0,40000,40,9999,0.100000,0,0,0.000000,8,0.000000,0.000000,0.152532,0,0,0,0,0,0,0
88,889999,12,880000,84,650000,49,9999,0.100000,0,0,0.000000,8,2.000000,0.000000,6.234230,0,0,0,0,0,0,0
88,889999,13,880000,20,0,40,9999,0.100000,0,0,0.000000,8,0.000000,0.000000,0.134537,0,0,0,0,0,0,0
88,889999,14,880000,0,40000,40,9999,0.100000,0,0,0.000000,8,0.000000,0.000000,0.116732,0,0,0,0,0,0,0
88,889999,15,880000,84,650000,40,9999,0.100000,0,0,0.000000,8,0.000000,0.000000,0.248456,0,0,0,0,0,0,0
88,889999,16,880000,4,10000,9,9999,0.100000,0,0,0.000000,8,1.000000,0.000000,2.992444,0,0,0,0,0,0,9
88,889999,17,880000,4,10000,40,9999,0.100000,0,0,0.000000,8,0.000000,0.000000,0.662735,0,0,0,0,0,0,0
88,889999,18,880000,69,720000,40,9999,0.100000,0,0,0.000000,8,0.000000,0.000000,0.225669,0,0,0,0,0,0,0
88,889999,19,880000,4,10000,40,9999,0.100000,0,0,0.000000,8,0.000000,0.000000,0.454515,0,0,0,0,0,0,0
88,889999,20,880000,0,40000,40,9999,0.100000,0,0,0.000000,8,0.000000,0.000000,0.403770,0,0,0,0,0,0,0
88,889999,21,880000,0,60000,49,9999,0.100000,0,0,0.000000,8,1.000000,0.000000,6.324409,0,0,0,0,0,0,0
88,889999,22,880000,20,0,40,9999,0.100000,0,0,0.000000,8,0.000000,0.000000,19.761426,0,0,0,0,0,0,0
88,889999,23,880000,4,10000,40,9999,0.100000,0,0,0.000000,8,0.000000,0.000000,0.222104,0,0,0,0,0,0,0
88,889999,24,880000,84,650000,40,9999,0.100000,0,0,0.000000,8,0.000000,0.000000,0.171850,0,0,0,0,0,0,0
88,889999,25,880000,84,650000,40,9999,0.100000,0,0,0.000000,8,0.000000,0.000000,0.397649,0,0,0,0,0,0,0
88,889999,26,880000,4,10000,40,9999,0.100000,0,0,0.000000,8,0.000000,0.000000,0.074958,0,0,0,0,0,0,0
88,889999,27,880000,69,710000,40,9999,0.100000,0,0,0.000000,8,0.000000,0.000000,3.562299,0,0,0,0,0,0,0
88,889999,28,880000,4,10000,40,9999,0.100000,0,0,0.000000,8,0.000000,0.000000,0.072558,0,0,0,0,0,0,0
88,889999,29,880000,4,10000,40,9999,0.100000,0,0,0.000000,8,0.000000,0.000000,0.394052,0,0,0,0,0,0,0
88,889999,30,880000,0,40000,40,9999,0.100000,0,0,0.000000,8,0.000000,0.000000,0.122168,0,0,0,0,0,0,0
88,889999,31,880000,84,650000,49,9999,0.100000,0,0,0.000000,8,1.000000,0.000000,3.420659,0,0,0,0,0,0,0
88,889999,32,880000,84,650000,40,9999,0.100000,0,0,0.000000,8,0.000000,0.000000,0.221005,0,0,0,0,0,0,0
88,889999,33,880000,4,10000,40,9999,0.100000,0,0,0.000000,8,0.000000,0.000000,0.112450,0,0,0,0,0,0,0
88,889999,34,880000,20,0,40,9999,0.100000,0,0,0.000000,8,0.000000,0.000000,0.361095,0,0,0,0,0,0,0
88,889999,35,880000,20,0,40,9999,0.100000,0,0,0.000000,8,0.000000,0.000000,0.179801,0,0,0,0,0,0,0
88,889999,36,880000,20,0,9,9999,0.100000,0,0,0.000000,8,1.000000,0.000000,4.811821,0,0,0,0,0,0,9
88,889999,37,880000,0,60000,40,9999,0.100000,0,0,0.000000,8,0.000000,0.000000,0.959021,0,0,0,0,0,0,0
88,889999,38,880000,0,60000,40,9999,0.100000,0,0,0.000000,8,0.000000,0.000000,0.595972,0,0,0,0,0,0,0
88,889999,39,880000,69,710000,40,9999,0.100000,0,0,0.000000,8,0.000000,0.000000,1.949883,0,0,0,0,0,0,0
88,889999,40,880000,84,650000,40,9999,0.100000,0,0,0.000000,8,0.000000,0.000000,0.119439,0,0,0,0,0,0,0
88,889999,41,880000,69,710000,40,9999,0.100000,0,0,0.000000,8,0.000000,0.000000,0.615747,0,0,0,0,0,0,0
88,889999,42,880000,69,710000,40,9999,0.100000,0,0,0.000000,8,0.000000,0.000000,0.181139,0,0,0,0,0,0,0
88,889999,43,880000,0,40000,40,9999,0.100000,0,0,0.000000,8,0.000000,0.000000,0.219615,0,0,0,0,0,0,0
88,889999,44,880000,0,60000,40,9999,0.100000,0,0,0.000000,8,0.000000,0.000000,0.243751,0,0,0,0,0,0,0
88,889999,45,880000,20,0,40,9999,0.100000,0,0,0.000000,8,0.000000,0.000000,0.235829,0,0,0,0,0,0,0
88,889999,46,880000,0,60000,40,9999,0.100000,0,0,0.000000,8,0.000000,0.000000,0.242628,0,0,0,0,0,0,0
88,889999,47,880000,84,650000,40,9999,0.100000,0,0,0.000000,8,0.000000,0.000000,0.159157,0,0,0,0,0,0,0
88,889999,48,880000,72,150000,40,9999,0.100000,0,0,0.000000,8,0.000000,0.000000,0.157245,0,0,0,0,0,0,0
88,889999,49,880000,20,0,40,9999,0.100000,0,0,0.000000,8,0.000000,0.000000,0.166706,0,0,0,0,0,0,0
88,889999,50,880000,72,150000,40,9999,0.100000,0,0,0.000000,8,0.000000,0.000000,0.235120,0,0,0,0,0,0,0
88,889999,51,880000,72,150000,49,9999,0.100000,0,0,0.000000,8,1.000000,0.000000,3.023256,0,0,0,0,0,0,0
88,889999,52,880000,0,60000,49,9999,0.100000,0,0,0.000000,8,8.000000,0.000000,16.635487,0,0,0,0,0,0,0
88,889999,53,880000,84,650000,40,9999,0.100000,0,0,0.000000,8,0.000000,0.000000,0.089980,0,0,0,0,0,0,0
88,889999,54,880000,4,10000,49,9999,0.100000,0,0,0.000000,8,1.000000,0.000000,15.264792,0,0,0,0,0,0,0
88,889999,55,880000,20,0,40,9999,0.100000,0,0,0.000000,8,0.000000,0.000000,0.152455,0,0,0,0,0,0,0
88,889999,56,880000,4,10000,40,9999,0.100000,0,0,0.000000,8,0.000000,0.000000,0.104379,0,0,0,0,0,0,0
88,889999,57,880000,69,710000,40,9999,0.100000,0,0,0.000000,8,0.000000,0.000000,1.048264,0,0,0,0,0,0,0
88,889999,58,880000,69,720000,40,9999,0.100000,0,0,0.000000,8,0.000000,0.000000,0.147359,0,0,0,0,0,0,0
88,889999,59,880000,69,720000,49,9999,0.100000,0,0,0.000000,8,1.000000,0.000000,5.418114,0,0,0,0,0,0,0
88,889999,60,880000,0,40000,40,9999,0.100000,0,0,0.000000,8,0.000000,0.000000,0.158555,0,0,0,0,0,0,0
88,889999,61,880000,20,0,40,9999,0.100000,0,0,0.000000,8,0.000000,0.000000,0.728566,0,0,0,0,0,0,0
88,889999,62,880000,84,650000,40,9999,0.100000,0,0,0.000000,8,0.000000,0.000000,0.009428,0,0,0,0,0,0,0
88,889999,63,880000,4,10000,40,9999,0.100000,0,0,0.000000,8,0.000000,0.000000,0.080982,0,0,0,0,0,0,0
88,889999,64,880000,69,720000,40,9999,0.100000,0,0,0.000000,8,0.000000,0.000000,0.779553,0,0,0,0,0,0,0
88,889999,65,880000,69,720000,40,9999,0.100000,0,0,0.000000,8,0.000000,0.000000,0.200925,0,0,0,0,0,0,0
88,889999,66,880000,72,150000,40,9999,0.100000,0,0,0.000000,8,0.000000,0.000000,0.471963,0,0,0,0,0,0,0
88,889999,67,880000,69,710000,40,9999,0.100000,0,0,0.000000,8,0.000000,0.000000,0.591933,0,0,0,0,0,0,0
88,889999,68,880000,69,710000,40,9999,0.100000,0,0,0.000000,8,0.000000,0.000000,3.069266,0,0,0,0,0,0,0
88,889999,69,880000,72,150000,49,9999,0.100000,0,0,0.000000,8,5.000000,0.000000,8.661944,0,0,0,0,0,0,0
88,889999,70,880000,69,720000,9,9999,0.100000,0,0,0.000000,8,3.000000,0.000000,8.091554,0,0,0,0,0,0,1
88,889999,71,880000,0,40000,40,9999,0.100000,0,0,0.000000,8,0.000000,0.000000,0.163886,0,0,0,0,0,0,0
88,889999,72,880000,20,0,40,9999,0.100000,0,0,0.000000,8,0.000000,0.000000,0.077846,0,0,0,0,0,0,0
88,889999,73,880000,0,60000,40,9999,0.100000,0,0,0.000000,8,0.000000,0.000000,0.169417,0,0,0,0,0,0,0
88,889999,74,880000,69,720000,40,9999,0.100000,0,0,0.000000,8,0.000000,0.000000,0.539695,0,0,0,0,0,0,0
88,889999,75,880000,20,0,40,9999,0.100000,0,0,0.000000,8,0.000000,0.000000,0.080599,0,0,0,0,0,0,0
88,889999,76,880000,0,40000,40,9999,0.100000,0,0,0.000000,8,0.000000,0.000000,0.232089,0,0,0,0,0,0,0
88,889999,77,880000,84,650000,40,9999,0.100000,0,0,0.000000,8,0.000000,0.000000,0.202987,0,0,0,0,0,0,0
88,889999,78,880000,4,10000,40,9999,0.100000,0,0,0.000000,8,0.000000,0.000000,0.136478,0,0,0,0,0,0,0
88,889999,79,880000,84,650000,40,9999,0.100000,0,0,0.000000,8,0.000000,0.000000,1.618268,0,0,0,0,0,0,0
88,889999,80,880000,20,0,40,9999,0.100000,0,0,0.000000,8,0.000000,0.000000,0.072053,0,0,0,0,0,0,0
88,889999,81,880000,4,10000,40,9999,0.100000,0,0,0.000000,8,0.000000,0.000000,0.936100,0,0,0,0,0,0,0
88,889999,82,880000,4,10000,40,9999,0.100000,0,0,0.000000,8,0.000000,0.000000,0.416811,0,0,0,0,0,0,0
88,889999,83,880000,0,40000,40,9999,0.100000,0,0,0.000000,8,0.000000,0.000000,0.060752,0,0,0,0,0,0,0
88,889999,84,880000,4,10000,40,9999,0.100000,0,0,0.000000,8,0.000000,0.000000,0.188770,0,0,0,0,0,0,0
88,889999,85,880000,84,650000,40,9999,0.100000,0,0,0.000000,8,0.000000,0.000000,19.858561,0,0,0,0,0,0,0
88,889999,86,880000,72,150000,40,9999,0.100000,0,0,0.000000,8,0.000000,0.000000,0.140608,0,0,0,0,0,0,0
88,889999,87,880000,0,60000,40,9999,0.100000,0,0,0.000000,8,0.000000,0.000000,0.929434,0,0,0,0,0,0,0
88,889999,88,880000,84,650000,40,9999,0.100000,0,0,0.000000,8,0.000000,0.000000,0.430670,0,0,0,0,0,0,0
88,889999,89,880000,69,720000,40,9999,0.100000,0,0,0.000000,8,0.000000,0.000000,0.079814,0,0,0,0,0,0,0
88,889999,90,880000,4,10000,40,9999,0.100000,0,0,0.000000,8,0.000000,0.000000,3.573341,0,0,0,0,0,0,0
88,889999,91,880000,0,60000,40,9999,0.100000,0,0,0.000000,8,0.000000,0.000000,0.641678,0,0,0,0,0,0,0
88,889999,92,880000,0,60000,40,9999,0.100000,0,0,0.000000,8,0.000000,0.000000,0.081022,0,0,0,0,0,0,0
88,889999,93,880000,84,650000,40,9999,0.100000,0,0,0.000000,8,0.000000,0.000000,0.093910,0,0,0,0,0,0,0
88,889999,94,880000,4,10000,40,9999,0.100000,0,0,0.000000,8,0.000000,0.000000,0.199606,0,0,0,0,0,0,0
88,889999,95,880000,20,0,40,9999,0.100000,0,0,0.000000,8,0.000000,0.000000,0.357544,0,0,0,0,0,0,0
88,889999,96,880000,4,10000,40,9999,0.100000,0,0,0.000000,8,0.000000,0.000000,0.847961,0,0,0,0,0,0,0
88,889999,97,880000,72,150000,40,9999,0.100000,0,0,0.000000,8,0.000000,0.000000,0.224977,0,0,0,0,0,0,0
88,889999,98,880000,4,10000,40,9999,0.100000,0,0,0.000000,8,0.000000,0.000000,0.060025,0,0,0,0,0,0,0
88,889999,99,880000,84,650000,40,9999,0.100000,0,0,0.000000,8,0.000000,0.000000,0.912047,0,0,0,0,0,0,0
89,899999,0,890000,0,40000,49,9999,0.100000,0,0,0.000000,8,1.000000,0.000000,3.662678,0,0,0,0,0,0,0
89,899999,1,890000,4,10000,40,9999,0.100000,0,0,0.000000,8,0.000000,0.000000,0.108843,0,0,0,0,0,0,0
89,899999,2,890000,69,720000,40,9999,0.100000,0,0,0.000000,8,0.000000,0.000000,0.083405,0,0,0,0,0,0,0
89,899999,3,890000,84,650000,40,9999,0.100000,0,0,0.000000,8,0.000000,0.000000,0.994498,0,0,0,0,0,0,0
89,899999,4,890000,72,150000,40,9999,0.100000,0,0,0.000000,8,0.000000,0.000000,0.301818,0,0,0,0,0,0,0
89,899999,5,890000,0,60000,49,9999,0.100000,0,0,0.000000,8,2.000000,0.000000,2.570164,0,0,0,0,0,0,0
89,899999,6,890000,0,60000,40,9999,0.100000,0,0,0.000000,8,0.000000,0.000000,0.141406,0,0,0,0,0,0,0
89,899999,7,890000,69,720000,40,9999,0.100000,0,0,0.000000,8,0.000000,0.000000,0.247454,0,0,0,0,0,0,0
89,899999,8,890000,84,650000,40,9999,0.100000,0,0,0.000000,8,0.000000,0.000000,0.875145,0,0,0,0,0,0,0
89,899999,9,890000,0,60000,40,9999,0.100000,0,0,0.000000,8,0.000000,0.000000,0.253164,0,0,0,0,0,0,0
89,899999,10,890000,69,720000,49,9999,0.100000,0,0,0.000000,8,1.000000,0.000000,3.268677,0,0,0,0,0,0,0
89,899999,11,890000,20,0,40,9999,0.100000,0,0,0.000000,8,0.000000,0.000000,0.147495,0,0,0,0,0,0,0
89,899999,12,890000,69,710000,49,9999,0.100000,0,0,0.000000,8,6.000000,0.000000,8.738501,0,0,0,0,0,0,0
89,899999,13,890000,69,710000,40,9999,0.100000,0,0,0.000000,8,0.000000,0.000000,0.130773,0,0,0,0,0,0,0
89,899999,14,890000,0,40000,40,9999,0.100000,0,0,0.000000,8,0.000000,0.000000,0.292431,0,0,0,0,0,0,0
89,899999,15,890000,69,720000,40,9999,0.100000,0,0,0.000000,8,0.000000,0.000000,0.240222,0,0,0,0,0,0,0
89,899999,16,890000,69,710000,49,9999,0.100000,0,0,0.000000,8,1.000000,0.000000,3.260134,0,0,0,0,0,0,0
89,899999,17,890000,0,40000,40,9999,0.100000,0,0,0.000000,8,0.000000,0.000000,0.477265,0,0,0,0,0,0,0
89,899999,18,890000,69,710000,40,9999,0.100000,0,0,0.000000,8,0.000000,0.000000,0.230791,0,0,0,0,0,0,0
89,899999,19,890000,20,0,40,9999,0.100000,0,0,0.000000,8,0.000000,0.000000,0.422281,0,0,0,0,0,0,0
89,899999,20,890000,0,60000,40,9999,0.100000,0,0,0.000000,8,0.000000,0.000000,0.437617,0,0,0,0,0,0,0
89,899999,21,890000,0,60000,40,9999,0.100000,0,0,0.000000,8,0.000000,0.000000,1.763264,0,0,0,0,0,0,0
89,899999,22,890000,84,650000,40,9999,0.100000,0,0,0.000000,8,0.000000,0.000000,20.208377,0,0,0,0,0,0,0
89,899999,23,890000,4,10000,40,9999,0.100000,0,0,0.000000,8,0.000000,0.000000,0.203167,0,0,0,0,0,0,0
89,899999,24,890000,84,650000,40,9999,0.100000,0,0,0.000000,8,0.000000,0.000000,0.147794,0,0,0,0,0,0,0
89,899999,25,890000,0,40000,40,9999,0.100000,0,0,0.000000,8,0.000000,0.000000,0.554632,0,0,0,0,0,0,0
89,899999,26,890000,20,0,40,9999,0.100000,0,0,0.000000,8,0.000000,0.000000,0.073734,0,0,0,0,0,0,0
89,899999,27,890000,20,0,40,9999,0.100000,0,0,0.000000,8,0.000000,0.000000,4.184162,0,0,0,0,0,0,0
89,899999,28,890000,69,710000,40,9999,0.100000,0,0,0.000000,8,0.000000,0.000000,0.073096,0,0,0,0,0,0,0
89,899999,29,890000,4,10000,40,9999,0.100000,0,0,0.000000,8,0.000000,0.000000,0.550599,0,0,0,0,0,0,0
89,899999,30,890000,4,10000,40,9999,0.100000,0,0,0.000000,8,0.000000,0.000000,0.122901,0,0,0,0,0,0,0
89,899999,31,890000,84,650000,49,9999,0.100000,0,0,0.000000,8,1.000000,0.000000,2.712742,0,0,0,0,0,0,0
89,899999,32,890000,0,40000,40,9999,0.100000,0,0,0.000000,8,0.000000,0.000000,0.240605,0,0,0,0,0,0,0
89,899999,33,890000,69,720000,40,9999,0.100000,0,0,0.000000,8,0.000000,0.000000,0.105629,0,0,0,0,0,0,0
89,899999,34,890000,69,710000,40,9999,0.100000,0,0,0.000000,8,0.000000,0.000000,0.235901,0,0,0,0,0,0,0
89,899999,35,890000,0,60000,40,9999,0.100000,0,0,0.000000,8,0.000000,0.000000,0.183426,0,0,0,0,0,0,0
89,899999,36,890000,0,60000,40,9999,0.100000,0,0,0.000000,8,0.000000,0.000000,0.605285,0,0,0,0,0,0,0
89,899999,37,890000,72,150000,49,9999,0.100000,0,0,0.000000,8,2.000000,0.000000,2.901977,0,0,0,0,0,0,0
89,899999,38,890000,20,0,40,9999,0.100000,0,0,0.000000,8,0.000000,0.000000,0.592816,0,0,0,0,0,0,0
89,899999,39,890000,72,150000,40,9999,0.100000,0,0,0.000000,8,0.000000,0.000000,0.635011,0,0,0,0,0,0,0
89,899999,40,890000,69,720000,40,9999,0.100000,0,0,0.000000,8,0.000000,0.000000,0.118707,0,0,0,0,0,0,0
89,899999,41,890000,4,10000,40,9999,0.100000,0,0,0.000000,8,0.000000,0.000000,0.665557,0,0,0,0,0,0,0
89,899999,42,890000,69,710000,40,9999,0.100000,0,0,0.000000,8,0.000000,0.000000,0.174023,0,0,0,0,0,0,0
89,899999,43,890000,72,150000,40,9999,0.100000,0,0,0.000000,8,0.000000,0.000000,0.232695,0,0,0,0,0,0,0
89,899999,44,890000,84,650000,40,9999,0.100000,0,0,0.000000,8,0.000000,0.000000,0.237039,0,0,0,0,0,0,0
89,899999,45,890000,84,650000,40,9999,0.100000,0,0,0.000000,8,0.000000,0.000000,0.240424,0,0,0,0,0,0,0
89,899999,46,890000,0,40000,40,9999,0.100000,0,0,0.000000,8,0.000000,0.000000,0.239409,0,0,0,0,0,0,0
89,899999,47,890000,4,10000,40,9999,0.100000,0,0,0.000000,8,0.000000,0.000000,0.083354,0,0,0,0,0,0,0
89,899999,48,890000,69,710000,40,9999,0.100000,0,0,0.000000,8,0.000000,0.000000,0.150571,0,0,0,0,0,0,0
89,899999,49,890000,72,150000,40,9999,0.100000,0,0,0.000000,8,0.000000,0.000000,0.166939,0,0,0,0,0,0,0
89,899999,50,890000,69,710000,40,9999,0.100000,0,0,0.000000,8,0.000000,0.000000,0.246062,0,0,0,0,0,0,0
89,899999,51,890000,0,60000,40,9999,0.100000,0,0,0.000000,8,0.000000,0.000000,0.840480,0,0,0,0,0,0,0
89,899999,52,890000,69,720000,40,9999,0.100000,0,0,0.000000,8,0.000000,0.000000,0.074054,0,0,0,0,0,0,0
89,899999,53,890000,4,10000,40,9999,0.100000,0,0,0.000000,8,0.000000,0.000000,0.095037,0,0,0,0,0,0,0
89,899999,54,890000,0,40000,40,9999,0.100000,0,0,0.000000,8,0.000000,0.000000,4.492898,0,0,0,0,0,0,0
89,899999,55,890000,84,650000,40,9999,0.100000,0,0,0.000000,8,0.000000,0.000000,0.151636,0,0,0,0,0,0,0
89,899999,56,890000,0,60000,40,9999,0.100000,0,0,0.000000,8,0.000000,0.000000,0.104484,0,0,0,0,0,0,0
89,899999,57,890000,0,60000,40,9999,0.100000,0,0,0.000000,8,0.000000,0.000000,0.447527,0,0,0,0,0,0,0
89,899999,58,890000,69,720000,40,9999,0.100000,0,0,0.000000,8,0.000000,0.000000,0.138636,0,0,0,0,0,0,0
89,899999,59,890000,4,10000,49,9999,0.100000,0,0,0.000000,8,2.000000,0.000000,8.386548,0,0,0,0,0,0,0
89,899999,60,890000,69,720000,40,9999,0.100000,0,0,0.000000,8,0.000000,0.000000,0.159473,0,0,0,0,0,0,0
89,899999,61,890000,84,650000,40,9999,0.100000,0,0,0.000000,8,0.000000,0.000000,0.647719,0,0,0,0,0,0,0
89,899999,62,890000,20,0,40,9999,0.100000,0,0,0.000000,8,0.000000,0.000000,0.009363,0,0,0,0,0,0,0
89,899999,63,890000,0,60000,40,9999,0.100000,0,0,0.000000,8,0.000000,0.000000,0.082470,0,0,0,0,0,0,0
89,899999,64,890000,69,720000,40,9999,0.100000,0,0,0.000000,8,0.000000,0.000000,0.752351,0,0,0,0,0,0,0
89,899999,65,890000,20,0,40,9999,0.100000,0,0,0.000000,8,0.000000,0.000000,0.209797,0,0,0,0,0,0,0
89,899999,66,890000,84,650000,40,9999,0.100000,0,0,0.000000,8,0.000000,0.000000,0.475468,0,0,0,0,0,0,0
89,899999,67,890000,72,150000,40,9999,0.100000,0,0,0.000000,8,0.000000,0.000000,0.624704,0,0,0,0,0,0,0
89,899999,68,890000,0,40000,40,9999,0.100000,0,0,0.000000,8,0.000000,0.000000,3.195859,0,0,0,0,0,0,0
89,899999,69,890000,72,150000,40,9999,0.100000,0,0,0.000000,8,0.000000,0.000000,0.611199,0,0,0,0,0,0,0
89,899999,70,890000,72,150000,49,9999,0.100000,0,0,0.000000,8,2.000000,0.000000,2.826247,0,0,0,0,0,0,0
89,899999,71,890000,84,650000,40,9999,0.100000,0,0,0.000000,8,0.000000,0.000000,0.171023,0,0,0,0,0,0,0
89,899999,72,890000,0,60000,40,9999,0.100000,0,0,0.000000,8,0.000000,0.000000,0.076797,0,0,0,0,0,0,0
89,899999,73,890000,69,710000,40,9999,0.100000,0,0,0.000000,8,0.000000,0.000000,0.168920,0,0,0,0,0,0,0
89,899999,74,890000,69,710000,40,9999,0.100000,0,0,0.000000,8,0.000000,0.000000,0.761873,0,0,0,0,0,0,0
89,899999,75,890000,69,710000,40,9999,0.100000,0,0,0.000000,8,0.000000,0.000000,0.076810,0,0,0,0,0,0,0
89,899999,76,890000,69,720000,40,9999,0.100000,0,0,0.000000,8,0.000000,0.000000,0.230731,0,0,0,0,0,0,0
89,899999,77,890000,84,650000,40,9999,0.100000,0,0,0.000000,8,0.000000,0.000000,0.188416,0,0,0,0,0,0,0
89,899999,78,890000,72,150000,40,9999,0.100000,0,0,0.000000,8,0.000000,0.000000,0.137850,0,0,0,0,0,0,0
89,899999,79,890000,69,720000,40,9999,0.100000,0,0,0.000000,8,0.000000,0.000000,1.283259,0,0,0,0,0,0,0
89,899999,80,890000,69,720000,40,9999,0.100000,0,0,0.000000,8,0.000000,0.000000,0.073157,0,0,0,0,0,0,0
89,899999,81,890000,0,40000,40,9999,0.100000,0,0,0.000000,8,0.000000,0.000000,0.710218,0,0,0,0,0,0,0
89,899999,82,890000,0,40000,40,9999,0.100000,0,0,0.000000,8,0.000000,0.000000,0.262462,0,0,0,0,0,0,0
89,899999,83,890000,4,10000,40,9999,0.100000,0,0,0.000000,8,0.000000,0.000000,0.057579,0,0,0,0,0,0,0
89,899999,84,890000,72,150000,40,9999,0.100000,0,0,0.000000,8,0.000000,0.000000,0.186253,0,0,0,0,0,0,0
89,899999,85,890000,84,650000,40,9999,0.100000,0,0,0.000000,8,0.000000,0.000000,19.877735,0,0,0,0,0,0,0
89,899999,86,890000,20,0,40,9999,0.100000,0,0,0.000000,8,0.000000,0.000000,0.108761,0,0,0,0,0,0,0
89,899999,87,890000,4,10000,49,9999,0.100000,0,0,0.000000,8,3.000000,0.000000,5.869329,0,0,0,0,0,0,0
89,899999,88,890000,20,0,40,9999,0.100000,0,0,0.000000,8,0.000000,0.000000,0.580931,0,0,0,0,0,0,0
89,899999,89,890000,0,40000,40,9999,0.100000,0,0,0.000000,8,0.000000,0.000000,0.077347,0,0,0,0,0,0,0
89,899999,90,890000,4,10000,40,9999,0.100000,0,0,0.000000,8,0.000000,0.000000,3.626995,0,0,0,0,0,0,0
89,899999,91,890000,84,650000,40,9999,0.100000,0,0,0.000000,8,0.000000,0.000000,0.592044,0,0,0,0,0,0,0
89,899999,92,890000,84,650000,40,9999,0.100000,0,0,0.000000,8,0.000000,0.000000,0.082194,0,0,0,0,0,0,0
89,899999,93,890000,72,150000,40,9999,0.100000,0,0,0.000000,8,0.000000,0.000000,0.093105,0,0,0,0,0,0,0
89,899999,94,890000,4,10000,40,9999,0.100000,0,0,0.000000,8,0.000000,0.000000,0.242289,0,0,0,0,0,0,0
89,899999,95,890000,4,10000,40,9999,0.100000,0,0,0.000000,8,0.000000,0.000000,0.371391,0,0,0,0,0,0,0
89,899999,96,890000,72,150000,40,9999,0.100000,0,0,0.000000,8,0.000000,0.000000,0.713823,0,0,0,0,0,0,0
89,899999,97,890000,0,60000,40,9999,0.100000,0,0,0.000000,8,0.000000,0.000000,0.240432,0,0,0,0,0,0,0
89,899999,98,890000,69,710000,40,9999,0.100000,0,0,0.000000,8,0.000000,0.000000,0.060514,0,0,0,0,0,0,0
89,899999,99,890000,0,60000,40,9999,0.100000,0,0,0.000000,8,0.000000,0.000000,0.937062,0,0,0,0,0,0,0
90,909999,0,900000,72,150000,40,9999,0.100000,0,0,0.000000,8,0.000000,0.000000,1.445453,0,0,0,0,0,0,0
90,909999,1,900000,0,60000,40,9999,0.100000,0,0,0.000000,8,0.000000,0.000000,0.110377,0,0,0,0,0,0,0
90,909999,2,900000,69,720000,40,9999,0.100000,0,0,0.000000,8,0.000000,0.000000,0.083410,0,0,0,0,0,0,0
90,909999,3,900000,0,40000,40,9999,0.100000,0,0,0.000000,8,0.000000,0.000000,1.018086,0,0,0,0,0,0,0
90,909999,4,900000,69,720000,40,9999,0.100000,0,0,0.000000,8,0.000000,0.000000,0.296714,0,0,0,0,0,0,0
90,909999,5,900000,72,150000,40,9999,0.100000,0,0,0.000000,8,0.000000,0.000000,0.139550,0,0,0,0,0,0,0
90,909999,6,900000,69,710000,40,9999,0.100000,0,0,0.000000,8,0.000000,0.000000,0.133985,0,0,0,0,0,0,0
90,909999,7,900000,69,720000,0,9999,0.100000,0,0,0.000000,8,0.000000,0.000000,0.296035,0,0,0,0,0,0,1
90,909999,8,900000,0,40000,40,9999,0.100000,0,0,0.000000,8,0.000000,0.000000,1.084816,0,0,0,0,0,0,0
90,909999,9,900000,72,150000,40,9999,0.100000,0,0,0.000000,8,0.000000,0.000000,0.583925,0,0,0,0,0,0,0
90,909999,10,900000,69,720000,40,9999,0.100000,0,0,0.000000,8,0.000000,0.000000,3.096073,0,0,0,0,0,0,0
90,909999,11,900000,0,60000,40,9999,0.100000,0,0,0.000000,8,0.000000,0.000000,0.153610,0,0,0,0,0,0,0
90,909999,12,900000,69,720000,40,9999,0.100000,0,0,0.000000,8,0.000000,0.000000,1.231084,0,0,0,0,0,0,0
90,909999,13,900000,0,40000,40,9999,0.100000,0,0,0.000000,8,0.000000,0.000000,0.139428,0,0,0,0,0,0,0
90,909999,14,900000,72,150000,40,9999,0.100000,0,0,0.000000,8,0.000000,0.000000,0.195226,0,0,0,0,0,0,0
90,909999,15,900000,84,650000,40,9999,0.100000,0,0,0.000000,8,0.000000,0.000000,0.236732,0,0,0,0,0,0,0
90,909999,16,900000,84,650000,40,9999,0.100000,0,0,0.000000,8,0.000000,0.000000,4.001329,0,0,0,0,0,0,0
90,909999,17,900000,0,60000,40,9999,0.100000,0,0,0.000000,8,0.000000,0.000000,0.491252,0,0,0,0,0,0,0
90,909999,18,900000,69,720000,40,9999,0.100000,0,0,0.000000,8,0.000000,0.000000,0.246490,0,0,0,0,0,0,0
90,909999,19,900000,69,710000,40,9999,0.100000,0,0,0.000000,8,0.000000,0.000000,0.442241,0,0,0,0,0,0,0
90,909999,20,900000,72,150000,40,9999,0.100000,0,0,0.000000,8,0.000000,0.000000,0.454535,0,0,0,0,0,0,0
90,909999,21,900000,69,720000,49,9999,0.100000,0,0,0.000000,8,4.000000,0.000000,21.774958,0,0,0,0,0,0,0
90,909999,22,900000,20,0,40,9999,0.100000,0,0,0.000000,8,0.000000,0.000000,20.570924,0,0,0,0,0,0,0
90,909999,23,900000,69,720000,40,9999,0.100000,0,0,0.000000,8,0.000000,0.000000,0.222971,0,0,0,0,0,0,0
90,909999,24,900000,69,710000,0,9999,0.100000,0,0,0.000000,8,0.000000,0.000000,1.324694,0,0,0,0,0,0,1
90,909999,25,900000,69,710000,40,9999,0.100000,0,0,0.000000,8,0.000000,0.000000,0.587766,0,0,0,0,0,0,0
90,909999,26,900000,0,60000,40,9999,0.100000,0,0,0.000000,8,0.000000,0.000000,0.073867,0,0,0,0,0,0,0
90,909999,27,900000,69,720000,40,9999,0.100000,0,0,0.000000,8,0.000000,0.000000,3.816867,0,0,0,0,0,0,0
90,909999,28,900000,20,0,40,9999,0.100000,0,0,0.000000,8,0.000000,0.000000,0.074700,0,0,0,0,0,0,0
90,909999,29,900000,20,0,40,9999,0.100000,0,0,0.000000,8,0.000000,0.000000,0.922269,0,0,0,0,0,0,0
90,909999,30,900000,69,720000,40,9999,0.100000,0,0,0.000000,8,0.000000,0.000000,0.123608,0,0,0,0,0,0,0
90,909999,31,900000,0,40000,40,9999,0.100000,0,0,0.000000,8,0.000000,0.000000,1.315115,0,0,0,0,0,0,0
90,909999,32,900000,72,150000,40,9999,0.100000,0,0,0.000000,8,0.000000,0.000000,0.245209,0,0,0,0,0,0,0
90,909999,33,900000,0,60000,40,9999,0.100000,0,0,0.000000,8,0.000000,0.000000,0.158133,0,0,0,0,0,0,0
90,909999,34,900000,72,150000,40,9999,0.100000,0,0,0.000000,8,0.000000,0.000000,0.240672,0,0,0,0,0,0,0
90,909999,35,900000,4,10000,40,9999,0.100000,0,0,0.000000,8,0.000000,0.000000,0.183429,0,0,0,0,0,0,0
90,909999,36,900000,72,150000,49,9999,0.100000,0,0,0.000000,8,8.000000,0.000000,9.514375,0,0,0,0,0,0,0
90,909999,37,900000,84,650000,40,9999,0.065000,0,0,0.000000,8,0.000000,0.000000,0.255214,0,0,0,0,0,0,0
90,909999,38,900000,4,10000,40,9999,0.100000,0,0,0.000000,8,0.000000,0.000000,0.767695,0,0,0,0,0,0,0
90,909999,39,900000,69,710000,40,9999,0.100000,0,0,0.000000,8,0.000000,0.000000,0.914613,0,0,0,0,0,0,0
90,909999,40,900000,69,720000,40,9999,0.100000,0,0,0.000000,8,0.000000,0.000000,0.123421,0,0,0,0,0,0,0
90,909999,41,900000,0,60000,40,9999,0.100000,0,0,0.000000,8,0.000000,0.000000,0.627369,0,0,0,0,0,0,0
90,909999,42,900000,0,60000,40,9999,0.100000,0,0,0.000000,8,0.000000,0.000000,0.221445,0,0,0,0,0,0,0
90,909999,43,900000,69,720000,40,9999,0.100000,0,0,0.000000,8,0.000000,0.000000,0.091826,0,0,0,0,0,0,0
90,909999,44,900000,69,710000,40,9999,0.100000,0,0,0.000000,8,0.000000,0.000000,0.238284,0,0,0,0,0,0,0
90,909999,45,900000,0,40000,40,9999,0.100000,0,0,0.000000,8,0.000000,0.000000,0.235808,0,0,0,0,0,0,0
90,909999,46,900000,72,150000,40,9999,0.100000,0,0,0.000000,8,0.000000,0.000000,0.243883,0,0,0,0,0,0,0
90,909999,47,900000,0,40000,40,9999,0.100000,0,0,0.000000,8,0.000000,0.000000,0.083468,0,0,0,0,0,0,0
90,909999,48,900000,20,0,0,9999,0.100000,0,0,0.000000,8,0.000000,0.000000,1.821760,0,0,0,0,0,0,1
90,909999,49,900000,4,10000,40,9999,0.100000,0,0,0.000000,8,0.000000,0.000000,0.167941,0,0,0,0,0,0,0
90,909999,50,900000,72,150000,40,9999,0.100000,0,0,0.000000,8,0.000000,0.000000,0.245674,0,0,0,0,0,0,0
90,909999,51,900000,20,0,40,9999,0.100000,0,0,0.000000,8,0.000000,0.000000,0.557662,0,0,0,0,0,0,0
90,909999,52,900000,69,720000,40,9999,0.100000,0,0,0.000000,8,0.000000,0.000000,0.073730,0,0,0,0,0,0,0
90,909999,53,900000,0,40000,40,9999,0.100000,0,0,0.000000,8,0.000000,0.000000,0.096769,0,0,0,0,0,0,0
90,909999,54,900000,20,0,49,9999,0.100000,0,0,0.000000,8,1.000000,0.000000,6.766081,0,0,0,0,0,0,0
90,909999,55,900000,69,720000,40,9999,0.100000,0,0,0.000000,8,0.000000,0.000000,0.150956,0,0,0,0,0,0,0
90,909999,56,900000,84,650000,40,9999,0.100000,0,0,0.000000,8,0.000000,0.000000,0.113002,0,0,0,0,0,0,0
90,909999,57,900000,0,60000,40,9999,0.100000,0,0,0.000000,8,0.000000,0.000000,9.517558,0,0,0,0,0,0,0
90,909999,58,900000,72,150000,40,9999,0.065000,0,0,0.000000,8,0.000000,0.000000,0.133722,0,0,0,0,0,0,0
90,909999,59,900000,72,150000,40,9999,0.100000,0,0,0.000000,8,0.000000,0.000000,1.040270,0,0,0,0,0,0,0
90,909999,60,900000,72,150000,40,9999,0.100000,0,0,0.000000,8,0.000000,0.000000,0.158821,0,0,0,0,0,0,0
90,909999,61,900000,69,710000,40,9999,0.100000,0,0,0.000000,8,0.000000,0.000000,1.247330,0,0,0,0,0,0,0
90,909999,62,900000,4,10000,49,9999,0.100000,0,0,0.000000,8,11.000000,0.000000,23.437052,0,0,0,0,0,0,0
90,909999,63,900000,0,40000,40,9999,0.100000,0,0,0.000000,8,0.000000,0.000000,0.095890,0,0,0,0,0,0,0
90,909999,64,900000,0,40000,40,9999,0.100000,0,0,0.000000,8,0.000000,0.000000,0.730687,0,0,0,0,0,0,0
90,909999,65,900000,4,10000,40,9999,0.100000,0,0,0.000000,8,0.000000,0.000000,0.209380,0,0,0,0,0,0,0
90,909999,66,900000,84,650000,40,9999,0.100000,0,0,0.000000,8,0.000000,0.000000,0.417337,0,0,0,0,0,0,0
90,909999,67,900000,20,0,40,9999,0.100000,0,0,0.000000,8,0.000000,0.000000,1.147014,0,0,0,0,0,0,0
90,909999,68,900000,69,720000,40,9999,0.100000,0,0,0.000000,8,0.000000,0.000000,3.189192,0,0,0,0,0,0,0
90,909999,69,900000,20,0,40,9999,0.100000,0,0,0.000000,8,0.000000,0.000000,0.078592,0,0,0,0,0,0,0
90,909999,70,900000,0,40000,40,9999,0.100000,0,0,0.000000,8,0.000000,0.000000,0.421378,0,0,0,0,0,0,0
90,909999,71,900000,0,60000,40,9999,0.100000,0,0,0.000000,8,0.000000,0.000000,0.180135,0,0,0,0,0,0,0
90,909999,72,900000,69,710000,40,9999,0.100000,0,0,0.000000,8,0.000000,0.000000,0.075097,0,0,0,0,0,0,0
90,909999,73,900000,20,0,40,9999,0.100000,0,0,0.000000,8,0.000000,0.000000,0.162919,0,0,0,0,0,0,0
90,909999,74,900000,0,40000,40,9999,0.100000,0,0,0.000000,8,0.000000,0.000000,0.662843,0,0,0,0,0,0,0
90,909999,75,900000,0,40000,40,9999,0.100000,0,0,0.000000,8,0.000000,0.000000,0.076084,0,0,0,0,0,0,0
90,909999,76,900000,0,40000,40,9999,0.100000,0,0,0.000000,8,0.000000,0.000000,0.225134,0,0,0,0,0,0,0
90,909999,77,900000,20,0,40,9999,0.100000,0,0,0.000000,8,0.000000,0.000000,0.191808,0,0,0,0,0,0,0
90,909999,78,900000,72,150000,40,9999,0.100000,0,0,0.000000,8,0.000000,0.000000,0.140475,0,0,0,0,0,0,0
90,909999,79,900000,72,150000,49,9999,0.100000,0,0,0.000000,8,5.000000,0.000000,11.267692,0,0,0,0,0,0,0
90,909999,80,900000,20,0,40,9999,0.100000,0,0,0.000000,8,0.000000,0.000000,0.074939,0,0,0,0,0,0,0
90,909999,81,900000,0,40000,40,9999,0.100000,0,0,0.000000,8,0.000000,0.000000,0.761437,0,0,0,0,0,0,0
90,909999,82,900000,72,150000,40,9999,0.100000,0,0,0.000000,8,0.000000,0.000000,0.269254,0,0,0,0,0,0,0
90,909999,83,900000,0,60000,40,9999,0.100000,0,0,0.000000,8,0.000000,0.000000,0.057322,0,0,0,0,0,0,0
90,909999,84,900000,84,650000,40,9999,0.100000,0,0,0.000000,8,0.000000,0.000000,0.189402,0,0,0,0,0,0,0
90,909999,85,900000,20,0,40,9999,0.100000,0,0,0.000000,8,0.000000,0.000000,13.046238,0,0,0,0,0,0,0
90,909999,86,900000,69,710000,40,9999,0.100000,0,0,0.000000,8,0.000000,0.000000,0.145064,0,0,0,0,0,0,0
90,909999,87,900000,69,710000,49,9999,0.100000,0,0,0.000000,8,8.000000,0.000000,10.215464,0,0,0,0,0,0,0
90,909999,88,900000,4,10000,40,9999,0.100000,0,0,0.000000,8,0.000000,0.000000,1.279715,0,0,0,0,0,0,0
90,909999,89,900000,20,0,40,9999,0.100000,0,0,0.000000,8,0.000000,0.000000,0.080422,0,0,0,0,0,0,0
90,909999,90,900000,0,60000,40,9999,0.100000,0,0,0.000000,8,0.000000,0.000000,3.639009,0,0,0,0,0,0,0
90,909999,91,900000,84,650000,40,9999,0.100000,0,0,0.000000,8,0.000000,0.000000,0.598920,0,0,0,0,0,0,0
90,909999,92,900000,69,720000,40,9999,0.100000,0,0,0.000000,8,0.000000,0.000000,0.298799,0,0,0,0,0,0,0
90,909999,93,900000,0,40000,40,9999,0.100000,0,0,0.000000,8,0.000000,0.000000,0.089773,0,0,0,0,0,0,0
90,909999,94,900000,72,150000,40,9999,0.100000,0,0,0.000000,8,0.000000,0.000000,0.176351,0,0,0,0,0,0,0
90,909999,95,900000,0,40000,40,9999,0.100000,0,0,0.000000,8,0.000000,0.000000,0.379108,0,0,0,0,0,0,0
90,909999,96,900000,72,150000,40,9999,0.100000,0,0,0.000000,8,0.000000,0.000000,0.533841,0,0,0,0,0,0,0
90,909999,97,900000,72,150000,40,9999,0.100000,0,0,0.000000,8,0.000000,0.000000,0.271068,0,0,0,0,0,0,0
90,909999,98,900000,69,710000,40,9999,0.100000,0,0,0.000000,8,0.000000,0.000000,0.060361,0,0,0,0,0,0,0
90,909999,99,900000,20,0,40,9999,0.065000,0,0,0.000000,8,0.000000,0.000000,0.981026,0,0,0,0,0,0,0
91,919999,0,910000,0,60000,49,9999,0.100000,0,0,0.000000,8,1.000000,0.000000,3.763154,0,0,0,0,0,0,0
91,919999,1,910000,20,0,40,9999,0.100000,0,0,0.000000,8,0.000000,0.000000,0.092561,0,0,0,0,0,0,0
91,919999,2,910000,69,710000,40,9999,0.100000,0,0,0.000000,8,0.000000,0.000000,0.078900,0,0,0,0,0,0,0
91,919999,3,910000,20,0,40,9999,0.100000,0,0,0.000000,8,0.000000,0.000000,0.973464,0,0,0,0,0,0,0
91,919999,4,910000,72,150000,40,9999,0.135000,0,0,0.000000,8,0.000000,0.000000,0.311500,0,0,0,0,0,0,0
91,919999,5,910000,69,720000,40,9999,0.100000,0,0,0.000000,8,0.000000,0.000000,0.166722,0,0,0,0,0,0,0
91,919999,6,910000,69,720000,40,9999,0.100000,0,0,0.000000,8,0.000000,0.000000,0.138626,0,0,0,0,0,0,0
91,919999,7,910000,0,40000,40,9999,0.100000,0,0,0.000000,8,0.000000,0.000000,0.009433,0,0,0,0,0,0,0
91,919999,8,910000,4,10000,40,9999,0.100000,0,0,0.000000,8,0.000000,0.000000,1.085980,0,0,0,0,0,0,0
91,919999,9,910000,84,650000,40,9999,0.100000,0,0,0.000000,8,0.000000,0.000000,5.608651,0,0,0,0,0,0,0
91,919999,10,910000,84,650000,40,9999,0.100000,0,0,0.000000,8,0.000000,0.000000,1.328170,0,0,0,0,0,0,0
91,919999,11,910000,0,60000,40,9999,0.100000,0,0,0.000000,8,0.000000,0.000000,0.181139,0,0,0,0,0,0,0
91,919999,12,910000,0,40000,40,9999,0.100000,0,0,0.000000,8,0.000000,0.000000,3.917332,0,0,0,0,0,0,0
91,919999,13,910000,69,710000,40,9999,0.100000,0,0,0.000000,8,0.000000,0.000000,0.134787,0,0,0,0,0,0,0
91,919999,14,910000,69,720000,40,9999,0.100000,0,0,0.000000,8,0.000000,0.000000,0.404696,0,0,0,0,0,0,0
91,919999,15,910000,69,720000,40,9999,0.100000,0,0,0.000000,8,0.000000,0.000000,0.239745,0,0,0,0,0,0,0
91,919999,16,910000,84,650000,40,9999,0.100000,0,0,0.000000,8,0.000000,0.000000,1.807309,0,0,0,0,0,0,0
91,919999,17,910000,0,60000,40,9999,0.100000,0,0,0.000000,8,0.000000,0.000000,0.564085,0,0,0,0,0,0,0
91,919999,18,910000,4,10000,40,9999,0.100000,0,0,0.000000,8,0.000000,0.000000,0.238121,0,0,0,0,0,0,0
91,919999,19,910000,84,650000,40,9999,0.100000,0,0,0.000000,8,0.000000,0.000000,0.896068,0,0,0,0,0,0,0
91,919999,20,910000,84,650000,40,9999,0.100000,0,0,0.000000,8,0.000000,0.000000,0.459623,0,0,0,0,0,0,0
91,919999,21,910000,69,720000,40,9999,0.100000,0,0,0.000000,8,0.000000,0.000000,7.262205,0,0,0,0,0,0,0
91,919999,22,910000,72,150000,40,9999,0.100000,0,0,0.000000,8,0.000000,0.000000,20.909867,0,0,0,0,0,0,0
91,919999,23,910000,69,710000,40,9999,0.100000,0,0,0.000000,8,0.000000,0.000000,0.218624,0,0,0,0,0,0,0
91,919999,24,910000,4,10000,40,9999,0.100000,0,0,0.000000,8,0.000000,0.000000,1.219421,0,0,0,0,0,0,0
91,919999,25,910000,4,10000,40,9999,0.100000,0,0,0.000000,8,0.000000,0.000000,0.591547,0,0,0,0,0,0,0
91,919999,26,910000,69,710000,40,9999,0.100000,0,0,0.000000,8,0.000000,0.000000,0.073304,0,0,0,0,0,0,0
91,919999,27,910000,0,60000,40,9999,0.100000,0,0,0.000000,8,0.000000,0.000000,3.784654,0,0,0,0,0,0,0
91,919999,28,910000,20,0,40,9999,0.100000,0,0,0.000000,8,0.000000,0.000000,0.073094,0,0,0,0,0,0,0
91,919999,29,910000,69,710000,40,9999,0.100000,0,0,0.000000,8,0.000000,0.000000,0.864383,0,0,0,0,0,0,0
91,919999,30,910000,20,0,40,9999,0.100000,0,0,0.000000,8,0.000000,0.000000,0.124126,0,0,0,0,0,0,0
91,919999,31,910000,69,720000,40,9999,0.100000,0,0,0.000000,8,0.000000,0.000000,1.191118,0,0,0,0,0,0,0
91,919999,32,910000,20,0,49,9999,0.100000,0,0,0.000000,8,3.000000,0.000000,6.470224,0,0,0,0,0,0,0
91,919999,33,910000,0,60000,40,9999,0.100000,0,0,0.000000,8,0.000000,0.000000,0.999098,0,0,0,0,0,0,0
91,919999,34,910000,69,710000,40,9999,0.100000,0,0,0.000000,8,0.000000,0.000000,0.304157,0,0,0,0,0,0,0
91,919999,35,910000,84,650000,40,9999,0.135000,0,0,0.000000,8,0.000000,0.000000,0.184786,0,0,0,0,0,0,0
91,919999,36,910000,0,40000,49,9999,0.100000,0,0,0.000000,8,1.000000,0.000000,1.752104,0,0,0,0,0,0,0
91,919999,37,910000,0,60000,40,9999,0.100000,0,0,0.000000,8,0.000000,0.000000,0.310234,0,0,0,0,0,0,0
91,919999,38,910000,84,650000,40,9999,0.100000,0,0,0.000000,8,0.000000,0.000000,0.753959,0,0,0,0,0,0,0
91,919999,39,910000,69,710000,40,9999,0.100000,0,0,0.000000,8,0.000000,0.000000,1.057883,0,0,0,0,0,0,0
91,919999,40,910000,20,0,40,9999,0.100000,0,0,0.000000,8,0.000000,0.000000,0.118925,0,0,0,0,0,0,0
91,919999,41,910000,0,40000,40,9999,0.100000,0,0,0.000000,8,0.000000,0.000000,0.626335,0,0,0,0,0,0,0
91,919999,42,910000,0,60000,40,9999,0.100000,0,0,0.000000,8,0.000000,0.000000,0.383321,0,0,0,0,0,0,0
91,919999,43,910000,69,720000,40,9999,0.100000,0,0,0.000000,8,0.000000,0.000000,0.092341,0,0,0,0,0,0,0
91,919999,44,910000,69,720000,40,9999,0.100000,0,0,0.000000,8,0.000000,0.000000,0.239044,0,0,0,0,0,0,0
91,919999,45,910000,69,720000,40,9999,0.100000,0,0,0.000000,8,0.000000,0.000000,0.230321,0,0,0,0,0,0,0
91,919999,46,910000,69,710000,40,9999,0.100000,0,0,0.000000,8,0.000000,0.000000,0.243833,0,0,0,0,0,0,0
91,919999,47,910000,4,10000,40,9999,0.100000,0,0,0.000000,8,0.000000,0.000000,0.083937,0,0,0,0,0,0,0
91,919999,48,910000,69,720000,49,9999,0.100000,0,0,0.000000,8,1.000000,0.000000,8.608790,0,0,0,0,0,0,0
91,919999,49,910000,84,650000,40,9999,0.100000,0,0,0.000000,8,0.000000,0.000000,0.167303,0,0,0,0,0,0,0
91,919999,50,910000,0,60000,40,9999,0.100000,0,0,0.000000,8,0.000000,0.000000,0.236811,0,0,0,0,0,0,0
91,919999,51,910000,69,710000,40,9999,0.100000,0,0,0.000000,8,0.000000,0.000000,0.153093,0,0,0,0,0,0,0
91,919999,52,910000,84,650000,49,9999,0.100000,0,0,0.000000,8,8.000000,0.000000,33.074135,0,0,0,0,0,0,0
91,919999,53,910000,0,60000,40,9999,0.100000,0,0,0.000000,8,0.000000,0.000000,0.096219,0,0,0,0,0,0,0
91,919999,54,910000,69,720000,49,9999,0.100000,0,0,0.000000,8,3.000000,0.000000,22.286379,0,0,0,0,0,0,0
91,919999,55,910000,84,650000,40,9999,0.100000,0,0,0.000000,8,0.000000,0.000000,0.150382,0,0,0,0,0,0,0
91,919999,56,910000,72,150000,40,9999,0.100000,0,0,0.000000,8,0.000000,0.000000,0.101259,0,0,0,0,0,0,0
91,919999,57,910000,20,0,40,9999,0.100000,0,0,0.000000,8,0.000000,0.000000,1.079225,0,0,0,0,0,0,0
91,919999,58,910000,0,40000,40,9999,0.100000,0,0,0.000000,8,0.000000,0.000000,0.135393,0,0,0,0,0,0,0
91,919999,59,910000,69,710000,40,9999,0.100000,0,0,0.000000,8,0.000000,0.000000,1.253084,0,0,0,0,0,0,0
91,919999,60,910000,4,10000,40,9999,0.100000,0,0,0.000000,8,0.000000,0.000000,0.158619,0,0,0,0,0,0,0
91,919999,61,910000,72,150000,40,9999,0.100000,0,0,0.000000,8,0.000000,0.000000,0.952719,0,0,0,0,0,0,0
91,919999,62,910000,4,10000,49,9999,0.135000,0,0,0.000000,8,11.000000,0.000000,23.437052,0,0,0,0,0,0,0
91,919999,63,910000,0,60000,40,9999,0.100000,0,0,0.000000,8,0.000000,0.000000,0.084264,0,0,0,0,0,0,0
91,919999,64,910000,72,150000,40,9999,0.100000,0,0,0.000000,8,0.000000,0.000000,0.762917,0,0,0,0,0,0,0
91,919999,65,910000,69,710000,40,9999,0.100000,0,0,0.000000,8,0.000000,0.000000,0.208499,0,0,0,0,0,0,0
91,919999,66,910000,69,720000,40,9999,0.100000,0,0,0.000000,8,0.000000,0.000000,0.486069,0,0,0,0,0,0,0
91,919999,67,910000,0,60000,40,9999,0.100000,0,0,0.000000,8,0.000000,0.000000,1.034809,0,0,0,0,0,0,0
91,919999,68,910000,0,40000,40,9999,0.100000,0,0,0.000000,8,0.000000,0.000000,3.060687,0,0,0,0,0,0,0
91,919999,69,910000,69,720000,40,9999,0.100000,0,0,0.000000,8,0.000000,0.000000,1.808207,0,0,0,0,0,0,0
91,919999,70,910000,0,40000,40,9999,0.100000,0,0,0.000000,8,0.000000,0.000000,0.415680,0,0,0,0,0,0,0
91,919999,71,910000,0,40000,40,9999,0.100000,0,0,0.000000,8,0.000000,0.000000,0.179408,0,0,0,0,0,0,0
91,919999,72,910000,69,720000,40,9999,0.100000,0,0,0.000000,8,0.000000,0.000000,0.076916,0,0,0,0,0,0,0
91,919999,73,910000,69,710000,40,9999,0.100000,0,0,0.000000,8,0.000000,0.000000,0.169734,0,0,0,0,0,0,0
91,919999,74,910000,20,0,40,9999,0.100000,0,0,0.000000,8,0.000000,0.000000,0.891806,0,0,0,0,0,0,0
91,919999,75,910000,0,60000,40,9999,0.100000,0,0,0.000000,8,0.000000,0.000000,0.088605,0,0,0,0,0,0,0
91,919999,76,910000,4,10000,40,9999,0.100000,0,0,0.000000,8,0.000000,0.000000,0.243440,0,0,0,0,0,0,0
91,919999,77,910000,69,720000,49,9999,0.100000,0,0,0.000000,8,5.000000,0.000000,13.052184,0,0,0,0,0,0,0
91,919999,78,910000,72,150000,40,9999,0.100000,0,0,0.000000,8,0.000000,0.000000,0.141296,0,0,0,0,0,0,0
91,919999,79,910000,84,650000,40,9999,0.100000,0,0,0.000000,8,0.000000,0.000000,0.090678,0,0,0,0,0,0,0
91,919999,80,910000,69,720000,40,9999,0.100000,0,0,0.000000,8,0.000000,0.000000,0.072682,0,0,0,0,0,0,0
91,919999,81,910000,69,720000,40,9999,0.100000,0,0,0.000000,8,0.000000,0.000000,0.840896,0,0,0,0,0,0,0
91,919999,82,910000,20,0,40,9999,0.100000,0,0,0.000000,8,0.000000,0.000000,0.348157,0,0,0,0,0,0,0
91,919999,83,910000,84,650000,40,9999,0.100000,0,0,0.000000,8,0.000000,0.000000,0.075527,0,0,0,0,0,0,0
91,919999,84,910000,20,0,40,9999,0.100000,0,0,0.000000,8,0.000000,0.000000,0.180053,0,0,0,0,0,0,0
91,919999,85,910000,69,710000,40,9999,0.100000,0,0,0.000000,8,0.000000,0.000000,1.176069,0,0,0,0,0,0,0
91,919999,86,910000,69,720000,40,9999,0.100000,0,0,0.000000,8,0.000000,0.000000,0.109974,0,0,0,0,0,0,0
91,919999,87,910000,72,150000,40,9999,0.100000,0,0,0.000000,8,0.000000,0.000000,0.493019,0,0,0,0,0,0,0
91,919999,88,910000,20,0,49,9999,0.100000,0,0,0.000000,8,10.000000,0.000000,21.157723,0,0,0,0,0,0,0
91,919999,89,910000,84,650000,40,9999,0.100000,0,0,0.000000,8,0.000000,0.000000,0.080975,0,0,0,0,0,0,0
91,919999,90,910000,20,0,40,9999,0.100000,0,0,0.000000,8,0.000000,0.000000,3.672389,0,0,0,0,0,0,0
91,919999,91,910000,69,720000,40,9999,0.100000,0,0,0.000000,8,0.000000,0.000000,0.618990,0,0,0,0,0,0,0
91,919999,92,910000,69,710000,40,9999,0.100000,0,0,0.000000,8,0.000000,0.000000,0.244196,0,0,0,0,0,0,0
91,919999,93,910000,0,60000,49,9999,0.100000,0,0,0.000000,8,5.000000,0.000000,11.993236,0,0,0,0,0,0,0
91,919999,94,910000,72,150000,40,9999,0.100000,0,0,0.000000,8,0.000000,0.000000,0.151095,0,0,0,0,0,0,0
91,919999,95,910000,72,150000,40,9999,0.100000,0,0,0.000000,8,0.000000,0.000000,0.369721,0,0,0,0,0,0,0
91,919999,96,910000,20,0,40,9999,0.100000,0,0,0.000000,8,0.000000,0.000000,0.629388,0,0,0,0,0,0,0
91,919999,97,910000,72,150000,40,9999,0.100000,0,0,0.000000,8,0.000000,0.000000,0.631779,0,0,0,0,0,0,0
91,919999,98,910000,20,0,40,9999,0.100000,0,0,0.000000,8,0.000000,0.000000,0.060213,0,0,0,0,0,0,0
91,919999,99,910000,69,720000,40,9999,0.100000,0,0,0.000000,8,0.000000,0.000000,0.750014,0,0,0,0,0,0,0
92,929999,0,920000,0,40000,40,9999,0.100000,0,0,0.000000,8,0.000000,0.000000,5.914325,0,0,0,0,0,0,0
92,929999,1,920000,69,720000,40,9999,0.100000,0,0,0.000000,8,0.000000,0.000000,0.097475,0,0,0,0,0,0,0
92,929999,2,920000,0,40000,40,9999,0.100000,0,0,0.000000,8,0.000000,0.000000,0.076681,0,0,0,0,0,0,0
92,929999,3,920000,69,720000,40,9999,0.100000,0,0,0.000000,8,0.000000,0.000000,0.974155,0,0,0,0,0,0,0
92,929999,4,920000,72,150000,40,9999,0.100000,0,0,0.000000,8,0.000000,0.000000,0.284801,0,0,0,0,0,0,0
92,929999,5,920000,20,0,40,9999,0.100000,0,0,0.000000,8,0.000000,0.000000,0.179451,0,0,0,0,0,0,0
92,929999,6,920000,69,720000,40,9999,0.100000,0,0,0.000000,8,0.000000,0.000000,0.140675,0,0,0,0,0,0,0
92,929999,7,920000,20,0,40,9999,0.100000,0,0,0.000000,8,0.000000,0.000000,0.009607,0,0,0,0,0,0,0
92,929999,8,920000,4,10000,49,9999,0.100000,0,0,0.000000,8,1.000000,0.000000,1.415244,0,0,0,0,0,0,0
92,929999,9,920000,69,720000,40,9999,0.100000,0,0,0.000000,8,0.000000,0.000000,0.269923,0,0,0,0,0,0,0
92,929999,10,920000,20,0,49,9999,0.100000,0,0,0.000000,8,1.000000,0.000000,2.246516,0,0,0,0,0,0,0
92,929999,11,920000,0,60000,40,9999,0.100000,0,0,0.000000,8,0.000000,0.000000,0.175625,0,0,0,0,0,0,0
92,929999,12,920000,0,40000,40,9999,0.100000,0,0,0.000000,8,0.000000,0.000000,1.868854,0,0,0,0,0,0,0
92,929999,13,920000,84,650000,40,9999,0.100000,0,0,0.000000,8,0.000000,0.000000,0.133344,0,0,0,0,0,0,0
92,929999,14,920000,0,60000,40,9999,0.100000,0,0,0.000000,8,0.000000,0.000000,0.276781,0,0,0,0,0,0,0
92,929999,15,920000,84,650000,40,9999,0.100000,0,0,0.000000,8,0.000000,0.000000,0.240431,0,0,0,0,0,0,0
92,929999,16,920000,69,720000,40,9999,0.100000,0,0,0.000000,8,0.000000,0.000000,0.323371,0,0,0,0,0,0,0
92,929999,17,920000,20,0,40,9999,0.100000,0,0,0.000000,8,0.000000,0.000000,0.695849,0,0,0,0,0,0,0
92,929999,18,920000,84,650000,40,9999,0.100000,0,0,0.000000,8,0.000000,0.000000,0.229120,0,0,0,0,0,0,0
92,929999,19,920000,4,10000,40,9999,0.100000,0,0,0.000000,8,0.000000,0.000000,0.384149,0,0,0,0,0,0,0
92,929999,20,920000,72,150000,40,9999,0.100000,0,0,0.000000,8,0.000000,0.000000,0.510765,0,0,0,0,0,0,0
92,929999,21,920000,0,60000,40,9999,0.100000,0,0,0.000000,8,0.000000,0.000000,8.934949,0,0,0,0,0,0,0
92,929999,22,920000,69,710000,49,9999,0.100000,0,0,0.000000,8,1.000000,0.000000,12.230881,0,0,0,0,0,0,0
92,929999,23,920000,20,0,40,9999,0.100000,0,0,0.000000,8,0.000000,0.000000,0.232831,0,0,0,0,0,0,0
92,929999,24,920000,84,650000,49,9999,0.100000,0,0,0.000000,8,1.000000,0.000000,4.969162,0,0,0,0,0,0,0
92,929999,25,920000,69,710000,40,9999,0.100000,0,0,0.000000,8,0.000000,0.000000,0.344339,0,0,0,0,0,0,0
92,929999,26,920000,0,60000,40,9999,0.100000,0,0,0.000000,8,0.000000,0.000000,0.073243,0,0,0,0,0,0,0
92,929999,27,920000,0,60000,40,9999,0.100000,0,0,0.000000,8,0.000000,0.000000,3.913588,0,0,0,0,0,0,0
92,929999,28,920000,84,650000,40,9999,0.100000,0,0,0.000000,8,0.000000,0.000000,0.139136,0,0,0,0,0,0,0
92,929999,29,920000,4,10000,40,9999,0.100000,0,0,0.000000,8,0.000000,0.000000,1.085434,0,0,0,0,0,0,0
92,929999,30,920000,69,720000,40,9999,0.100000,0,0,0.000000,8,0.000000,0.000000,0.124241,0,0,0,0,0,0,0
92,929999,31,920000,69,720000,49,9999,0.100000,0,0,0.000000,8,1.000000,0.000000,2.222723,0,0,0,0,0,0,0
92,929999,32,920000,69,710000,40,9999,0.100000,0,0,0.000000,8,0.000000,0.000000,0.224886,0,0,0,0,0,0,0
92,929999,33,920000,0,40000,49,9999,0.100000,0,0,0.000000,8,1.000000,0.000000,7.108912,0,0,0,0,0,0,0
92,929999,34,920000,69,720000,40,9999,0.100000,0,0,0.000000,8,0.000000,0.000000,0.443278,0,0,0,0,0,0,0
92,929999,35,920000,0,40000,40,9999,0.100000,0,0,0.000000,8,0.000000,0.000000,0.191855,0,0,0,0,0,0,0
92,929999,36,920000,69,720000,49,9999,0.100000,0,0,0.000000,8,8.000000,0.000000,8.922974,0,0,0,0,0,0,0
92,929999,37,920000,69,710000,40,9999,0.100000,0,0,0.000000,8,0.000000,0.000000,0.294185,0,0,0,0,0,0,0
92,929999,38,920000,72,150000,40,9999,0.100000,0,0,0.000000,8,0.000000,0.000000,0.723999,0,0,0,0,0,0,0
92,929999,39,920000,69,720000,40,9999,0.100000,0,0,0.000000,8,0.000000,0.000000,1.173155,0,0,0,0,0,0,0
92,929999,40,920000,4,10000,40,9999,0.100000,0,0,0.000000,8,0.000000,0.000000,0.118852,0,0,0,0,0,0,0
92,929999,41,920000,84,650000,40,9999,0.100000,0,0,0.000000,8,0.000000,0.000000,0.634376,0,0,0,0,0,0,0
92,929999,42,920000,0,60000,40,9999,0.100000,0,0,0.000000,8,0.000000,0.000000,0.292966,0,0,0,0,0,0,0
92,929999,43,920000,69,720000,40,9999,0.100000,0,0,0.000000,8,0.000000,0.000000,0.093164,0,0,0,0,0,0,0
92,929999,44,920000,69,720000,40,9999,0.100000,0,0,0.000000,8,0.000000,0.000000,0.240634,0,0,0,0,0,0,0
92,929999,45,920000,69,720000,40,9999,0.100000,0,0,0.000000,8,0.000000,0.000000,0.242883,0,0,0,0,0,0,0
92,929999,46,920000,84,650000,40,9999,0.100000,0,0,0.000000,8,0.000000,0.000000,0.245682,0,0,0,0,0,0,0
92,929999,47,920000,84,650000,40,9999,0.100000,0,0,0.000000,8,0.000000,0.000000,0.081177,0,0,0,0,0,0,0
92,929999,48,920000,69,710000,49,9999,0.100000,0,0,0.000000,8,1.000000,0.000000,6.390794,0,0,0,0,0,0,0
92,929999,49,920000,20,0,40,9999,0.100000,0,0,0.000000,8,0.000000,0.000000,0.209588,0,0,0,0,0,0,0
92,929999,50,920000,20,0,40,9999,0.100000,0,0,0.000000,8,0.000000,0.000000,0.252690,0,0,0,0,0,0,0
92,929999,51,920000,72,150000,40,9999,0.100000,0,0,0.000000,8,0.000000,0.000000,0.157102,0,0,0,0,0,0,0
92,929999,52,920000,0,40000,49,9999,0.100000,0,0,0.000000,8,8.000000,0.000000,16.567447,0,0,0,0,0,0,0
92,929999,53,920000,72,150000,40,9999,0.100000,0,0,0.000000,8,0.000000,0.000000,0.094025,0,0,0,0,0,0,0
92,929999,54,920000,0,60000,49,9999,0.100000,0,0,0.000000,8,5.000000,0.000000,10.705799,0,0,0,0,0,0,0
92,929999,55,920000,0,40000,40,9999,0.100000,0,0,0.000000,8,0.000000,0.000000,0.150065,0,0,0,0,0,0,0
92,929999,56,920000,69,720000,40,9999,0.100000,0,0,0.000000,8,0.000000,0.000000,0.103088,0,0,0,0,0,0,0
92,929999,57,920000,4,10000,40,9999,0.100000,0,0,0.000000,8,0.000000,0.000000,1.003450,0,0,0,0,0,0,0
92,929999,58,920000,72,150000,40,9999,0.100000,0,0,0.000000,8,0.000000,0.000000,0.140530,0,0,0,0,0,0,0
92,929999,59,920000,69,720000,49,9999,0.100000,0,0,0.000000,8,1.000000,0.000000,2.229532,0,0,0,0,0,0,0
92,929999,60,920000,84,650000,40,9999,0.100000,0,0,0.000000,8,0.000000,0.000000,0.206665,0,0,0,0,0,0,0
92,929999,61,920000,84,650000,49,9999,0.100000,0,0,0.000000,8,1.000000,0.000000,1.678321,0,0,0,0,0,0,0
92,929999,62,920000,4,10000,40,9999,0.135000,0,0,0.000000,8,0.000000,0.000000,0.009333,0,0,0,0,0,0,0
92,929999,63,920000,20,0,40,9999,0.100000,0,0,0.000000,8,0.000000,0.000000,0.088252,0,0,0,0,0,0,0
92,929999,64,920000,69,710000,40,9999,0.100000,0,0,0.000000,8,0.000000,0.000000,0.756417,0,0,0,0,0,0,0
92,929999,65,920000,84,650000,40,9999,0.100000,0,0,0.000000,8,0.000000,0.000000,0.206173,0,0,0,0,0,0,0
92,929999,66,920000,0,40000,40,9999,0.100000,0,0,0.000000,8,0.000000,0.000000,0.497121,0,0,0,0,0,0,0
92,929999,67,920000,0,60000,49,9999,0.100000,0,0,0.000000,8,1.000000,0.000000,1.387208,0,0,0,0,0,0,0
92,929999,68,920000,20,0,40,9999,0.100000,0,0,0.000000,8,0.000000,0.000000,3.144329,0,0,0,0,0,0,0
92,929999,69,920000,4,10000,40,9999,0.100000,0,0,0.000000,8,0.000000,0.000000,0.081568,0,0,0,0,0,0,0
92,929999,70,920000,0,40000,40,9999,0.100000,0,0,0.000000,8,0.000000,0.000000,0.420670,0,0,0,0,0,0,0
92,929999,71,920000,0,40000,40,9999,0.100000,0,0,0.000000,8,0.000000,0.000000,0.186660,0,0,0,0,0,0,0
92,929999,72,920000,4,10000,40,9999,0.100000,0,0,0.000000,8,0.000000,0.000000,0.075290,0,0,0,0,0,0,0
92,929999,73,920000,84,650000,40,9999,0.100000,0,0,0.000000,8,0.000000,0.000000,0.174464,0,0,0,0,0,0,0
92,929999,74,920000,20,0,49,9999,0.100000,0,0,0.000000,8,1.000000,0.000000,2.246531,0,0,0,0,0,0,0
92,929999,75,920000,69,720000,40,9999,0.100000,0,0,0.000000,8,0.000000,0.000000,0.094859,0,0,0,0,0,0,0
92,929999,76,920000,69,720000,40,9999,0.100000,0,0,0.000000,8,0.000000,0.000000,0.238411,0,0,0,0,0,0,0
92,929999,77,920000,69,710000,40,9999,0.100000,0,0,0.000000,8,0.000000,0.000000,0.256033,0,0,0,0,0,0,0
92,929999,78,920000,69,720000,40,9999,0.100000,0,0,0.000000,8,0.000000,0.000000,0.141209,0,0,0,0,0,0,0
92,929999,79,920000,69,710000,40,9999,0.100000,0,0,0.000000,8,0.000000,0.000000,0.091120,0,0,0,0,0,0,0
92,929999,80,920000,69,720000,40,9999,0.100000,0,0,0.000000,8,0.000000,0.000000,0.072455,0,0,0,0,0,0,0
92,929999,81,920000,4,10000,40,9999,0.100000,0,0,0.000000,8,0.000000,0.000000,0.946811,0,0,0,0,0,0,0
92,929999,82,920000,0,40000,40,9999,0.100000,0,0,0.000000,8,0.000000,0.000000,0.512306,0,0,0,0,0,0,0
92,929999,83,920000,0,40000,40,9999,0.100000,0,0,0.000000,8,0.000000,0.000000,0.083357,0,0,0,0,0,0,0
92,929999,84,920000,84,650000,40,9999,0.100000,0,0,0.000000,8,0.000000,0.000000,0.578770,0,0,0,0,0,0,0
92,929999,85,920000,84,650000,49,9999,0.100000,0,0,0.000000,8,1.000000,0.000000,2.423982,0,0,0,0,0,0,0
92,929999,86,920000,0,60000,40,9999,0.100000,0,0,0.000000,8,0.000000,0.000000,0.135513,0,0,0,0,0,0,0
92,929999,87,920000,84,650000,40,9999,0.100000,0,0,0.000000,8,0.000000,0.000000,0.632192,0,0,0,0,0,0,0
92,929999,88,920000,0,60000,40,9999,0.100000,0,0,0.000000,8,0.000000,0.000000,1.086774,0,0,0,0,0,0,0
92,929999,89,920000,72,150000,49,9999,0.100000,0,0,0.000000,8,3.000000,0.000000,7.704522,0,0,0,0,0,0,0
92,929999,90,920000,69,710000,40,9999,0.100000,0,0,0.000000,8,0.000000,0.000000,3.483025,0,0,0,0,0,0,0
92,929999,91,920000,69,720000,49,9999,0.100000,0,0,0.000000,8,9.000000,0.000000,18.704883,0,0,0,0,0,0,0
92,929999,92,920000,0,40000,40,9999,0.100000,0,0,0.000000,8,0.000000,0.000000,0.253588,0,0,0,0,0,0,0
92,929999,93,920000,0,40000,40,9999,0.100000,0,0,0.000000,8,0.000000,0.000000,0.089624,0,0,0,0,0,0,0
92,929999,94,920000,69,720000,40,9999,0.100000,0,0,0.000000,8,0.000000,0.000000,0.148929,0,0,0,0,0,0,0
92,929999,95,920000,20,0,40,9999,0.100000,0,0,0.000000,8,0.000000,0.000000,0.406392,0,0,0,0,0,0,0
92,929999,96,920000,4,10000,40,9999,0.100000,0,0,0.000000,8,0.000000,0.000000,0.597758,0,0,0,0,0,0,0
92,929999,97,920000,0,60000,40,9999,0.100000,0,0,0.000000,8,0.000000,0.000000,0.730537,0,0,0,0,0,0,0
92,929999,98,920000,69,710000,40,9999,0.100000,0,0,0.000000,8,0.000000,0.000000,0.200569,0,0,0,0,0,0,0
92,929999,99,920000,20,0,40,9999,0.100000,0,0,0.000000,8,0.000000,0.000000,0.594495,0,0,0,0,0,0,0
93,939999,0,930000,69,720000,40,9999,0.100000,0,0,0.000000,8,0.000000,0.000000,2.481183,0,0,0,0,0,0,0
93,939999,1,930000,84,650000,40,9999,0.100000,0,0,0.000000,8,0.000000,0.000000,0.102718,0,0,0,0,0,0,0
93,939999,2,930000,0,60000,40,9999,0.100000,0,0,0.000000,8,0.000000,0.000000,0.076014,0,0,0,0,0,0,0
93,939999,3,930000,69,710000,40,9999,0.100000,0,0,0.000000,8,0.000000,0.000000,0.976265,0,0,0,0,0,0,0
93,939999,4,930000,69,710000,40,9999,0.100000,0,0,0.000000,8,0.000000,0.000000,0.336855,0,0,0,0,0,0,0
93,939999,5,930000,0,60000,40,9999,0.100000,0,0,0.000000,8,0.000000,0.000000,0.157084,0,0,0,0,0,0,0
93,939999,6,930000,0,40000,40,9999,0.100000,0,0,0.000000,8,0.000000,0.000000,0.137499,0,0,0,0,0,0,0
93,939999,7,930000,84,650000,40,9999,0.100000,0,0,0.000000,8,0.000000,0.000000,0.175066,0,0,0,0,0,0,0
93,939999,8,930000,84,650000,40,9999,0.100000,0,0,0.000000,8,0.000000,0.000000,0.721590,0,0,0,0,0,0,0
93,939999,9,930000,4,10000,40,9999,0.100000,0,0,0.000000,8,0.000000,0.000000,0.544732,0,0,0,0,0,0,0
93,939999,10,930000,69,720000,40,9999,0.100000,0,0,0.000000,8,0.000000,0.000000,0.674978,0,0,0,0,0,0,0
93,939999,11,930000,69,710000,40,9999,0.100000,0,0,0.000000,8,0.000000,0.000000,0.171159,0,0,0,0,0,0,0
93,939999,12,930000,20,0,40,9999,0.100000,0,0,0.000000,8,0.000000,0.000000,3.370086,0,0,0,0,0,0,0
93,939999,13,930000,0,60000,40,9999,0.100000,0,0,0.000000,8,0.000000,0.000000,0.136675,0,0,0,0,0,0,0
93,939999,14,930000,0,60000,40,9999,0.100000,0,0,0.000000,8,0.000000,0.000000,0.617557,0,0,0,0,0,0,0
93,939999,15,930000,4,10000,40,9999,0.100000,0,0,0.000000,8,0.000000,0.000000,0.246063,0,0,0,0,0,0,0
93,939999,16,930000,0,60000,40,9999,0.100000,0,0,0.000000,8,0.000000,0.000000,1.009680,0,0,0,0,0,0,0
93,939999,17,930000,69,720000,40,9999,0.100000,0,0,0.000000,8,0.000000,0.000000,0.727790,0,0,0,0,0,0,0
93,939999,18,930000,0,60000,40,9999,0.100000,0,0,0.000000,8,0.000000,0.000000,0.229700,0,0,0,0,0,0,0
93,939999,19,930000,0,60000,40,9999,0.100000,0,0,0.000000,8,0.000000,0.000000,0.304505,0,0,0,0,0,0,0
93,939999,20,930000,4,10000,40,9999,0.100000,0,0,0.000000,8,0.000000,0.000000,1.700563,0,0,0,0,0,0,0
93,939999,21,930000,72,150000,40,9999,0.100000,0,0,0.000000,8,0.000000,0.000000,8.823871,0,0,0,0,0,0,0
93,939999,22,930000,84,650000,40,9999,0.100000,0,0,0.000000,8,0.000000,0.000000,2.609579,0,0,0,0,0,0,0
93,939999,23,930000,69,720000,40,9999,0.100000,0,0,0.000000,8,0.000000,0.000000,0.206927,0,0,0,0,0,0,0
93,939999,24,930000,69,710000,49,9999,0.100000,0,0,0.000000,8,1.000000,0.000000,2.173541,0,0,0,0,0,0,0
93,939999,25,930000,20,0,40,9999,0.100000,0,0,0.000000,8,0.000000,0.000000,0.256503,0,0,0,0,0,0,0
93,939999,26,930000,84,650000,40,9999,0.100000,0,0,0.000000,8,0.000000,0.000000,0.073295,0,0,0,0,0,0,0
93,939999,27,930000,0,40000,40,9999,0.100000,0,0,0.000000,8,0.000000,0.000000,3.648036,0,0,0,0,0,0,0
93,939999,28,930000,0,60000,40,9999,0.100000,0,0,0.000000,8,0.000000,0.000000,0.069164,0,0,0,0,0,0,0
93,939999,29,930000,69,720000,40,9999,0.100000,0,0,0.000000,8,0.000000,0.000000,0.778304,0,0,0,0,0,0,0
93,939999,30,930000,69,720000,40,9999,0.100000,0,0,0.000000,8,0.000000,0.000000,0.125024,0,0,0,0,0,0,0
93,939999,31,930000,20,0,40,9999,0.100000,0,0,0.000000,8,0.000000,0.000000,0.703915,0,0,0,0,0,0,0
93,939999,32,930000,4,10000,40,9999,0.100000,0,0,0.000000,8,0.000000,0.000000,0.236802,0,0,0,0,0,0,0
93,939999,33,930000,72,150000,40,9999,0.100000,0,0,0.000000,8,0.000000,0.000000,2.838710,0,0,0,0,0,0,0
93,939999,34,930000,0,40000,40,9999,0.100000,0,0,0.000000,8,0.000000,0.000000,0.446148,0,0,0,0,0,0,0
93,939999,35,930000,4,10000,40,9999,0.100000,0,0,0.000000,8,0.000000,0.000000,0.193716,0,0,0,0,0,0,0
93,939999,36,930000,4,10000,40,9999,0.100000,0,0,0.000000,8,0.000000,0.000000,0.250391,0,0,0,0,0,0,0
93,939999,37,930000,4,10000,49,9999,0.100000,0,0,0.000000,8,2.000000,0.000000,5.185422,0,0,0,0,0,0,0
93,939999,38,930000,72,150000,40,9999,0.100000,0,0,0.000000,8,0.000000,0.000000,0.743740,0,0,0,0,0,0,0
93,939999,39,930000,4,10000,40,9999,0.100000,0,0,0.000000,8,0.000000,0.000000,1.666984,0,0,0,0,0,0,0
93,939999,40,930000,72,150000,40,9999,0.100000,0,0,0.000000,8,0.000000,0.000000,0.120122,0,0,0,0,0,0,0
93,939999,41,930000,69,710000,40,9999,0.100000,0,0,0.000000,8,0.000000,0.000000,0.666395,0,0,0,0,0,0,0
93,939999,42,930000,72,150000,40,9999,0.100000,0,0,0.000000,8,0.000000,0.000000,0.467511,0,0,0,0,0,0,0
93,939999,43,930000,20,0,40,9999,0.100000,0,0,0.000000,8,0.000000,0.000000,0.093904,0,0,0,0,0,0,0
93,939999,44,930000,84,650000,40,9999,0.100000,0,0,0.000000,8,0.000000,0.000000,0.237621,0,0,0,0,0,0,0
93,939999,45,930000,69,720000,40,9999,0.100000,0,0,0.000000,8,0.000000,0.000000,0.239551,0,0,0,0,0,0,0
93,939999,46,930000,0,40000,40,9999,0.100000,0,0,0.000000,8,0.000000,0.000000,0.234350,0,0,0,0,0,0,0
93,939999,47,930000,84,650000,40,9999,0.100000,0,0,0.000000,8,0.000000,0.000000,0.093820,0,0,0,0,0,0,0
93,939999,48,930000,72,150000,40,9999,0.100000,0,0,0.000000,8,0.000000,0.000000,1.510012,0,0,0,0,0,0,0
93,939999,49,930000,69,710000,40,9999,0.100000,0,0,0.000000,8,0.000000,0.000000,0.156640,0,0,0,0,0,0,0
93,939999,50,930000,69,720000,40,9999,0.100000,0,0,0.000000,8,0.000000,0.000000,0.239801,0,0,0,0,0,0,0
93,939999,51,930000,0,40000,40,9999,0.100000,0,0,0.000000,8,0.000000,0.000000,0.153846,0,0,0,0,0,0,0
93,939999,52,930000,0,40000,49,9999,0.100000,0,0,0.000000,8,8.000000,0.000000,16.568921,0,0,0,0,0,0,0
93,939999,53,930000,4,10000,40,9999,0.100000,0,0,0.000000,8,0.000000,0.000000,0.095026,0,0,0,0,0,0,0
93,939999,54,930000,0,40000,40,9999,0.100000,0,0,0.000000,8,0.000000,0.000000,8.212169,0,0,0,0,0,0,0
93,939999,55,930000,84,650000,40,9999,0.100000,0,0,0.000000,8,0.000000,0.000000,0.151182,0,0,0,0,0,0,0
93,939999,56,930000,69,720000,40,9999,0.100000,0,0,0.000000,8,0.000000,0.000000,0.100323,0,0,0,0,0,0,0
93,939999,57,930000,20,0,40,9999,0.100000,0,0,0.000000,8,0.000000,0.000000,0.991179,0,0,0,0,0,0,0
93,939999,58,930000,0,40000,40,9999,0.100000,0,0,0.000000,8,0.000000,0.000000,0.144129,0,0,0,0,0,0,0
93,939999,59,930000,72,150000,40,9999,0.100000,0,0,0.000000,8,0.000000,0.000000,0.546590,0,0,0,0,0,0,0
93,939999,60,930000,84,650000,40,9999,0.100000,0,0,0.000000,8,0.000000,0.000000,0.165217,0,0,0,0,0,0,0
93,939999,61,930000,72,150000,40,9999,0.100000,0,0,0.000000,8,0.000000,0.000000,0.955071,0,0,0,0,0,0,0
93,939999,62,930000,69,720000,49,9999,0.100000,0,0,0.000000,8,11.000000,0.000000,23.436655,0,0,0,0,0,0,0
93,939999,63,930000,69,720000,40,9999,0.100000,0,0,0.000000,8,0.000000,0.000000,0.090873,0,0,0,0,0,0,0
93,939999,64,930000,72,150000,40,9999,0.100000,0,0,0.000000,8,0.000000,0.000000,0.720335,0,0,0,0,0,0,0
93,939999,65,930000,20,0,40,9999,0.100000,0,0,0.000000,8,0.000000,0.000000,0.209230,0,0,0,0,0,0,0
93,939999,66,930000,20,0,40,9999,0.100000,0,0,0.000000,8,0.000000,0.000000,0.454614,0,0,0,0,0,0,0
93,939999,67,930000,69,720000,40,9999,0.100000,0,0,0.000000,8,0.000000,0.000000,0.701502,0,0,0,0,0,0,0
93,939999,68,930000,84,650000,40,9999,0.100000,0,0,0.000000,8,0.000000,0.000000,3.284103,0,0,0,0,0,0,0
93,939999,69,930000,20,0,40,9999,0.100000,0,0,0.000000,8,0.000000,0.000000,1.806817,0,0,0,0,0,0,0
93,939999,70,930000,0,40000,40,9999,0.100000,0,0,0.000000,8,0.000000,0.000000,0.545668,0,0,0,0,0,0,0
93,939999,71,930000,84,650000,40,9999,0.100000,0,0,0.000000,8,0.000000,0.000000,0.201958,0,0,0,0,0,0,0
93,939999,72,930000,69,720000,40,9999,0.100000,0,0,0.000000,8,0.000000,0.000000,0.080517,0,0,0,0,0,0,0
93,939999,73,930000,4,10000,40,9999,0.100000,0,0,0.000000,8,0.000000,0.000000,0.162671,0,0,0,0,0,0,0
93,939999,74,930000,72,150000,40,9999,0.100000,0,0,0.000000,8,0.000000,0.000000,0.443680,0,0,0,0,0,0,0
93,939999,75,930000,0,40000,40,9999,0.100000,0,0,0.000000,8,0.000000,0.000000,0.085498,0,0,0,0,0,0,0
93,939999,76,930000,0,40000,40,9999,0.100000,0,0,0.000000,8,0.000000,0.000000,0.226392,0,0,0,0,0,0,0
93,939999,77,930000,0,60000,40,9999,0.100000,0,0,0.000000,8,0.000000,0.000000,0.132498,0,0,0,0,0,0,0
93,939999,78,930000,0,60000,40,9999,0.100000,0,0,0.000000,8,0.000000,0.000000,0.140912,0,0,0,0,0,0,0
93,939999,79,930000,0,40000,40,9999,0.100000,0,0,0.000000,8,0.000000,0.000000,0.090757,0,0,0,0,0,0,0
93,939999,80,930000,72,150000,40,9999,0.100000,0,0,0.000000,8,0.000000,0.000000,0.074891,0,0,0,0,0,0,0
93,939999,81,930000,0,40000,40,9999,0.100000,0,0,0.000000,8,0.000000,0.000000,0.970426,0,0,0,0,0,0,0
93,939999,82,930000,84,650000,40,9999,0.100000,0,0,0.000000,8,0.000000,0.000000,0.497460,0,0,0,0,0,0,0
93,939999,83,930000,72,150000,40,9999,0.100000,0,0,0.000000,8,0.000000,0.000000,0.082566,0,0,0,0,0,0,0
93,939999,84,930000,69,710000,40,9999,0.100000,0,0,0.000000,8,0.000000,0.000000,0.183767,0,0,0,0,0,0,0
93,939999,85,930000,4,10000,40,9999,0.100000,0,0,0.000000,8,0.000000,0.000000,0.143431,0,0,0,0,0,0,0
93,939999,86,930000,69,710000,40,9999,0.100000,0,0,0.000000,8,0.000000,0.000000,0.138410,0,0,0,0,0,0,0
93,939999,87,930000,0,60000,40,9999,0.100000,0,0,0.000000,8,0.000000,0.000000,0.569820,0,0,0,0,0,0,0
93,939999,88,930000,0,60000,40,9999,0.100000,0,0,0.000000,8,0.000000,0.000000,0.703561,0,0,0,0,0,0,0
93,939999,89,930000,20,0,40,9999,0.100000,0,0,0.000000,8,0.000000,0.000000,0.081587,0,0,0,0,0,0,0
93,939999,90,930000,20,0,40,9999,0.100000,0,0,0.000000,8,0.000000,0.000000,3.706824,0,0,0,0,0,0,0
93,939999,91,930000,84,650000,40,9999,0.100000,0,0,0.000000,8,0.000000,0.000000,0.672569,0,0,0,0,0,0,0
93,939999,92,930000,69,710000,40,9999,0.100000,0,0,0.000000,8,0.000000,0.000000,0.256449,0,0,0,0,0,0,0
93,939999,93,930000,69,720000,40,9999,0.100000,0,0,0.000000,8,0.000000,0.000000,0.089112,0,0,0,0,0,0,0
93,939999,94,930000,69,720000,40,9999,0.100000,0,0,0.000000,8,0.000000,0.000000,0.165228,0,0,0,0,0,0,0
93,939999,95,930000,72,150000,40,9999,0.100000,0,0,0.000000,8,0.000000,0.000000,0.401181,0,0,0,0,0,0,0
93,939999,96,930000,72,150000,40,9999,0.100000,0,0,0.000000,8,0.000000,0.000000,0.671695,0,0,0,0,0,0,0
93,939999,97,930000,20,0,40,9999,0.100000,0,0,0.000000,8,0.000000,0.000000,0.563164,0,0,0,0,0,0,0
93,939999,98,930000,0,60000,40,9999,0.100000,0,0,0.000000,8,0.000000,0.000000,0.065078,0,0,0,0,0,0,0
93,939999,99,930000,20,0,40,9999,0.100000,0,0,0.000000,8,0.000000,0.000000,0.585570,0,0,0,0,0,0,0
94,949999,0,940000,69,720000,40,9999,0.100000,0,0,0.000000,8,0.000000,0.000000,0.246387,0,0,0,0,0,0,0
94,949999,1,940000,4,10000,40,9999,0.100000,0,0,0.000000,8,0.000000,0.000000,0.103562,0,0,0,0,0,0,0
94,949999,2,940000,69,710000,40,9999,0.100000,0,0,0.000000,8,0.000000,0.000000,0.077165,0,0,0,0,0,0,0
94,949999,3,940000,0,40000,40,9999,0.100000,0,0,0.000000,8,0.000000,0.000000,0.910661,0,0,0,0,0,0,0
94,949999,4,940000,4,10000,40,9999,0.100000,0,0,0.000000,8,0.000000,0.000000,0.298979,0,0,0,0,0,0,0
94,949999,5,940000,69,720000,40,9999,0.100000,0,0,0.000000,8,0.000000,0.000000,0.151245,0,0,0,0,0,0,0
94,949999,6,940000,84,650000,40,9999,0.100000,0,0,0.000000,8,0.000000,0.000000,0.140981,0,0,0,0,0,0,0
94,949999,7,940000,0,40000,40,9999,0.100000,0,0,0.000000,8,0.000000,0.000000,0.190491,0,0,0,0,0,0,0
94,949999,8,940000,72,150000,40,9999,0.100000,0,0,0.000000,8,0.000000,0.000000,0.376995,0,0,0,0,0,0,0
94,949999,9,940000,20,0,49,9999,0.100000,0,0,0.000000,8,2.000000,0.000000,6.215946,0,0,0,0,0,0,0
94,949999,10,940000,4,10000,40,9999,0.100000,0,0,0.000000,8,0.000000,0.000000,0.639664,0,0,0,0,0,0,0
94,949999,11,940000,72,150000,40,9999,0.100000,0,0,0.000000,8,0.000000,0.000000,0.165927,0,0,0,0,0,0,0
94,949999,12,940000,72,150000,40,9999,0.100000,0,0,0.000000,8,0.000000,0.000000,1.840703,0,0,0,0,0,0,0
94,949999,13,940000,84,650000,40,9999,0.100000,0,0,0.000000,8,0.000000,0.000000,0.136080,0,0,0,0,0,0,0
94,949999,14,940000,84,650000,40,9999,0.100000,0,0,0.000000,8,0.000000,0.000000,0.800036,0,0,0,0,0,0,0
94,949999,15,940000,69,720000,40,9999,0.100000,0,0,0.000000,8,0.000000,0.000000,0.236039,0,0,0,0,0,0,0
94,949999,16,940000,84,650000,40,9999,0.100000,0,0,0.000000,8,0.000000,0.000000,0.368478,0,0,0,0,0,0,0
94,949999,17,940000,0,60000,40,9999,0.100000,0,0,0.000000,8,0.000000,0.000000,0.717159,0,0,0,0,0,0,0
94,949999,18,940000,69,720000,40,9999,0.100000,0,0,0.000000,8,0.000000,0.000000,0.244827,0,0,0,0,0,0,0
94,949999,19,940000,69,720000,40,9999,0.100000,0,0,0.000000,8,0.000000,0.000000,0.208730,0,0,0,0,0,0,0
94,949999,20,940000,69,720000,40,9999,0.100000,0,0,0.000000,8,0.000000,0.000000,0.584006,0,0,0,0,0,0,0
94,949999,21,940000,69,720000,40,9999,0.100000,0,0,0.000000,8,0.000000,0.000000,10.119860,0,0,0,0,0,0,0
94,949999,22,940000,20,0,40,9999,0.100000,0,0,0.000000,8,0.000000,0.000000,1.687630,0,0,0,0,0,0,0
94,949999,23,940000,72,150000,40,9999,0.100000,0,0,0.000000,8,0.000000,0.000000,0.216167,0,0,0,0,0,0,0
94,949999,24,940000,20,0,40,9999,0.100000,0,0,0.000000,8,0.000000,0.000000,0.450597,0,0,0,0,0,0,0
94,949999,25,940000,0,40000,40,9999,0.100000,0,0,0.000000,8,0.000000,0.000000,0.142501,0,0,0,0,0,0,0
94,949999,26,940000,84,650000,40,9999,0.100000,0,0,0.000000,8,0.000000,0.000000,0.072965,0,0,0,0,0,0,0
94,949999,27,940000,0,60000,40,9999,0.100000,0,0,0.000000,8,0.000000,0.000000,3.704630,0,0,0,0,0,0,0
94,949999,28,940000,72,150000,40,9999,0.100000,0,0,0.000000,8,0.000000,0.000000,0.070726,0,0,0,0,0,0,0
94,949999,29,940000,0,60000,40,9999,0.100000,0,0,0.000000,8,0.000000,0.000000,0.208077,0,0,0,0,0,0,0
94,949999,30,940000,4,10000,40,9999,0.100000,0,0,0.000000,8,0.000000,0.000000,0.124813,0,0,0,0,0,0,0
94,949999,31,940000,69,710000,40,9999,0.100000,0,0,0.000000,8,0.000000,0.000000,0.728116,0,0,0,0,0,0,0
94,949999,32,940000,20,0,40,9999,0.100000,0,0,0.000000,8,0.000000,0.000000,0.244436,0,0,0,0,0,0,0
94,949999,33,940000,0,40000,40,9999,0.100000,0,0,0.000000,8,0.000000,0.000000,1.071622,0,0,0,0,0,0,0
94,949999,34,940000,0,40000,40,9999,0.100000,0,0,0.000000,8,0.000000,0.000000,0.239685,0,0,0,0,0,0,0
94,949999,35,940000,0,40000,40,9999,0.100000,0,0,0.000000,8,0.000000,0.000000,0.195197,0,0,0,0,0,0,0
94,949999,36,940000,0,40000,40,9999,0.100000,0,0,0.000000,8,0.000000,0.000000,0.244661,0,0,0,0,0,0,0
94,949999,37,940000,4,10000,40,9999,0.100000,0,0,0.000000,8,0.000000,0.000000,0.277479,0,0,0,0,0,0,0
94,949999,38,940000,84,650000,40,9999,0.100000,0,0,0.000000,8,0.000000,0.000000,0.720482,0,0,0,0,0,0,0
94,949999,39,940000,0,40000,40,9999,0.100000,0,0,0.000000,8,0.000000,0.000000,1.211565,0,0,0,0,0,0,0
94,949999,40,940000,4,10000,40,9999,0.100000,0,0,0.000000,8,0.000000,0.000000,0.120535,0,0,0,0,0,0,0
94,949999,41,940000,4,10000,40,9999,0.100000,0,0,0.000000,8,0.000000,0.000000,0.648157,0,0,0,0,0,0,0
94,949999,42,940000,72,150000,40,9999,0.100000,0,0,0.000000,8,0.000000,0.000000,0.576122,0,0,0,0,0,0,0
94,949999,43,940000,0,60000,40,9999,0.100000,0,0,0.000000,8,0.000000,0.000000,0.093737,0,0,0,0,0,0,0
94,949999,44,940000,0,40000,40,9999,0.100000,0,0,0.000000,8,0.000000,0.000000,0.233094,0,0,0,0,0,0,0
94,949999,45,940000,69,710000,40,9999,0.100000,0,0,0.000000,8,0.000000,0.000000,0.229810,0,0,0,0,0,0,0
94,949999,46,940000,0,60000,40,9999,0.100000,0,0,0.000000,8,0.000000,0.000000,0.234240,0,0,0,0,0,0,0
94,949999,47,940000,0,60000,40,9999,0.100000,0,0,0.000000,8,0.000000,0.000000,0.095943,0,0,0,0,0,0,0
94,949999,48,940000,84,650000,40,9999,0.100000,0,0,0.000000,8,0.000000,0.000000,0.791239,0,0,0,0,0,0,0
94,949999,49,940000,20,0,40,9999,0.100000,0,0,0.000000,8,0.000000,0.000000,0.156704,0,0,0,0,0,0,0
94,949999,50,940000,72,150000,40,9999,0.100000,0,0,0.000000,8,0.000000,0.000000,0.241946,0,0,0,0,0,0,0
94,949999,51,940000,69,710000,40,9999,0.100000,0,0,0.000000,8,0.000000,0.000000,0.152150,0,0,0,0,0,0,0
94,949999,52,940000,0,40000,40,9999,0.100000,0,0,0.000000,8,0.000000,0.000000,0.069905,0,0,0,0,0,0,0
94,949999,53,940000,69,720000,40,9999,0.100000,0,0,0.000000,8,0.000000,0.000000,0.091709,0,0,0,0,0,0,0
94,949999,54,940000,69,710000,40,9999,0.100000,0,0,0.000000,8,0.000000,0.000000,5.745635,0,0,0,0,0,0,0
94,949999,55,940000,72,150000,40,9999,0.100000,0,0,0.000000,8,0.000000,0.000000,0.149663,0,0,0,0,0,0,0
94,949999,56,940000,0,60000,40,9999,0.100000,0,0,0.000000,8,0.000000,0.000000,0.097896,0,0,0,0,0,0,0
94,949999,57,940000,4,10000,40,9999,0.100000,0,0,0.000000,8,0.000000,0.000000,1.005113,0,0,0,0,0,0,0
94,949999,58,940000,0,40000,40,9999,0.100000,0,0,0.000000,8,0.000000,0.000000,0.148666,0,0,0,0,0,0,0
94,949999,59,940000,20,0,40,9999,0.100000,0,0,0.000000,8,0.000000,0.000000,0.546951,0,0,0,0,0,0,0
94,949999,60,940000,20,0,40,9999,0.100000,0,0,0.000000,8,0.000000,0.000000,0.166244,0,0,0,0,0,0,0
94,949999,61,940000,69,720000,49,9999,0.100000,0,0,0.000000,8,10.000000,0.000000,20.934020,0,0,0,0,0,0,0
94,949999,62,940000,69,720000,40,9999,0.100000,0,0,0.000000,8,0.000000,0.000000,0.009427,0,0,0,0,0,0,0
94,949999,63,940000,84,650000,40,9999,0.100000,0,0,0.000000,8,0.000000,0.000000,0.088728,0,0,0,0,0,0,0
94,949999,64,940000,69,710000,40,9999,0.100000,0,0,0.000000,8,0.000000,0.000000,0.668805,0,0,0,0,0,0,0
94,949999,65,940000,4,10000,40,9999,0.100000,0,0,0.000000,8,0.000000,0.000000,0.207744,0,0,0,0,0,0,0
94,949999,66,940000,20,0,40,9999,0.100000,0,0,0.000000,8,0.000000,0.000000,0.547428,0,0,0,0,0,0,0
94,949999,67,940000,84,650000,40,9999,0.100000,0,0,0.000000,8,0.000000,0.000000,0.210979,0,0,0,0,0,0,0
94,949999,68,940000,69,720000,40,9999,0.100000,0,0,0.000000,8,0.000000,0.000000,3.163906,0,0,0,0,0,0,0
94,949999,69,940000,0,60000,40,9999,0.100000,0,0,0.000000,8,0.000000,0.000000,0.080449,0,0,0,0,0,0,0
94,949999,70,940000,84,650000,40,9999,0.100000,0,0,0.000000,8,0.000000,0.000000,0.566723,0,0,0,0,0,0,0
94,949999,71,940000,72,150000,40,9999,0.100000,0,0,0.000000,8,0.000000,0.000000,0.201335,0,0,0,0,0,0,0
94,949999,72,940000,4,10000,40,9999,0.100000,0,0,0.000000,8,0.000000,0.000000,0.077221,0,0,0,0,0,0,0
94,949999,73,940000,0,60000,40,9999,0.100000,0,0,0.000000,8,0.000000,0.000000,0.159550,0,0,0,0,0,0,0
94,949999,74,940000,0,40000,40,9999,0.100000,0,0,0.000000,8,0.000000,0.000000,0.434986,0,0,0,0,0,0,0
94,949999,75,940000,4,10000,40,9999,0.100000,0,0,0.000000,8,0.000000,0.000000,0.085783,0,0,0,0,0,0,0
94,949999,76,940000,84,650000,40,9999,0.100000,0,0,0.000000,8,0.000000,0.000000,0.240491,0,0,0,0,0,0,0
94,949999,77,940000,0,40000,40,9999,0.100000,0,0,0.000000,8,0.000000,0.000000,0.092546,0,0,0,0,0,0,0
94,949999,78,940000,72,150000,40,9999,0.100000,0,0,0.000000,8,0.000000,0.000000,0.143192,0,0,0,0,0,0,0
94,949999,79,940000,20,0,40,9999,0.100000,0,0,0.000000,8,0.000000,0.000000,0.089660,0,0,0,0,0,0,0
94,949999,80,940000,20,0,40,9999,0.100000,0,0,0.000000,8,0.000000,0.000000,0.072002,0,0,0,0,0,0,0
94,949999,81,940000,0,60000,40,9999,0.100000,0,0,0.000000,8,0.000000,0.000000,3.848972,0,0,0,0,0,0,0
94,949999,82,940000,0,40000,40,9999,0.100000,0,0,0.000000,8,0.000000,0.000000,0.288260,0,0,0,0,0,0,0
94,949999,83,940000,84,650000,40,9999,0.100000,0,0,0.000000,8,0.000000,0.000000,0.082987,0,0,0,0,0,0,0
94,949999,84,940000,4,10000,40,9999,0.100000,0,0,0.000000,8,0.000000,0.000000,0.224481,0,0,0,0,0,0,0
94,949999,85,940000,4,10000,40,9999,0.100000,0,0,0.000000,8,0.000000,0.000000,0.096424,0,0,0,0,0,0,0
94,949999,86,940000,0,60000,40,9999,0.100000,0,0,0.000000,8,0.000000,0.000000,0.138182,0,0,0,0,0,0,0
94,949999,87,940000,84,650000,40,9999,0.100000,0,0,0.000000,8,0.000000,0.000000,0.486762,0,0,0,0,0,0,0
94,949999,88,940000,0,60000,40,9999,0.100000,0,0,0.000000,8,0.000000,0.000000,0.204163,0,0,0,0,0,0,0
94,949999,89,940000,69,720000,40,9999,0.100000,0,0,0.000000,8,0.000000,0.000000,0.081867,0,0,0,0,0,0,0
94,949999,90,940000,72,150000,40,9999,0.100000,0,0,0.000000,8,0.000000,0.000000,3.372713,0,0,0,0,0,0,0
94,949999,91,940000,0,40000,40,9999,0.100000,0,0,0.000000,8,0.000000,0.000000,0.659707,0,0,0,0,0,0,0
94,949999,92,940000,84,650000,40,9999,0.100000,0,0,0.000000,8,0.000000,0.000000,0.238892,0,0,0,0,0,0,0
94,949999,93,940000,4,10000,40,9999,0.100000,0,0,0.000000,8,0.000000,0.000000,0.089045,0,0,0,0,0,0,0
94,949999,94,940000,4,10000,40,9999,0.100000,0,0,0.000000,8,0.000000,0.000000,0.287960,0,0,0,0,0,0,0
94,949999,95,940000,0,40000,40,9999,0.100000,0,0,0.000000,8,0.000000,0.000000,0.362897,0,0,0,0,0,0,0
94,949999,96,940000,69,710000,40,9999,0.100000,0,0,0.000000,8,0.000000,0.000000,0.412642,0,0,0,0,0,0,0
94,949999,97,940000,72,150000,40,9999,0.100000,0,0,0.000000,8,0.000000,0.000000,0.489787,0,0,0,0,0,0,0
94,949999,98,940000,69,720000,40,9999,0.100000,0,0,0.000000,8,0.000000,0.000000,0.066228,0,0,0,0,0,0,0
94,949999,99,940000,20,0,40,9999,0.100000,0,0,0.000000,8,0.000000,0.000000,0.607069,0,0,0,0,0,0,0
95,959999,0,950000,69,710000,40,9999,0.100000,0,0,0.000000,8,0.000000,0.000000,0.234588,0,0,0,0,0,0,0
95,959999,1,950000,69,720000,40,9999,0.100000,0,0,0.000000,8,0.000000,0.000000,0.103050,0,0,0,0,0,0,0
95,959999,2,950000,20,0,40,9999,0.100000,0,0,0.000000,8,0.000000,0.000000,0.075431,0,0,0,0,0,0,0
95,959999,3,950000,69,710000,40,9999,0.100000,0,0,0.000000,8,0.000000,0.000000,0.886491,0,0,0,0,0,0,0
95,959999,4,950000,0,60000,40,9999,0.100000,0,0,0.000000,8,0.000000,0.000000,0.325597,0,0,0,0,0,0,0
95,959999,5,950000,69,710000,40,9999,0.100000,0,0,0.000000,8,0.000000,0.000000,0.226568,0,0,0,0,0,0,0
95,959999,6,950000,4,10000,40,9999,0.100000,0,0,0.000000,8,0.000000,0.000000,0.142864,0,0,0,0,0,0,0
95,959999,7,950000,69,710000,40,9999,0.100000,0,0,0.000000,8,0.000000,0.000000,0.303833,0,0,0,0,0,0,0
95,959999,8,950000,4,10000,40,9999,0.100000,0,0,0.000000,8,0.000000,0.000000,0.690629,0,0,0,0,0,0,0
95,959999,9,950000,69,720000,40,9999,0.100000,0,0,0.000000,8,0.000000,0.000000,0.583911,0,0,0,0,0,0,0
95,959999,10,950000,84,650000,40,9999,0.100000,0,0,0.000000,8,0.000000,0.000000,0.601103,0,0,0,0,0,0,0
95,959999,11,950000,0,40000,40,9999,0.100000,0,0,0.000000,8,0.000000,0.000000,0.184308,0,0,0,0,0,0,0
95,959999,12,950000,4,10000,40,9999,0.100000,0,0,0.000000,8,0.000000,0.000000,2.519294,0,0,0,0,0,0,0
95,959999,13,950000,0,40000,40,9999,0.100000,0,0,0.000000,8,0.000000,0.000000,0.128746,0,0,0,0,0,0,0
95,959999,14,950000,20,0,40,9999,0.100000,0,0,0.000000,8,0.000000,0.000000,0.912905,0,0,0,0,0,0,0
95,959999,15,950000,72,150000,40,9999,0.100000,0,0,0.000000,8,0.000000,0.000000,0.239754,0,0,0,0,0,0,0
95,959999,16,950000,0,60000,40,9999,0.100000,0,0,0.000000,8,0.000000,0.000000,1.050275,0,0,0,0,0,0,0
95,959999,17,950000,69,710000,40,9999,0.100000,0,0,0.000000,8,0.000000,0.000000,0.246337,0,0,0,0,0,0,0
95,959999,18,950000,69,710000,40,9999,0.100000,0,0,0.000000,8,0.000000,0.000000,0.229571,0,0,0,0,0,0,0
95,959999,19,950000,0,60000,40,9999,0.100000,0,0,0.000000,8,0.000000,0.000000,0.213272,0,0,0,0,0,0,0
95,959999,20,950000,69,710000,40,9999,0.100000,0,0,0.000000,8,0.000000,0.000000,1.360400,0,0,0,0,0,0,0
95,959999,21,950000,0,40000,40,9999,0.100000,0,0,0.000000,8,0.000000,0.000000,11.009876,0,0,0,0,0,0,0
95,959999,22,950000,69,720000,40,9999,0.100000,0,0,0.000000,8,0.000000,0.000000,1.683326,0,0,0,0,0,0,0
95,959999,23,950000,0,40000,40,9999,0.100000,0,0,0.000000,8,0.000000,0.000000,0.226137,0,0,0,0,0,0,0
95,959999,24,950000,0,40000,40,9999,0.100000,0,0,0.000000,8,0.000000,0.000000,0.312251,0,0,0,0,0,0,0
95,959999,25,950000,20,0,40,9999,0.100000,0,0,0.000000,8,0.000000,0.000000,0.197830,0,0,0,0,0,0,0
95,959999,26,950000,0,40000,40,9999,0.100000,0,0,0.000000,8,0.000000,0.000000,0.074247,0,0,0,0,0,0,0
95,959999,27,950000,69,710000,40,9999,0.100000,0,0,0.000000,8,0.000000,0.000000,3.800920,0,0,0,0,0,0,0
95,959999,28,950000,69,720000,40,9999,0.100000,0,0,0.000000,8,0.000000,0.000000,0.068929,0,0,0,0,0,0,0
95,959999,29,950000,20,0,40,9999,0.100000,0,0,0.000000,8,0.000000,0.000000,0.491236,0,0,0,0,0,0,0
95,959999,30,950000,4,10000,40,9999,0.100000,0,0,0.000000,8,0.000000,0.000000,0.125029,0,0,0,0,0,0,0
95,959999,31,950000,4,10000,40,9999,0.100000,0,0,0.000000,8,0.000000,0.000000,0.731909,0,0,0,0,0,0,0
95,959999,32,950000,20,0,40,9999,0.100000,0,0,0.000000,8,0.000000,0.000000,0.230293,0,0,0,0,0,0,0
95,959999,33,950000,84,650000,40,9999,0.100000,0,0,0.000000,8,0.000000,0.000000,1.111604,0,0,0,0,0,0,0
95,959999,34,950000,0,60000,40,9999,0.100000,0,0,0.000000,8,0.000000,0.000000,0.097804,0,0,0,0,0,0,0
95,959999,35,950000,0,60000,40,9999,0.065000,0,0,0.000000,8,0.000000,0.000000,0.192107,0,0,0,0,0,0,0
95,959999,36,950000,69,710000,40,9999,0.100000,0,0,0.000000,8,0.000000,0.000000,0.223602,0,0,0,0,0,0,0
95,959999,37,950000,69,710000,40,9999,0.100000,0,0,0.000000,8,0.000000,0.000000,0.360830,0,0,0,0,0,0,0
95,959999,38,950000,4,10000,40,9999,0.100000,0,0,0.000000,8,0.000000,0.000000,0.729165,0,0,0,0,0,0,0
95,959999,39,950000,4,10000,40,9999,0.100000,0,0,0.000000,8,0.000000,0.000000,1.494451,0,0,0,0,0,0,0
95,959999,40,950000,84,650000,40,9999,0.100000,0,0,0.000000,8,0.000000,0.000000,0.115917,0,0,0,0,0,0,0
95,959999,41,950000,84,650000,40,9999,0.100000,0,0,0.000000,8,0.000000,0.000000,0.621448,0,0,0,0,0,0,0
95,959999,42,950000,0,40000,40,9999,0.100000,0,0,0.000000,8,0.000000,0.000000,0.611213,0,0,0,0,0,0,0
95,959999,43,950000,69,720000,40,9999,0.100000,0,0,0.000000,8,0.000000,0.000000,0.094165,0,0,0,0,0,0,0
95,959999,44,950000,84,650000,40,9999,0.100000,0,0,0.000000,8,0.000000,0.000000,0.240935,0,0,0,0,0,0,0
95,959999,45,950000,69,720000,40,9999,0.100000,0,0,0.000000,8,0.000000,0.000000,0.227162,0,0,0,0,0,0,0
95,959999,46,950000,69,710000,40,9999,0.100000,0,0,0.000000,8,0.000000,0.000000,0.240699,0,0,0,0,0,0,0
95,959999,47,950000,84,650000,40,9999,0.100000,0,0,0.000000,8,0.000000,0.000000,0.093788,0,0,0,0,0,0,0
95,959999,48,950000,69,710000,40,9999,0.100000,0,0,0.000000,8,0.000000,0.000000,1.940340,0,0,0,0,0,0,0
95,959999,49,950000,84,650000,40,9999,0.100000,0,0,0.000000,8,0.000000,0.000000,0.156907,0,0,0,0,0,0,0
95,959999,50,950000,0,40000,40,9999,0.100000,0,0,0.000000,8,0.000000,0.000000,0.234741,0,0,0,0,0,0,0
95,959999,51,950000,69,720000,40,9999,0.100000,0,0,0.000000,8,0.000000,0.000000,0.151592,0,0,0,0,0,0,0
95,959999,52,950000,69,720000,40,9999,0.100000,0,0,0.000000,8,0.000000,0.000000,0.068675,0,0,0,0,0,0,0
95,959999,53,950000,84,650000,40,9999,0.100000,0,0,0.000000,8,0.000000,0.000000,0.093338,0,0,0,0,0,0,0
95,959999,54,950000,84,650000,40,9999,0.100000,0,0,0.000000,8,0.000000,0.000000,6.146653,0,0,0,0,0,0,0
95,959999,55,950000,69,720000,40,9999,0.100000,0,0,0.000000,8,0.000000,0.000000,0.149117,0,0,0,0,0,0,0
95,959999,56,950000,69,710000,40,9999,0.100000,0,0,0.000000,8,0.000000,0.000000,0.096818,0,0,0,0,0,0,0
95,959999,57,950000,69,720000,40,9999,0.100000,0,0,0.000000,8,0.000000,0.000000,0.968010,0,0,0,0,0,0,0
95,959999,58,950000,84,650000,40,9999,0.100000,0,0,0.000000,8,0.000000,0.000000,0.145971,0,0,0,0,0,0,0
95,959999,59,950000,84,650000,40,9999,0.100000,0,0,0.000000,8,0.000000,0.000000,0.570766,0,0,0,0,0,0,0
95,959999,60,950000,0,40000,40,9999,0.100000,0,0,0.000000,8,0.000000,0.000000,0.166940,0,0,0,0,0,0,0
95,959999,61,950000,0,60000,40,9999,0.100000,0,0,0.000000,8,0.000000,0.000000,0.732342,0,0,0,0,0,0,0
95,959999,62,950000,0,60000,49,9999,0.100000,0,0,0.000000,8,11.000000,0.000000,23.436460,0,0,0,0,0,0,0
95,959999,63,950000,84,650000,49,9999,0.100000,0,0,0.000000,8,3.000000,0.000000,6.954358,0,0,0,0,0,0,0
95,959999,64,950000,4,10000,40,9999,0.100000,0,0,0.000000,8,0.000000,0.000000,0.667591,0,0,0,0,0,0,0
95,959999,65,950000,20,0,40,9999,0.100000,0,0,0.000000,8,0.000000,0.000000,0.215928,0,0,0,0,0,0,0
95,959999,66,950000,84,650000,40,9999,0.100000,0,0,0.000000,8,0.000000,0.000000,0.463675,0,0,0,0,0,0,0
95,959999,67,950000,84,650000,49,9999,0.100000,0,0,0.000000,8,10.000000,0.000000,20.519545,0,0,0,0,0,0,0
95,959999,68,950000,69,710000,40,9999,0.100000,0,0,0.000000,8,0.000000,0.000000,3.255621,0,0,0,0,0,0,0
95,959999,69,950000,4,10000,40,9999,0.100000,0,0,0.000000,8,0.000000,0.000000,0.081076,0,0,0,0,0,0,0
95,959999,70,950000,0,40000,40,9999,0.100000,0,0,0.000000,8,0.000000,0.000000,0.578376,0,0,0,0,0,0,0
95,959999,71,950000,72,150000,40,9999,0.100000,0,0,0.000000,8,0.000000,0.000000,0.187388,0,0,0,0,0,0,0
95,959999,72,950000,84,650000,40,9999,0.100000,0,0,0.000000,8,0.000000,0.000000,0.080965,0,0,0,0,0,0,0
95,959999,73,950000,0,60000,40,9999,0.100000,0,0,0.000000,8,0.000000,0.000000,0.160614,0,0,0,0,0,0,0
95,959999,74,950000,69,720000,40,9999,0.100000,0,0,0.000000,8,0.000000,0.000000,0.426479,0,0,0,0,0,0,0
95,959999,75,950000,69,710000,40,9999,0.065000,0,0,0.000000,8,0.000000,0.000000,0.085430,0,0,0,0,0,0,0
95,959999,76,950000,4,10000,40,9999,0.100000,0,0,0.000000,8,0.000000,0.000000,0.228289,0,0,0,0,0,0,0
95,959999,77,950000,72,150000,40,9999,0.100000,0,0,0.000000,8,0.000000,0.000000,0.097274,0,0,0,0,0,0,0
95,959999,78,950000,0,60000,40,9999,0.100000,0,0,0.000000,8,0.000000,0.000000,0.142328,0,0,0,0,0,0,0
95,959999,79,950000,69,710000,40,9999,0.100000,0,0,0.000000,8,0.000000,0.000000,0.099492,0,0,0,0,0,0,0
95,959999,80,950000,72,150000,40,9999,0.100000,0,0,0.000000,8,0.000000,0.000000,0.072525,0,0,0,0,0,0,0
95,959999,81,950000,69,720000,40,9999,0.100000,0,0,0.000000,8,0.000000,0.000000,23.817223,0,0,0,0,0,0,0
95,959999,82,950000,0,40000,40,9999,0.100000,0,0,0.000000,8,0.000000,0.000000,0.102234,0,0,0,0,0,0,0
95,959999,83,950000,69,720000,40,9999,0.100000,0,0,0.000000,8,0.000000,0.000000,0.921444,0,0,0,0,0,0,0
95,959999,84,950000,69,720000,40,9999,0.100000,0,0,0.000000,8,0.000000,0.000000,0.187844,0,0,0,0,0,0,0
95,959999,85,950000,4,10000,40,9999,0.100000,0,0,0.000000,8,0.000000,0.000000,0.094797,0,0,0,0,0,0,0
95,959999,86,950000,84,650000,40,9999,0.100000,0,0,0.000000,8,0.000000,0.000000,0.119845,0,0,0,0,0,0,0
95,959999,87,950000,72,150000,40,9999,0.100000,0,0,0.000000,8,0.000000,0.000000,0.405701,0,0,0,0,0,0,0
95,959999,88,950000,20,0,40,9999,0.100000,0,0,0.000000,8,0.000000,0.000000,0.486510,0,0,0,0,0,0,0
95,959999,89,950000,69,710000,40,9999,0.100000,0,0,0.000000,8,0.000000,0.000000,0.079800,0,0,0,0,0,0,0
95,959999,90,950000,4,10000,40,9999,0.100000,0,0,0.000000,8,0.000000,0.000000,3.816489,0,0,0,0,0,0,0
95,959999,91,950000,0,40000,40,9999,0.100000,0,0,0.000000,8,0.000000,0.000000,0.733637,0,0,0,0,0,0,0
95,959999,92,950000,69,710000,40,9999,0.100000,0,0,0.000000,8,0.000000,0.000000,0.235259,0,0,0,0,0,0,0
95,959999,93,950000,20,0,40,9999,0.100000,0,0,0.000000,8,0.000000,0.000000,0.089559,0,0,0,0,0,0,0
95,959999,94,950000,20,0,40,9999,0.100000,0,0,0.000000,8,0.000000,0.000000,0.581314,0,0,0,0,0,0,0
95,959999,95,950000,0,60000,40,9999,0.100000,0,0,0.000000,8,0.000000,0.000000,0.372782,0,0,0,0,0,0,0
95,959999,96,950000,4,10000,40,9999,0.100000,0,0,0.000000,8,0.000000,0.000000,0.144491,0,0,0,0,0,0,0
95,959999,97,950000,4,10000,40,9999,0.100000,0,0,0.000000,8,0.000000,0.000000,0.289954,0,0,0,0,0,0,0
95,959999,98,950000,4,10000,40,9999,0.100000,0,0,0.000000,8,0.000000,0.000000,0.065797,0,0,0,0,0,0,0
95,959999,99,950000,0,40000,40,9999,0.100000,0,0,0.000000,8,0.000000,0.000000,0.562482,0,0,0,0,0,0,0
96,969999,0,960000,69,710000,40,9999,0.100000,0,0,0.000000,8,0.000000,0.000000,0.243278,0,0,0,0,0,0,0
96,969999,1,960000,0,60000,40,9999,0.100000,0,0,0.000000,8,0.000000,0.000000,0.104258,0,0,0,0,0,0,0
96,969999,2,960000,69,710000,40,9999,0.100000,0,0,0.000000,8,0.000000,0.000000,0.076535,0,0,0,0,0,0,0
96,969999,3,960000,0,40000,49,9999,0.100000,0,0,0.000000,8,7.000000,0.000000,10.218148,0,0,0,0,0,0,0
96,969999,4,960000,4,10000,40,9999,0.100000,0,0,0.000000,8,0.000000,0.000000,0.314594,0,0,0,0,0,0,0
96,969999,5,960000,69,710000,49,9999,0.100000,0,0,0.000000,8,1.000000,0.000000,6.130355,0,0,0,0,0,0,0
96,969999,6,960000,69,720000,40,9999,0.100000,0,0,0.000000,8,0.000000,0.000000,0.144337,0,0,0,0,0,0,0
96,969999,7,960000,4,10000,40,9999,0.100000,0,0,0.000000,8,0.000000,0.000000,0.149010,0,0,0,0,0,0,0
96,969999,8,960000,20,0,49,9999,0.100000,0,0,0.000000,8,1.000000,0.000000,2.260721,0,0,0,0,0,0,0
96,969999,9,960000,69,710000,40,9999,0.100000,0,0,0.000000,8,0.000000,0.000000,0.163764,0,0,0,0,0,0,0
96,969999,10,960000,0,40000,40,9999,0.100000,0,0,0.000000,8,0.000000,0.000000,0.810062,0,0,0,0,0,0,0
96,969999,11,960000,84,650000,40,9999,0.100000,0,0,0.000000,8,0.000000,0.000000,0.103730,0,0,0,0,0,0,0
96,969999,12,960000,69,720000,40,9999,0.100000,0,0,0.000000,8,0.000000,0.000000,1.071761,0,0,0,0,0,0,0
96,969999,13,960000,0,60000,40,9999,0.100000,0,0,0.000000,8,0.000000,0.000000,0.131504,0,0,0,0,0,0,0
96,969999,14,960000,20,0,40,9999,0.100000,0,0,0.000000,8,0.000000,0.000000,0.130539,0,0,0,0,0,0,0
96,969999,15,960000,4,10000,40,9999,0.100000,0,0,0.000000,8,0.000000,0.000000,0.241839,0,0,0,0,0,0,0
96,969999,16,960000,4,10000,49,9999,0.100000,0,0,0.000000,8,1.000000,0.000000,3.462950,0,0,0,0,0,0,0
96,969999,17,960000,0,40000,40,9999,0.100000,0,0,0.000000,8,0.000000,0.000000,0.093048,0,0,0,0,0,0,0
96,969999,18,960000,20,0,40,9999,0.100000,0,0,0.000000,8,0.000000,0.000000,0.236261,0,0,0,0,0,0,0
96,969999,19,960000,0,40000,40,9999,0.100000,0,0,0.000000,8,0.000000,0.000000,0.214662,0,0,0,0,0,0,0
96,969999,20,960000,4,10000,40,9999,0.100000,0,0,0.000000,8,0.000000,0.000000,0.840994,0,0,0,0,0,0,0
96,969999,21,960000,0,60000,40,9999,0.100000,0,0,0.000000,8,0.000000,0.000000,10.975594,0,0,0,0,0,0,0
96,969999,22,960000,4,10000,40,9999,0.100000,0,0,0.000000,8,0.000000,0.000000,0.967038,0,0,0,0,0,0,0
96,969999,23,960000,69,720000,40,9999,0.100000,0,0,0.000000,8,0.000000,0.000000,0.226111,0,0,0,0,0,0,0
96,969999,24,960000,69,710000,40,9999,0.100000,0,0,0.000000,8,0.000000,0.000000,0.311704,0,0,0,0,0,0,0
96,969999,25,960000,84,650000,40,9999,0.100000,0,0,0.000000,8,0.000000,0.000000,0.154905,0,0,0,0,0,0,0
96,969999,26,960000,4,10000,40,9999,0.100000,0,0,0.000000,8,0.000000,0.000000,0.073888,0,0,0,0,0,0,0
96,969999,27,960000,84,650000,40,9999,0.100000,0,0,0.000000,8,0.000000,0.000000,3.996689,0,0,0,0,0,0,0
96,969999,28,960000,72,150000,40,9999,0.100000,0,0,0.000000,8,0.000000,0.000000,0.069493,0,0,0,0,0,0,0
96,969999,29,960000,0,40000,49,9999,0.100000,0,0,0.000000,8,1.000000,0.000000,1.466822,0,0,0,0,0,0,0
96,969999,30,960000,20,0,40,9999,0.100000,0,0,0.000000,8,0.000000,0.000000,0.125369,0,0,0,0,0,0,0
96,969999,31,960000,0,40000,40,9999,0.100000,0,0,0.000000,8,0.000000,0.000000,0.604505,0,0,0,0,0,0,0
96,969999,32,960000,84,650000,40,9999,0.100000,0,0,0.000000,8,0.000000,0.000000,0.236872,0,0,0,0,0,0,0
96,969999,33,960000,0,60000,40,9999,0.100000,0,0,0.000000,8,0.000000,0.000000,0.586309,0,0,0,0,0,0,0
96,969999,34,960000,20,0,40,9999,0.100000,0,0,0.000000,8,0.000000,0.000000,0.069970,0,0,0,0,0,0,0
96,969999,35,960000,69,720000,40,9999,0.100000,0,0,0.000000,8,0.000000,0.000000,0.232293,0,0,0,0,0,0,0
96,969999,36,960000,20,0,40,9999,0.100000,0,0,0.000000,8,0.000000,0.000000,0.238091,0,0,0,0,0,0,0
96,969999,37,960000,84,650000,40,9999,0.100000,0,0,0.000000,8,0.000000,0.000000,1.035357,0,0,0,0,0,0,0
96,969999,38,960000,0,40000,40,9999,0.100000,0,0,0.000000,8,0.000000,0.000000,0.791142,0,0,0,0,0,0,0
96,969999,39,960000,84,650000,40,9999,0.100000,0,0,0.000000,8,0.000000,0.000000,2.754905,0,0,0,0,0,0,0
96,969999,40,960000,69,710000,40,9999,0.100000,0,0,0.000000,8,0.000000,0.000000,0.116232,0,0,0,0,0,0,0
96,969999,41,960000,72,150000,40,9999,0.100000,0,0,0.000000,8,0.000000,0.000000,0.579463,0,0,0,0,0,0,0
96,969999,42,960000,69,710000,40,9999,0.100000,0,0,0.000000,8,0.000000,0.000000,0.196367,0,0,0,0,0,0,0
96,969999,43,960000,69,720000,40,9999,0.100000,0,0,0.000000,8,0.000000,0.000000,0.095639,0,0,0,0,0,0,0
96,969999,44,960000,84,650000,40,9999,0.100000,0,0,0.000000,8,0.000000,0.000000,0.238616,0,0,0,0,0,0,0
96,969999,45,960000,4,10000,40,9999,0.100000,0,0,0.000000,8,0.000000,0.000000,0.343452,0,0,0,0,0,0,0
96,969999,46,960000,4,10000,40,9999,0.100000,0,0,0.000000,8,0.000000,0.000000,0.242804,0,0,0,0,0,0,0
96,969999,47,960000,4,10000,40,9999,0.100000,0,0,0.000000,8,0.000000,0.000000,0.094580,0,0,0,0,0,0,0
96,969999,48,960000,4,10000,40,9999,0.100000,0,0,0.000000,8,0.000000,0.000000,1.916014,0,0,0,0,0,0,0
96,969999,49,960000,84,650000,40,9999,0.100000,0,0,0.000000,8,0.000000,0.000000,0.155370,0,0,0,0,0,0,0
96,969999,50,960000,69,710000,40,9999,0.100000,0,0,0.000000,8,0.000000,0.000000,0.240228,0,0,0,0,0,0,0
96,969999,51,960000,69,720000,40,9999,0.100000,0,0,0.000000,8,0.000000,0.000000,0.153069,0,0,0,0,0,0,0
96,969999,52,960000,20,0,49,9999,0.100000,0,0,0.000000,8,8.000000,0.000000,16.568287,0,0,0,0,0,0,0
96,969999,53,960000,72,150000,40,9999,0.100000,0,0,0.000000,8,0.000000,0.000000,0.093558,0,0,0,0,0,0,0
96,969999,54,960000,72,150000,40,9999,0.100000,0,0,0.000000,8,0.000000,0.000000,1.798094,0,0,0,0,0,0,0
96,969999,55,960000,0,60000,40,9999,0.100000,0,0,0.000000,8,0.000000,0.000000,0.149181,0,0,0,0,0,0,0
96,969999,56,960000,69,710000,40,9999,0.100000,0,0,0.000000,8,0.000000,0.000000,0.098317,0,0,0,0,0,0,0
96,969999,57,960000,69,720000,40,9999,0.100000,0,0,0.000000,8,0.000000,0.000000,0.936518,0,0,0,0,0,0,0
96,969999,58,960000,0,40000,40,9999,0.100000,0,0,0.000000,8,0.000000,0.000000,0.145907,0,0,0,0,0,0,0
96,969999,59,960000,72,150000,40,9999,0.135000,0,0,0.000000,8,0.000000,0.000000,0.677306,0,0,0,0,0,0,0
96,969999,60,960000,69,720000,40,9999,0.100000,0,0,0.000000,8,0.000000,0.000000,0.166371,0,0,0,0,0,0,0
96,969999,61,960000,69,720000,49,9999,0.100000,0,0,0.000000,8,1.000000,0.000000,2.174441,0,0,0,0,0,0,0
96,969999,62,960000,84,650000,40,9999,0.100000,0,0,0.000000,8,0.000000,0.000000,0.009405,0,0,0,0,0,0,0
96,969999,63,960000,72,150000,40,9999,0.100000,0,0,0.000000,8,0.000000,0.000000,0.086638,0,0,0,0,0,0,0
96,969999,64,960000,20,0,40,9999,0.100000,0,0,0.000000,8,0.000000,0.000000,0.668143,0,0,0,0,0,0,0
96,969999,65,960000,84,650000,40,9999,0.100000,0,0,0.000000,8,0.000000,0.000000,0.216827,0,0,0,0,0,0,0
96,969999,66,960000,72,150000,40,9999,0.100000,0,0,0.000000,8,0.000000,0.000000,0.482999,0,0,0,0,0,0,0
96,969999,67,960000,0,40000,49,9999,0.100000,0,0,0.000000,8,1.000000,0.000000,1.876796,0,0,0,0,0,0,0
96,969999,68,960000,69,720000,40,9999,0.100000,0,0,0.000000,8,0.000000,0.000000,3.176222,0,0,0,0,0,0,0
96,969999,69,960000,0,60000,40,9999,0.100000,0,0,0.000000,8,0.000000,0.000000,1.803995,0,0,0,0,0,0,0
96,969999,70,960000,69,720000,40,9999,0.100000,0,0,0.000000,8,0.000000,0.000000,0.418841,0,0,0,0,0,0,0
96,969999,71,960000,4,10000,40,9999,0.100000,0,0,0.000000,8,0.000000,0.000000,0.146410,0,0,0,0,0,0,0
96,969999,72,960000,20,0,40,9999,0.100000,0,0,0.000000,8,0.000000,0.000000,0.079399,0,0,0,0,0,0,0
96,969999,73,960000,69,710000,40,9999,0.100000,0,0,0.000000,8,0.000000,0.000000,0.171126,0,0,0,0,0,0,0
96,969999,74,960000,84,650000,40,9999,0.100000,0,0,0.000000,8,0.000000,0.000000,0.387545,0,0,0,0,0,0,0
96,969999,75,960000,72,150000,40,9999,0.100000,0,0,0.000000,8,0.000000,0.000000,0.085874,0,0,0,0,0,0,0
96,969999,76,960000,69,720000,40,9999,0.100000,0,0,0.000000,8,0.000000,0.000000,0.236312,0,0,0,0,0,0,0
96,969999,77,960000,4,10000,40,9999,0.100000,0,0,0.000000,8,0.000000,0.000000,0.096896,0,0,0,0,0,0,0
96,969999,78,960000,4,10000,40,9999,0.100000,0,0,0.000000,8,0.000000,0.000000,0.136360,0,0,0,0,0,0,0
96,969999,79,960000,72,150000,40,9999,0.100000,0,0,0.000000,8,0.000000,0.000000,0.104813,0,0,0,0,0,0,0
96,969999,80,960000,20,0,40,9999,0.100000,0,0,0.000000,8,0.000000,0.000000,0.073434,0,0,0,0,0,0,0
96,969999,81,960000,69,710000,40,9999,0.100000,0,0,0.000000,8,0.000000,0.000000,23.957471,0,0,0,0,0,0,0
96,969999,82,960000,69,720000,40,9999,0.065000,0,0,0.000000,8,0.000000,0.000000,0.071173,0,0,0,0,0,0,0
96,969999,83,960000,72,150000,40,9999,0.100000,0,0,0.000000,8,0.000000,0.000000,0.082698,0,0,0,0,0,0,0
96,969999,84,960000,69,710000,40,9999,0.100000,0,0,0.000000,8,0.000000,0.000000,0.180918,0,0,0,0,0,0,0
96,969999,85,960000,69,720000,40,9999,0.100000,0,0,0.000000,8,0.000000,0.000000,0.106150,0,0,0,0,0,0,0
96,969999,86,960000,69,720000,40,9999,0.100000,0,0,0.000000,8,0.000000,0.000000,0.120344,0,0,0,0,0,0,0
96,969999,87,960000,69,720000,40,9999,0.100000,0,0,0.000000,8,0.000000,0.000000,0.386226,0,0,0,0,0,0,0
96,969999,88,960000,4,10000,49,9999,0.100000,0,0,0.000000,8,1.000000,0.000000,1.692428,0,0,0,0,0,0,0
96,969999,89,960000,4,10000,40,9999,0.100000,0,0,0.000000,8,0.000000,0.000000,0.081544,0,0,0,0,0,0,0
96,969999,90,960000,69,710000,40,9999,0.100000,0,0,0.000000,8,0.000000,0.000000,3.427024,0,0,0,0,0,0,0
96,969999,91,960000,0,40000,40,9999,0.100000,0,0,0.000000,8,0.000000,0.000000,0.759202,0,0,0,0,0,0,0
96,969999,92,960000,69,720000,40,9999,0.065000,0,0,0.000000,8,0.000000,0.000000,0.236341,0,0,0,0,0,0,0
96,969999,93,960000,69,720000,40,9999,0.100000,0,0,0.000000,8,0.000000,0.000000,0.088077,0,0,0,0,0,0,0
96,969999,94,960000,0,60000,40,9999,0.100000,0,0,0.000000,8,0.000000,0.000000,0.340201,0,0,0,0,0,0,0
96,969999,95,960000,0,60000,40,9999,0.100000,0,0,0.000000,8,0.000000,0.000000,0.366458,0,0,0,0,0,0,0
96,969999,96,960000,4,10000,40,9999,0.100000,0,0,0.000000,8,0.000000,0.000000,0.138594,0,0,0,0,0,0,0
96,969999,97,960000,20,0,40,9999,0.100000,0,0,0.000000,8,0.000000,0.000000,0.529562,0,0,0,0,0,0,0
96,969999,98,960000,4,10000,40,9999,0.100000,0,0,0.000000,8,0.000000,0.000000,0.065300,0,0,0,0,0,0,0
96,969999,99,960000,84,650000,40,9999,0.100000,0,0,0.000000,8,0.000000,0.000000,0.565048,0,0,0,0,0,0,0
97,979999,0,970000,72,150000,40,9999,0.100000,0,0,0.000000,8,0.000000,0.000000,0.231783,0,0,0,0,0,0,0
97,979999,1,970000,69,720000,40,9999,0.100000,0,0,0.000000,8,0.000000,0.000000,0.101531,0,0,0,0,0,0,0
97,979999,2,970000,69,720000,40,9999,0.100000,0,0,0.000000,8,0.000000,0.000000,0.078075,0,0,0,0,0,0,0
97,979999,3,970000,72,150000,40,9999,0.100000,0,0,0.000000,8,0.000000,0.000000,1.385521,0,0,0,0,0,0,0
97,979999,4,970000,4,10000,40,9999,0.100000,0,0,0.000000,8,0.000000,0.000000,0.281281,0,0,0,0,0,0,0
97,979999,5,970000,0,60000,40,9999,0.100000,0,0,0.000000,8,0.000000,0.000000,1.093366,0,0,0,0,0,0,0
97,979999,6,970000,72,150000,40,9999,0.100000,0,0,0.000000,8,0.000000,0.000000,0.143448,0,0,0,0,0,0,0
97,979999,7,970000,69,710000,40,9999,0.100000,0,0,0.000000,8,0.000000,0.000000,0.219138,0,0,0,0,0,0,0
97,979999,8,970000,0,40000,40,9999,0.100000,0,0,0.000000,8,0.000000,0.000000,2.183326,0,0,0,0,0,0,0
97,979999,9,970000,69,710000,40,9999,0.100000,0,0,0.000000,8,0.000000,0.000000,0.161857,0,0,0,0,0,0,0
97,979999,10,970000,69,710000,40,9999,0.100000,0,0,0.000000,8,0.000000,0.000000,0.863109,0,0,0,0,0,0,0
97,979999,11,970000,20,0,40,9999,0.100000,0,0,0.000000,8,0.000000,0.000000,0.060106,0,0,0,0,0,0,0
97,979999,12,970000,72,150000,40,9999,0.100000,0,0,0.000000,8,0.000000,0.000000,0.794753,0,0,0,0,0,0,0
97,979999,13,970000,0,40000,40,9999,0.100000,0,0,0.000000,8,0.000000,0.000000,0.130718,0,0,0,0,0,0,0
97,979999,14,970000,69,720000,40,9999,0.100000,0,0,0.000000,8,0.000000,0.000000,0.127579,0,0,0,0,0,0,0
97,979999,15,970000,20,0,40,9999,0.100000,0,0,0.000000,8,0.000000,0.000000,0.235002,0,0,0,0,0,0,0
97,979999,16,970000,4,10000,40,9999,0.100000,0,0,0.000000,8,0.000000,0.000000,0.808783,0,0,0,0,0,0,0
97,979999,17,970000,4,10000,40,9999,0.100000,0,0,0.000000,8,0.000000,0.000000,0.095150,0,0,0,0,0,0,0
97,979999,18,970000,69,710000,40,9999,0.100000,0,0,0.000000,8,0.000000,0.000000,0.244034,0,0,0,0,0,0,0
97,979999,19,970000,84,650000,40,9999,0.100000,0,0,0.000000,8,0.000000,0.000000,0.207805,0,0,0,0,0,0,0
97,979999,20,970000,0,60000,40,9999,0.100000,0,0,0.000000,8,0.000000,0.000000,0.796256,0,0,0,0,0,0,0
97,979999,21,970000,69,710000,40,9999,0.100000,0,0,0.000000,8,0.000000,0.000000,10.555668,0,0,0,0,0,0,0
97,979999,22,970000,0,40000,40,9999,0.100000,0,0,0.000000,8,0.000000,0.000000,0.918395,0,0,0,0,0,0,0
97,979999,23,970000,84,650000,40,9999,0.100000,0,0,0.000000,8,0.000000,0.000000,0.216378,0,0,0,0,0,0,0
97,979999,24,970000,84,650000,40,9999,0.100000,0,0,0.000000,8,0.000000,0.000000,0.315785,0,0,0,0,0,0,0
97,979999,25,970000,72,150000,40,9999,0.100000,0,0,0.000000,8,0.000000,0.000000,0.130910,0,0,0,0,0,0,0
97,979999,26,970000,20,0,40,9999,0.100000,0,0,0.000000,8,0.000000,0.000000,0.073113,0,0,0,0,0,0,0
97,979999,27,970000,20,0,40,9999,0.100000,0,0,0.000000,8,0.000000,0.000000,3.969158,0,0,0,0,0,0,0
97,979999,28,970000,4,10000,40,9999,0.100000,0,0,0.000000,8,0.000000,0.000000,0.071612,0,0,0,0,0,0,0
97,979999,29,970000,72,150000,49,9999,0.100000,0,0,0.000000,8,2.000000,0.000000,6.866242,0,0,0,0,0,0,0
97,979999,30,970000,72,150000,40,9999,0.100000,0,0,0.000000,8,0.000000,0.000000,0.126239,0,0,0,0,0,0,0
97,979999,31,970000,20,0,40,9999,0.100000,0,0,0.000000,8,0.000000,0.000000,2.436723,0,0,0,0,0,0,0
97,979999,32,970000,69,710000,40,9999,0.100000,0,0,0.000000,8,0.000000,0.000000,0.246918,0,0,0,0,0,0,0
97,979999,33,970000,20,0,40,9999,0.100000,0,0,0.000000,8,0.000000,0.000000,0.427814,0,0,0,0,0,0,0
97,979999,34,970000,20,0,40,9999,0.100000,0,0,0.000000,8,0.000000,0.000000,0.071077,0,0,0,0,0,0,0
97,979999,35,970000,69,710000,40,9999,0.100000,0,0,0.000000,8,0.000000,0.000000,0.376846,0,0,0,0,0,0,0
97,979999,36,970000,20,0,40,9999,0.100000,0,0,0.000000,8,0.000000,0.000000,0.247791,0,0,0,0,0,0,0
97,979999,37,970000,0,40000,40,9999,0.100000,0,0,0.000000,8,0.000000,0.000000,0.800005,0,0,0,0,0,0,0
97,979999,38,970000,69,720000,40,9999,0.100000,0,0,0.000000,8,0.000000,0.000000,0.765303,0,0,0,0,0,0,0
97,979999,39,970000,0,40000,40,9999,0.100000,0,0,0.000000,8,0.000000,0.000000,6.568573,0,0,0,0,0,0,0
97,979999,40,970000,20,0,40,9999,0.100000,0,0,0.000000,8,0.000000,0.000000,0.117522,0,0,0,0,0,0,0
97,979999,41,970000,69,710000,40,9999,0.100000,0,0,0.000000,8,0.000000,0.000000,0.584862,0,0,0,0,0,0,0
97,979999,42,970000,4,10000,40,9999,0.100000,0,0,0.000000,8,0.000000,0.000000,0.180811,0,0,0,0,0,0,0
97,979999,43,970000,69,720000,40,9999,0.100000,0,0,0.000000,8,0.000000,0.000000,0.095844,0,0,0,0,0,0,0
97,979999,44,970000,4,10000,40,9999,0.100000,0,0,0.000000,8,0.000000,0.000000,0.229325,0,0,0,0,0,0,0
97,979999,45,970000,20,0,40,9999,0.100000,0,0,0.000000,8,0.000000,0.000000,0.249041,0,0,0,0,0,0,0
97,979999,46,970000,0,40000,40,9999,0.100000,0,0,0.000000,8,0.000000,0.000000,0.241482,0,0,0,0,0,0,0
97,979999,47,970000,4,10000,49,9999,0.100000,0,0,0.000000,8,8.000000,0.000000,16.577469,0,0,0,0,0,0,0
97,979999,48,970000,20,0,40,9999,0.100000,0,0,0.000000,8,0.000000,0.000000,0.428703,0,0,0,0,0,0,0
97,979999,49,970000,84,650000,40,9999,0.100000,0,0,0.000000,8,0.000000,0.000000,0.155348,0,0,0,0,0,0,0
97,979999,50,970000,20,0,40,9999,0.100000,0,0,0.000000,8,0.000000,0.000000,0.237329,0,0,0,0,0,0,0
97,979999,51,970000,4,10000,40,9999,0.100000,0,0,0.000000,8,0.000000,0.000000,0.152255,0,0,0,0,0,0,0
97,979999,52,970000,20,0,40,9999,0.100000,0,0,0.000000,8,0.000000,0.000000,0.069262,0,0,0,0,0,0,0
97,979999,53,970000,84,650000,40,9999,0.100000,0,0,0.000000,8,0.000000,0.000000,0.095802,0,0,0,0,0,0,0
97,979999,54,970000,4,10000,0,9999,0.100000,0,0,0.000000,8,0.000000,0.000000,0.583792,0,0,0,0,0,0,5
97,979999,55,970000,0,40000,49,9999,0.100000,0,0,0.000000,8,5.000000,0.000000,11.231083,0,0,0,0,0,0,0
97,979999,56,970000,72,150000,40,9999,0.100000,0,0,0.000000,8,0.000000,0.000000,0.097423,0,0,0,0,0,0,0
97,979999,57,970000,0,40000,40,9999,0.100000,0,0,0.000000,8,0.000000,0.000000,0.886314,0,0,0,0,0,0,0
97,979999,58,970000,4,10000,40,9999,0.100000,0,0,0.000000,8,0.000000,0.000000,0.137793,0,0,0,0,0,0,0
97,979999,59,970000,4,10000,40,9999,0.100000,0,0,0.000000,8,0.000000,0.000000,0.463768,0,0,0,0,0,0,0
97,979999,60,970000,4,10000,40,9999,0.100000,0,0,0.000000,8,0.000000,0.000000,0.164597,0,0,0,0,0,0,0
97,979999,61,970000,72,150000,40,9999,0.100000,0,0,0.000000,8,0.000000,0.000000,0.833811,0,0,0,0,0,0,0
97,979999,62,970000,69,710000,40,9999,0.100000,0,0,0.000000,8,0.000000,0.000000,0.009345,0,0,0,0,0,0,0
97,979999,63,970000,0,60000,40,9999,0.100000,0,0,0.000000,8,0.000000,0.000000,0.082421,0,0,0,0,0,0,0
97,979999,64,970000,0,60000,40,9999,0.100000,0,0,0.000000,8,0.000000,0.000000,0.685567,0,0,0,0,0,0,0
97,979999,65,970000,20,0,40,9999,0.100000,0,0,0.000000,8,0.000000,0.000000,0.200208,0,0,0,0,0,0,0
97,979999,66,970000,4,10000,40,9999,0.100000,0,0,0.000000,8,0.000000,0.000000,0.527286,0,0,0,0,0,0,0
97,979999,67,970000,20,0,40,9999,0.100000,0,0,0.000000,8,0.000000,0.000000,0.703661,0,0,0,0,0,0,0
97,979999,68,970000,0,40000,40,9999,0.100000,0,0,0.000000,8,0.000000,0.000000,3.259986,0,0,0,0,0,0,0
97,979999,69,970000,0,60000,40,9999,0.100000,0,0,0.000000,8,0.000000,0.000000,0.086954,0,0,0,0,0,0,0
97,979999,70,970000,4,10000,0,9999,0.100000,0,0,0.000000,8,0.000000,0.000000,0.333287,0,0,0,0,0,0,5
97,979999,71,970000,72,150000,40,9999,0.100000,0,0,0.000000,8,0.000000,0.000000,0.128221,0,0,0,0,0,0,0
97,979999,72,970000,69,710000,40,9999,0.100000,0,0,0.000000,8,0.000000,0.000000,0.093080,0,0,0,0,0,0,0
97,979999,73,970000,69,720000,40,9999,0.100000,0,0,0.000000,8,0.000000,0.000000,0.173493,0,0,0,0,0,0,0
97,979999,74,970000,20,0,40,9999,0.100000,0,0,0.000000,8,0.000000,0.000000,0.524231,0,0,0,0,0,0,0
97,979999,75,970000,20,0,40,9999,0.100000,0,0,0.000000,8,0.000000,0.000000,0.087069,0,0,0,0,0,0,0
97,979999,76,970000,0,60000,40,9999,0.100000,0,0,0.000000,8,0.000000,0.000000,0.235012,0,0,0,0,0,0,0
97,979999,77,970000,69,720000,40,9999,0.100000,0,0,0.000000,8,0.000000,0.000000,0.091772,0,0,0,0,0,0,0
97,979999,78,970000,69,710000,40,9999,0.100000,0,0,0.000000,8,0.000000,0.000000,0.132946,0,0,0,0,0,0,0
97,979999,79,970000,0,40000,40,9999,0.100000,0,0,0.000000,8,0.000000,0.000000,0.105991,0,0,0,0,0,0,0
97,979999,80,970000,20,0,40,9999,0.100000,0,0,0.000000,8,0.000000,0.000000,0.072629,0,0,0,0,0,0,0
97,979999,81,970000,72,150000,40,9999,0.100000,0,0,0.000000,8,0.000000,0.000000,23.874132,0,0,0,0,0,0,0
97,979999,82,970000,0,40000,40,9999,0.100000,0,0,0.000000,8,0.000000,0.000000,0.073115,0,0,0,0,0,0,0
97,979999,83,970000,0,40000,40,9999,0.100000,0,0,0.000000,8,0.000000,0.000000,0.083391,0,0,0,0,0,0,0
97,979999,84,970000,4,10000,40,9999,0.100000,0,0,0.000000,8,0.000000,0.000000,0.183527,0,0,0,0,0,0,0
97,979999,85,970000,72,150000,40,9999,0.100000,0,0,0.000000,8,0.000000,0.000000,0.104601,0,0,0,0,0,0,0
97,979999,86,970000,72,150000,40,9999,0.100000,0,0,0.000000,8,0.000000,0.000000,0.123010,0,0,0,0,0,0,0
97,979999,87,970000,72,150000,40,9999,0.100000,0,0,0.000000,8,0.000000,0.000000,0.353565,0,0,0,0,0,0,0
97,979999,88,970000,20,0,49,9999,0.100000,0,0,0.000000,8,3.000000,0.000000,4.694205,0,0,0,0,0,0,0
97,979999,89,970000,4,10000,49,9999,0.100000,0,0,0.000000,8,3.000000,0.000000,7.698538,0,0,0,0,0,0,0
97,979999,90,970000,20,0,40,9999,0.100000,0,0,0.000000,8,0.000000,0.000000,3.090417,0,0,0,0,0,0,0
97,979999,91,970000,4,10000,40,9999,0.100000,0,0,0.000000,8,0.000000,0.000000,0.734372,0,0,0,0,0,0,0
97,979999,92,970000,72,150000,40,9999,0.100000,0,0,0.000000,8,0.000000,0.000000,0.236268,0,0,0,0,0,0,0
97,979999,93,970000,4,10000,40,9999,0.100000,0,0,0.000000,8,0.000000,0.000000,0.088364,0,0,0,0,0,0,0
97,979999,94,970000,84,650000,40,9999,0.100000,0,0,0.000000,8,0.000000,0.000000,0.393130,0,0,0,0,0,0,0
97,979999,95,970000,4,10000,40,9999,0.100000,0,0,0.000000,8,0.000000,0.000000,0.382910,0,0,0,0,0,0,0
97,979999,96,970000,69,720000,40,9999,0.100000,0,0,0.000000,8,0.000000,0.000000,0.161269,0,0,0,0,0,0,0
97,979999,97,970000,69,710000,40,9999,0.100000,0,0,0.000000,8,0.000000,0.000000,0.258924,0,0,0,0,0,0,0
97,979999,98,970000,4,10000,40,9999,0.100000,0,0,0.000000,8,0.000000,0.000000,0.065108,0,0,0,0,0,0,0
97,979999,99,970000,84,650000,40,9999,0.100000,0,0,0.000000,8,0.000000,0.000000,0.539731,0,0,0,0,0,0,0
98,989999,0,980000,4,10000,40,9999,0.100000,0,0,0.000000,8,0.000000,0.000000,0.233207,0,0,0,0,0,0,0
98,989999,1,980000,0,60000,40,9999,0.100000,0,0,0.000000,8,0.000000,0.000000,0.099039,0,0,0,0,0,0,0
98,989999,2,980000,0,60000,40,9999,0.100000,0,0,0.000000,8,0.000000,0.000000,0.077744,0,0,0,0,0,0,0
98,989999,3,980000,69,710000,40,9999,0.100000,0,0,0.000000,8,0.000000,0.000000,1.380825,0,0,0,0,0,0,0
98,989999,4,980000,20,0,40,9999,0.100000,0,0,0.000000,8,0.000000,0.000000,0.282850,0,0,0,0,0,0,0
98,989999,5,980000,69,720000,40,9999,0.100000,0,0,0.000000,8,0.000000,0.000000,0.246029,0,0,0,0,0,0,0
98,989999,6,980000,84,650000,40,9999,0.065000,0,0,0.000000,8,0.000000,0.000000,0.144440,0,0,0,0,0,0,0
98,989999,7,980000,84,650000,40,9999,0.100000,0,0,0.000000,8,0.000000,0.000000,1.142324,0,0,0,0,0,0,0
98,989999,8,980000,0,40000,40,9999,0.100000,0,0,0.000000,8,0.000000,0.000000,2.417495,0,0,0,0,0,0,0
98,989999,9,980000,0,40000,40,9999,0.100000,0,0,0.000000,8,0.000000,0.000000,0.264790,0,0,0,0,0,0,0
98,989999,10,980000,0,60000,40,9999,0.100000,0,0,0.000000,8,0.000000,0.000000,0.791647,0,0,0,0,0,0,0
98,989999,11,980000,84,650000,40,9999,0.100000,0,0,0.000000,8,0.000000,0.000000,0.058861,0,0,0,0,0,0,0
98,989999,12,980000,69,720000,49,9999,0.100000,0,0,0.000000,8,7.000000,0.000000,10.258784,0,0,0,0,0,0,0
98,989999,13,980000,69,710000,40,9999,0.100000,0,0,0.000000,8,0.000000,0.000000,0.129627,0,0,0,0,0,0,0
98,989999,14,980000,69,720000,40,9999,0.100000,0,0,0.000000,8,0.000000,0.000000,0.294643,0,0,0,0,0,0,0
98,989999,15,980000,4,10000,40,9999,0.100000,0,0,0.000000,8,0.000000,0.000000,0.237416,0,0,0,0,0,0,0
98,989999,16,980000,4,10000,49,9999,0.100000,0,0,0.000000,8,1.000000,0.000000,1.707644,0,0,0,0,0,0,0
98,989999,17,980000,20,0,40,9999,0.100000,0,0,0.000000,8,0.000000,0.000000,0.273884,0,0,0,0,0,0,0
98,989999,18,980000,20,0,40,9999,0.100000,0,0,0.000000,8,0.000000,0.000000,0.241957,0,0,0,0,0,0,0
98,989999,19,980000,20,0,40,9999,0.100000,0,0,0.000000,8,0.000000,0.000000,0.208757,0,0,0,0,0,0,0
98,989999,20,980000,69,710000,40,9999,0.100000,0,0,0.000000,8,0.000000,0.000000,0.782770,0,0,0,0,0,0,0
98,989999,21,980000,0,60000,40,9999,0.100000,0,0,0.000000,8,0.000000,0.000000,11.425144,0,0,0,0,0,0,0
98,989999,22,980000,0,40000,40,9999,0.100000,0,0,0.000000,8,0.000000,0.000000,1.632877,0,0,0,0,0,0,0
98,989999,23,980000,4,10000,40,9999,0.100000,0,0,0.000000,8,0.000000,0.000000,0.226219,0,0,0,0,0,0,0
98,989999,24,980000,4,10000,40,9999,0.100000,0,0,0.000000,8,0.000000,0.000000,0.307499,0,0,0,0,0,0,0
98,989999,25,980000,69,720000,40,9999,0.100000,0,0,0.000000,8,0.000000,0.000000,0.120246,0,0,0,0,0,0,0
98,989999,26,980000,69,710000,40,9999,0.100000,0,0,0.000000,8,0.000000,0.000000,0.075568,0,0,0,0,0,0,0
98,989999,27,980000,0,40000,40,9999,0.100000,0,0,0.000000,8,0.000000,0.000000,3.974106,0,0,0,0,0,0,0
98,989999,28,980000,20,0,40,9999,0.100000,0,0,0.000000,8,0.000000,0.000000,0.069261,0,0,0,0,0,0,0
98,989999,29,980000,69,710000,40,9999,0.100000,0,0,0.000000,8,0.000000,0.000000,1.012480,0,0,0,0,0,0,0
98,989999,30,980000,69,710000,40,9999,0.135000,0,0,0.000000,8,0.000000,0.000000,0.129804,0,0,0,0,0,0,0
98,989999,31,980000,0,40000,40,9999,0.100000,0,0,0.000000,8,0.000000,0.000000,1.539309,0,0,0,0,0,0,0
98,989999,32,980000,0,40000,40,9999,0.100000,0,0,0.000000,8,0.000000,0.000000,0.237218,0,0,0,0,0,0,0
98,989999,33,980000,69,720000,49,9999,0.100000,0,0,0.000000,8,1.000000,0.000000,11.564820,0,0,0,0,0,0,0
98,989999,34,980000,0,40000,40,9999,0.100000,0,0,0.000000,8,0.000000,0.000000,0.241449,0,0,0,0,0,0,0
98,989999,35,980000,4,10000,40,9999,0.100000,0,0,0.000000,8,0.000000,0.000000,0.161346,0,0,0,0,0,0,0
98,989999,36,980000,0,40000,40,9999,0.100000,0,0,0.000000,8,0.000000,0.000000,0.242066,0,0,0,0,0,0,0
98,989999,37,980000,0,40000,40,9999,0.100000,0,0,0.000000,8,0.000000,0.000000,0.873446,0,0,0,0,0,0,0
98,989999,38,980000,72,150000,40,9999,0.100000,0,0,0.000000,8,0.000000,0.000000,0.751953,0,0,0,0,0,0,0
98,989999,39,980000,0,40000,40,9999,0.100000,0,0,0.000000,8,0.000000,0.000000,12.030198,0,0,0,0,0,0,0
98,989999,40,980000,20,0,40,9999,0.100000,0,0,0.000000,8,0.000000,0.000000,0.117154,0,0,0,0,0,0,0
98,989999,41,980000,0,60000,40,9999,0.100000,0,0,0.000000,8,0.000000,0.000000,0.569244,0,0,0,0,0,0,0
98,989999,42,980000,20,0,40,9999,0.100000,0,0,0.000000,8,0.000000,0.000000,0.269790,0,0,0,0,0,0,0
98,989999,43,980000,0,60000,40,9999,0.100000,0,0,0.000000,8,0.000000,0.000000,0.095503,0,0,0,0,0,0,0
98,989999,44,980000,4,10000,40,9999,0.100000,0,0,0.000000,8,0.000000,0.000000,0.231981,0,0,0,0,0,0,0
98,989999,45,980000,72,150000,40,9999,0.100000,0,0,0.000000,8,0.000000,0.000000,0.238938,0,0,0,0,0,0,0
98,989999,46,980000,20,0,40,9999,0.100000,0,0,0.000000,8,0.000000,0.000000,0.235604,0,0,0,0,0,0,0
98,989999,47,980000,84,650000,40,9999,0.100000,0,0,0.000000,8,0.000000,0.000000,0.088424,0,0,0,0,0,0,0
98,989999,48,980000,0,60000,49,9999,0.100000,0,0,0.000000,8,1.000000,0.000000,1.364087,0,0,0,0,0,0,0
98,989999,49,980000,0,40000,40,9999,0.100000,0,0,0.000000,8,0.000000,0.000000,0.154164,0,0,0,0,0,0,0
98,989999,50,980000,72,150000,40,9999,0.100000,0,0,0.000000,8,0.000000,0.000000,0.253024,0,0,0,0,0,0,0
98,989999,51,980000,0,60000,40,9999,0.100000,0,0,0.000000,8,0.000000,0.000000,0.151110,0,0,0,0,0,0,0
98,989999,52,980000,69,710000,40,9999,0.100000,0,0,0.000000,8,0.000000,0.000000,0.069997,0,0,0,0,0,0,0
98,989999,53,980000,0,60000,40,9999,0.100000,0,0,0.000000,8,0.000000,0.000000,0.095981,0,0,0,0,0,0,0
98,989999,54,980000,72,150000,40,9999,0.100000,0,0,0.000000,8,0.000000,0.000000,1.695615,0,0,0,0,0,0,0
98,989999,55,980000,0,40000,40,9999,0.100000,0,0,0.000000,8,0.000000,0.000000,0.184764,0,0,0,0,0,0,0
98,989999,56,980000,72,150000,40,9999,0.100000,0,0,0.000000,8,0.000000,0.000000,0.097999,0,0,0,0,0,0,0
98,989999,57,980000,4,10000,49,9999,0.100000,0,0,0.000000,8,2.000000,0.000000,5.181333,0,0,0,0,0,0,0
98,989999,58,980000,20,0,40,9999,0.100000,0,0,0.000000,8,0.000000,0.000000,0.135361,0,0,0,0,0,0,0
98,989999,59,980000,0,60000,40,9999,0.100000,0,0,0.000000,8,0.000000,0.000000,0.496392,0,0,0,0,0,0,0
98,989999,60,980000,72,150000,40,9999,0.100000,0,0,0.000000,8,0.000000,0.000000,0.165597,0,0,0,0,0,0,0
98,989999,61,980000,84,650000,40,9999,0.100000,0,0,0.000000,8,0.000000,0.000000,0.251356,0,0,0,0,0,0,0
98,989999,62,980000,69,710000,40,9999,0.100000,0,0,0.000000,8,0.000000,0.000000,0.009390,0,0,0,0,0,0,0
98,989999,63,980000,72,150000,40,9999,0.100000,0,0,0.000000,8,0.000000,0.000000,0.085962,0,0,0,0,0,0,0
98,989999,64,980000,69,720000,40,9999,0.100000,0,0,0.000000,8,0.000000,0.000000,0.662079,0,0,0,0,0,0,0
98,989999,65,980000,4,10000,40,9999,0.100000,0,0,0.000000,8,0.000000,0.000000,0.201466,0,0,0,0,0,0,0
98,989999,66,980000,0,60000,40,9999,0.100000,0,0,0.000000,8,0.000000,0.000000,0.506286,0,0,0,0,0,0,0
98,989999,67,980000,69,710000,40,9999,0.100000,0,0,0.000000,8,0.000000,0.000000,1.296372,0,0,0,0,0,0,0
98,989999,68,980000,20,0,40,9999,0.100000,0,0,0.000000,8,0.000000,0.000000,3.177630,0,0,0,0,0,0,0
98,989999,69,980000,84,650000,40,9999,0.100000,0,0,0.000000,8,0.000000,0.000000,0.082613,0,0,0,0,0,0,0
98,989999,70,980000,84,650000,40,9999,0.100000,0,0,0.000000,8,0.000000,0.000000,0.513970,0,0,0,0,0,0,0
98,989999,71,980000,69,710000,40,9999,0.100000,0,0,0.000000,8,0.000000,0.000000,0.123154,0,0,0,0,0,0,0
98,989999,72,980000,4,10000,40,9999,0.100000,0,0,0.000000,8,0.000000,0.000000,0.095356,0,0,0,0,0,0,0
98,989999,73,980000,84,650000,40,9999,0.100000,0,0,0.000000,8,0.000000,0.000000,0.167708,0,0,0,0,0,0,0
98,989999,74,980000,69,720000,40,9999,0.100000,0,0,0.000000,8,0.000000,0.000000,0.412451,0,0,0,0,0,0,0
98,989999,75,980000,72,150000,40,9999,0.100000,0,0,0.000000,8,0.000000,0.000000,0.087339,0,0,0,0,0,0,0
98,989999,76,980000,72,150000,40,9999,0.100000,0,0,0.000000,8,0.000000,0.000000,0.237764,0,0,0,0,0,0,0
98,989999,77,980000,69,720000,49,9999,0.100000,0,0,0.000000,8,5.000000,0.000000,10.908237,0,0,0,0,0,0,0
98,989999,78,980000,0,40000,40,9999,0.100000,0,0,0.000000,8,0.000000,0.000000,0.138089,0,0,0,0,0,0,0
98,989999,79,980000,0,40000,40,9999,0.100000,0,0,0.000000,8,0.000000,0.000000,0.099257,0,0,0,0,0,0,0
98,989999,80,980000,69,720000,40,9999,0.100000,0,0,0.000000,8,0.000000,0.000000,0.074504,0,0,0,0,0,0,0
98,989999,81,980000,0,60000,40,9999,0.100000,0,0,0.000000,8,0.000000,0.000000,3.272157,0,0,0,0,0,0,0
98,989999,82,980000,69,720000,40,9999,0.100000,0,0,0.000000,8,0.000000,0.000000,0.188310,0,0,0,0,0,0,0
98,989999,83,980000,0,60000,40,9999,0.100000,0,0,0.000000,8,0.000000,0.000000,0.083069,0,0,0,0,0,0,0
98,989999,84,980000,0,60000,40,9999,0.100000,0,0,0.000000,8,0.000000,0.000000,0.249338,0,0,0,0,0,0,0
98,989999,85,980000,0,60000,40,9999,0.100000,0,0,0.000000,8,0.000000,0.000000,0.112711,0,0,0,0,0,0,0
98,989999,86,980000,20,0,40,9999,0.100000,0,0,0.000000,8,0.000000,0.000000,0.121207,0,0,0,0,0,0,0
98,989999,87,980000,4,10000,40,9999,0.100000,0,0,0.000000,8,0.000000,0.000000,0.347396,0,0,0,0,0,0,0
98,989999,88,980000,69,720000,49,9999,0.100000,0,0,0.000000,8,1.000000,0.000000,1.340727,0,0,0,0,0,0,0
98,989999,89,980000,4,10000,40,9999,0.100000,0,0,0.000000,8,0.000000,0.000000,0.079642,0,0,0,0,0,0,0
98,989999,90,980000,72,150000,40,9999,0.100000,0,0,0.000000,8,0.000000,0.000000,3.293849,0,0,0,0,0,0,0
98,989999,91,980000,0,60000,49,9999,0.100000,0,0,0.000000,8,9.000000,0.000000,18.730746,0,0,0,0,0,0,0
98,989999,92,980000,69,710000,40,9999,0.100000,0,0,0.000000,8,0.000000,0.000000,0.241024,0,0,0,0,0,0,0
98,989999,93,980000,0,40000,40,9999,0.100000,0,0,0.000000,8,0.000000,0.000000,0.088347,0,0,0,0,0,0,0
98,989999,94,980000,69,720000,40,9999,0.100000,0,0,0.000000,8,0.000000,0.000000,0.410675,0,0,0,0,0,0,0
98,989999,95,980000,72,150000,40,9999,0.100000,0,0,0.000000,8,0.000000,0.000000,0.369903,0,0,0,0,0,0,0
98,989999,96,980000,0,60000,40,9999,0.100000,0,0,0.000000,8,0.000000,0.000000,0.206106,0,0,0,0,0,0,0
98,989999,97,980000,4,10000,40,9999,0.100000,0,0,0.000000,8,0.000000,0.000000,0.256594,0,0,0,0,0,0,0
98,989999,98,980000,20,0,40,9999,0.100000,0,0,0.000000,8,0.000000,0.000000,0.065564,0,0,0,0,0,0,0
98,989999,99,980000,72,150000,40,9999,0.100000,0,0,0.000000,8,0.000000,0.000000,0.504713,0,0,0,0,0,0,0
99,999999,0,990000,20,0,40,9999,0.100000,0,0,0.000000,8,0.000000,0.000000,0.239269,0,0,0,0,0,0,0
99,999999,1,990000,84,650000,40,9999,0.100000,0,0,0.000000,8,0.000000,0.000000,0.099506,0,0,0,0,0,0,0
99,999999,2,990000,72,150000,40,9999,0.100000,0,0,0.000000,8,0.000000,0.000000,0.078754,0,0,0,0,0,0,0
99,999999,3,990000,84,650000,40,9999,0.100000,0,0,0.000000,8,0.000000,0.000000,1.368565,0,0,0,0,0,0,0
99,999999,4,990000,72,150000,40,9999,0.100000,0,0,0.000000,8,0.000000,0.000000,0.277938,0,0,0,0,0,0,0
99,999999,5,990000,69,710000,40,9999,0.100000,0,0,0.000000,8,0.000000,0.000000,0.137991,0,0,0,0,0,0,0
99,999999,6,990000,20,0,40,9999,0.100000,0,0,0.000000,8,0.000000,0.000000,0.138874,0,0,0,0,0,0,0
99,999999,7,990000,69,710000,40,9999,0.100000,0,0,0.000000,8,0.000000,0.000000,1.234826,0,0,0,0,0,0,0
99,999999,8,990000,84,650000,40,9999,0.100000,0,0,0.000000,8,0.000000,0.000000,3.307629,0,0,0,0,0,0,0
99,999999,9,990000,20,0,40,9999,0.100000,0,0,0.000000,8,0.000000,0.000000,0.283849,0,0,0,0,0,0,0
99,999999,10,990000,69,710000,40,9999,0.100000,0,0,0.000000,8,0.000000,0.000000,1.046488,0,0,0,0,0,0,0
99,999999,11,990000,72,150000,40,9999,0.100000,0,0,0.000000,8,0.000000,0.000000,0.059959,0,0,0,0,0,0,0
99,999999,12,990000,72,150000,40,9999,0.100000,0,0,0.000000,8,0.000000,0.000000,0.245808,0,0,0,0,0,0,0
99,999999,13,990000,69,720000,40,9999,0.100000,0,0,0.000000,8,0.000000,0.000000,0.132725,0,0,0,0,0,0,0
99,999999,14,990000,72,150000,40,9999,0.100000,0,0,0.000000,8,0.000000,0.000000,0.337030,0,0,0,0,0,0,0
99,999999,15,990000,72,150000,40,9999,0.100000,0,0,0.000000,8,0.000000,0.000000,0.233047,0,0,0,0,0,0,0
99,999999,16,990000,20,0,40,9999,0.100000,0,0,0.000000,8,0.000000,0.000000,5.360041,0,0,0,0,0,0,0
99,999999,17,990000,4,10000,40,9999,0.100000,0,0,0.000000,8,0.000000,0.000000,0.329380,0,0,0,0,0,0,0
99,999999,18,990000,4,10000,40,9999,0.100000,0,0,0.000000,8,0.000000,0.000000,0.238397,0,0,0,0,0,0,0
99,999999,19,990000,20,0,40,9999,0.100000,0,0,0.000000,8,0.000000,0.000000,0.201233,0,0,0,0,0,0,0
99,999999,20,990000,72,150000,40,9999,0.100000,0,0,0.000000,8,0.000000,0.000000,0.721848,0,0,0,0,0,0,0
99,999999,21,990000,0,60000,40,9999,0.100000,0,0,0.000000,8,0.000000,0.000000,10.548982,0,0,0,0,0,0,0
99,999999,22,990000,20,0,40,9999,0.100000,0,0,0.000000,8,0.000000,0.000000,1.046800,0,0,0,0,0,0,0
99,999999,23,990000,69,710000,40,9999,0.100000,0,0,0.000000,8,0.000000,0.000000,0.226485,0,0,0,0,0,0,0
99,999999,24,990000,0,60000,40,9999,0.100000,0,0,0.000000,8,0.000000,0.000000,0.311322,0,0,0,0,0,0,0
99,999999,25,990000,4,10000,40,9999,0.100000,0,0,0.000000,8,0.000000,0.000000,0.403506,0,0,0,0,0,0,0
99,999999,26,990000,69,720000,40,9999,0.100000,0,0,0.000000,8,0.000000,0.000000,0.072317,0,0,0,0,0,0,0
99,999999,27,990000,84,650000,40,9999,0.100000,0,0,0.000000,8,0.000000,0.000000,3.950419,0,0,0,0,0,0,0
99,999999,28,990000,0,40000,40,9999,0.100000,0,0,0.000000,8,0.000000,0.000000,0.083996,0,0,0,0,0,0,0
99,999999,29,990000,20,0,40,9999,0.100000,0,0,0.000000,8,0.000000,0.000000,0.661148,0,0,0,0,0,0,0
99,999999,30,990000,69,720000,40,9999,0.100000,0,0,0.000000,8,0.000000,0.000000,0.128913,0,0,0,0,0,0,0
99,999999,31,990000,0,40000,40,9999,0.100000,0,0,0.000000,8,0.000000,0.000000,0.877195,0,0,0,0,0,0,0
99,999999,32,990000,72,150000,40,9999,0.100000,0,0,0.000000,8,0.000000,0.000000,0.232300,0,0,0,0,0,0,0
99,999999,33,990000,0,60000,40,9999,0.100000,0,0,0.000000,8,0.000000,0.000000,0.853454,0,0,0,0,0,0,0
99,999999,34,990000,4,10000,40,9999,0.100000,0,0,0.000000,8,0.000000,0.000000,0.960143,0,0,0,0,0,0,0
99,999999,35,990000,72,150000,40,9999,0.100000,0,0,0.000000,8,0.000000,0.000000,0.156511,0,0,0,0,0,0,0
99,999999,36,990000,84,650000,40,9999,0.100000,0,0,0.000000,8,0.000000,0.000000,0.222264,0,0,0,0,0,0,0
99,999999,37,990000,72,150000,40,9999,0.100000,0,0,0.000000,8,0.000000,0.000000,1.234826,0,0,0,0,0,0,0
99,999999,38,990000,69,710000,40,9999,0.100000,0,0,0.000000,8,0.000000,0.000000,0.687146,0,0,0,0,0,0,0
99,999999,39,990000,4,10000,40,9999,0.100000,0,0,0.000000,8,0.000000,0.000000,1.899690,0,0,0,0,0,0,0
99,999999,40,990000,0,60000,40,9999,0.100000,0,0,0.000000,8,0.000000,0.000000,0.117743,0,0,0,0,0,0,0
99,999999,41,990000,0,40000,40,9999,0.100000,0,0,0.000000,8,0.000000,0.000000,0.574408,0,0,0,0,0,0,0
99,999999,42,990000,84,650000,40,9999,0.100000,0,0,0.000000,8,0.000000,0.000000,0.244967,0,0,0,0,0,0,0
99,999999,43,990000,69,710000,40,9999,0.100000,0,0,0.000000,8,0.000000,0.000000,0.095645,0,0,0,0,0,0,0
99,999999,44,990000,20,0,40,9999,0.100000,0,0,0.000000,8,0.000000,0.000000,0.238887,0,0,0,0,0,0,0
99,999999,45,990000,69,710000,40,9999,0.100000,0,0,0.000000,8,0.000000,0.000000,0.225896,0,0,0,0,0,0,0
99,999999,46,990000,0,60000,40,9999,0.100000,0,0,0.000000,8,0.000000,0.000000,0.250925,0,0,0,0,0,0,0
99,999999,47,990000,69,720000,40,9999,0.100000,0,0,0.000000,8,0.000000,0.000000,0.083076,0,0,0,0,0,0,0
99,999999,48,990000,4,10000,49,9999,0.100000,0,0,0.000000,8,8.000000,0.000000,16.646471,0,0,0,0,0,0,0
99,999999,49,990000,72,150000,40,9999,0.100000,0,0,0.000000,8,0.000000,0.000000,0.109817,0,0,0,0,0,0,0
99,999999,50,990000,84,650000,40,9999,0.100000,0,0,0.000000,8,0.000000,0.000000,0.236613,0,0,0,0,0,0,0
99,999999,51,990000,69,720000,40,9999,0.100000,0,0,0.000000,8,0.000000,0.000000,0.149402,0,0,0,0,0,0,0
99,999999,52,990000,69,720000,40,9999,0.100000,0,0,0.000000,8,0.000000,0.000000,0.068731,0,0,0,0,0,0,0
99,999999,53,990000,20,0,40,9999,0.100000,0,0,0.000000,8,0.000000,0.000000,0.097314,0,0,0,0,0,0,0
99,999999,54,990000,69,710000,40,9999,0.100000,0,0,0.000000,8,0.000000,0.000000,0.183387,0,0,0,0,0,0,0
99,999999,55,990000,0,60000,40,9999,0.100000,0,0,0.000000,8,0.000000,0.000000,0.147100,0,0,0,0,0,0,0
99,999999,56,990000,4,10000,40,9999,0.100000,0,0,0.000000,8,0.000000,0.000000,0.096211,0,0,0,0,0,0,0
99,999999,57,990000,0,40000,40,9999,0.100000,0,0,0.000000,8,0.000000,0.000000,4.340358,0,0,0,0,0,0,0
99,999999,58,990000,69,720000,40,9999,0.100000,0,0,0.000000,8,0.000000,0.000000,0.979754,0,0,0,0,0,0,0
99,999999,59,990000,20,0,40,9999,0.100000,0,0,0.000000,8,0.000000,0.000000,0.461413,0,0,0,0,0,0,0
99,999999,60,990000,0,40000,49,9999,0.100000,0,0,0.000000,8,2.000000,0.000000,9.480125,0,0,0,0,0,0,0
99,999999,61,990000,72,150000,40,9999,0.100000,0,0,0.000000,8,0.000000,0.000000,0.170429,0,0,0,0,0,0,0
99,999999,62,990000,20,0,40,9999,0.100000,0,0,0.000000,8,0.000000,0.000000,0.009396,0,0,0,0,0,0,0
99,999999,63,990000,20,0,40,9999,0.100000,0,0,0.000000,8,0.000000,0.000000,0.087310,0,0,0,0,0,0,0
99,999999,64,990000,69,720000,40,9999,0.100000,0,0,0.000000,8,0.000000,0.000000,0.642701,0,0,0,0,0,0,0
99,999999,65,990000,4,10000,40,9999,0.100000,0,0,0.000000,8,0.000000,0.000000,0.195873,0,0,0,0,0,0,0
99,999999,66,990000,4,10000,40,9999,0.100000,0,0,0.000000,8,0.000000,0.000000,0.454608,0,0,0,0,0,0,0
99,999999,67,990000,69,710000,40,9999,0.100000,0,0,0.000000,8,0.000000,0.000000,0.521907,0,0,0,0,0,0,0
99,999999,68,990000,4,10000,40,9999,0.100000,0,0,0.000000,8,0.000000,0.000000,3.199265,0,0,0,0,0,0,0
99,999999,69,990000,69,720000,40,9999,0.100000,0,0,0.000000,8,0.000000,0.000000,1.797572,0,0,0,0,0,0,0
99,999999,70,990000,0,40000,40,9999,0.100000,0,0,0.000000,8,0.000000,0.000000,0.335353,0,0,0,0,0,0,0
99,999999,71,990000,72,150000,40,9999,0.100000,0,0,0.000000,8,0.000000,0.000000,0.127181,0,0,0,0,0,0,0
99,999999,72,990000,0,60000,40,9999,0.100000,0,0,0.000000,8,0.000000,0.000000,0.086010,0,0,0,0,0,0,0
99,999999,73,990000,72,150000,40,9999,0.100000,0,0,0.000000,8,0.000000,0.000000,0.167856,0,0,0,0,0,0,0
99,999999,74,990000,0,60000,40,9999,0.100000,0,0,0.000000,8,0.000000,0.000000,0.359373,0,0,0,0,0,0,0
99,999999,75,990000,0,40000,40,9999,0.100000,0,0,0.000000,8,0.000000,0.000000,0.088547,0,0,0,0,0,0,0
99,999999,76,990000,4,10000,40,9999,0.100000,0,0,0.000000,8,0.000000,0.000000,0.238712,0,0,0,0,0,0,0
99,999999,77,990000,0,40000,40,9999,0.100000,0,0,0.000000,8,0.000000,0.000000,0.095713,0,0,0,0,0,0,0
99,999999,78,990000,69,720000,40,9999,0.100000,0,0,0.000000,8,0.000000,0.000000,0.142388,0,0,0,0,0,0,0
99,999999,79,990000,69,720000,40,9999,0.100000,0,0,0.000000,8,0.000000,0.000000,0.086427,0,0,0,0,0,0,0
99,999999,80,990000,72,150000,40,9999,0.100000,0,0,0.000000,8,0.000000,0.000000,0.072832,0,0,0,0,0,0,0
99,999999,81,990000,84,650000,40,9999,0.100000,0,0,0.000000,8,0.000000,0.000000,0.605352,0,0,0,0,0,0,0
99,999999,82,990000,0,60000,40,9999,0.100000,0,0,0.000000,8,0.000000,0.000000,0.804848,0,0,0,0,0,0,0
99,999999,83,990000,4,10000,40,9999,0.100000,0,0,0.000000,8,0.000000,0.000000,0.083336,0,0,0,0,0,0,0
99,999999,84,990000,0,60000,40,9999,0.100000,0,0,0.000000,8,0.000000,0.000000,0.193102,0,0,0,0,0,0,0
99,999999,85,990000,20,0,40,9999,0.100000,0,0,0.000000,8,0.000000,0.000000,0.110130,0,0,0,0,0,0,0
99,999999,86,990000,69,720000,40,9999,0.100000,0,0,0.000000,8,0.000000,0.000000,0.124899,0,0,0,0,0,0,0
99,999999,87,990000,4,10000,40,9999,0.100000,0,0,0.000000,8,0.000000,0.000000,0.341386,0,0,0,0,0,0,0
99,999999,88,990000,72,150000,40,9999,0.100000,0,0,0.000000,8,0.000000,0.000000,1.648181,0,0,0,0,0,0,0
99,999999,89,990000,72,150000,49,9999,0.100000,0,0,0.000000,8,3.000000,0.000000,7.695219,0,0,0,0,0,0,0
99,999999,90,990000,0,40000,40,9999,0.100000,0,0,0.000000,8,0.000000,0.000000,2.937014,0,0,0,0,0,0,0
99,999999,91,990000,84,650000,40,9999,0.100000,0,0,0.000000,8,0.000000,0.000000,0.660098,0,0,0,0,0,0,0
99,999999,92,990000,72,150000,40,9999,0.100000,0,0,0.000000,8,0.000000,0.000000,1.673518,0,0,0,0,0,0,0
99,999999,93,990000,0,60000,49,9999,0.100000,0,0,0.000000,8,5.000000,0.000000,11.987441,0,0,0,0,0,0,0
99,999999,94,990000,0,40000,40,9999,0.100000,0,0,0.000000,8,0.000000,0.000000,0.353522,0,0,0,0,0,0,0
99,999999,95,990000,20,0,40,9999,0.100000,0,0,0.000000,8,0.000000,0.000000,0.389858,0,0,0,0,0,0,0
99,999999,96,990000,72,150000,40,9999,0.100000,0,0,0.000000,8,0.000000,0.000000,0.722838,0,0,0,0,0,0,0
99,999999,97,990000,72,150000,40,9999,0.100000,0,0,0.000000,8,0.000000,0.000000,0.233898,0,0,0,0,0,0,0
99,999999,98,990000,20,0,40,9999,0.100000,0,0,0.000000,8,0.000000,0.000000,0.077355,0,0,0,0,0,0,0
99,999999,99,990000,69,710000,40,9999,0.100000,0,0,0.000000,8,0.000000,0.000000,0.495694,0,0,0,0,0,0,0
