# lite logger
# generation,iteration,populationSize,minFitness,maxFitness,avgFitness,t0,t1,t2,t3,t4log:0,9999,100,0.000000,0.000000,0.000000,,,,,
log:1,19999,100,0.000000,34.210526,1.710526,,,,igma, 
log:2,29999,100,0.000000,34.210526,1.026316,, sigma, ,,
log:3,39999,100,0.000000,34.210526,0.684211,, sigma, ,gma, ,
log:4,49999,100,0.000000,0.000000,0.000000,,,,,
