# lite logger
# generation,iteration,populationSize,minFitness,maxFitness,avgFitness,t0,t1,t2,t3,t4log:0,9999,100,0.000000,81.308567,1.207434, sigma, ,,,,
log:1,19999,100,0.000000,71.809027,0.718090,,,,
log:2,29999,100,0.000000,0.000000,0.000000,,,,,
log:3,39999,100,0.000000,66.871623,0.668716,,,,
