# lite logger
# generation,iteration,populationSize,minFitness,maxFitness,avgFitness,t0,t1,t2,t3,t4log:0,9999,100,0.000000,0.000000,0.000000,,,,,
log:1,19999,100,0.000000,66.775483,0.986194, sigma, ,,,,
log:2,29999,100,0.000000,34.210526,1.003695, sigma, ,,,
log:3,39999,100,0.000000,0.000000,0.000000,,,,,
log:4,49999,100,0.000000,34.210526,1.710526,, sigma,  sigma, ,,
